10.0;46.1;32.6;0.0
7.5;61.6;31.4;0.0
6.6;65.9;22.1;0.0
8.3;77.6;26.9;0.0
5.8;86.2;34.7;0.0
7.5;96.6;43.4;0.0
6.6;105.1;34.1;0.0
97.3;131.3;41.6;0.0
14.1;137.7;9.8;0.0
5.8;151.4;41.4;0.0
0.8;154.2;32.4;0.0
8.3;157.4;0.4;0.0
8.3;157.4;0.0;0.0
9.1;157.4;0.0;0.0
8.3;157.4;0.0;0.0
7.5;157.6;0.0;0.0
8.3;157.6;0.0;0.0
9.1;157.6;0.0;0.0
8.3;157.6;0.0;0.0
7.5;158.3;0.4;0.0
3.3;158.3;9.4;0.0
8.3;158.3;0.0;0.0
8.3;158.4;0.0;0.0
32.4;195.0;0.9;0.0
78.2;197.3;15.1;0.0
72.4;202.5;12.2;0.0
99.8;201.2;0.0;0.0
80.7;201.7;0.0;0.0
8.3;202.2;0.0;0.0
8.3;200.2;0.4;4.0
8.3;231.1;433.6;0.0
8.3;231.3;378.1;0.0
8.3;231.3;344.7;0.0
8.3;231.3;339.7;0.0
7.5;262.6;228.9;0.0
8.3;262.6;0.2;68.0
8.3;262.6;0.4;128.0
8.3;232.3;0.3;64.0
9.1;0.0;0.0;0.0
0.0;0.0;0.0;0.0
