28.2;44.5;26.9;0.0
6.7;59.1;31.7;0.0
6.6;67.8;26.2;0.0
8.3;81.4;27.4;0.0
7.5;88.9;31.8;0.0
6.6;98.0;38.6;0.0
6.6;109.8;43.9;0.0
90.3;130.1;41.6;0.0
20.8;136.3;9.8;0.0
5.8;150.3;41.4;0.0
1.7;150.9;18.6;0.0
7.5;157.0;9.9;0.0
8.3;157.0;0.0;0.0
8.3;157.2;0.0;0.0
9.2;157.2;0.0;0.0
8.3;157.2;0.0;0.0
7.5;157.2;0.0;0.0
8.3;157.2;0.0;0.0
7.5;157.6;0.4;0.0
2.5;158.0;9.5;0.0
8.3;158.0;0.0;0.0
29.1;172.4;0.3;0.0
87.3;172.9;14.0;0.0
66.6;177.4;13.2;0.0
99.8;177.6;0.0;0.0
99.8;177.9;0.0;0.0
84.0;178.5;0.0;0.0
8.3;179.0;0.0;0.0
8.3;179.5;0.0;0.0
8.3;208.5;58.5;4.0
8.3;209.0;611.7;0.0
8.3;209.0;356.3;0.0
8.3;209.0;351.1;0.0
8.3;240.2;350.0;0.0
7.5;240.2;0.8;0.0
8.3;240.2;0.6;196.0
8.3;240.2;0.4;128.0
9.1;209.9;0.3;64.0
8.3;210.0;0.0;0.0
3.3;0.0;0.0;0.0
0.0;0.0;0.0;0.0
