5.8;51.3;33.8;0.0
8.3;66.2;29.2;0.0
5.8;72.7;23.5;0.0
8.3;82.2;24.6;0.0
5.8;91.7;39.7;0.0
7.5;102.5;46.4;0.0
20.8;122.6;35.0;0.0
86.5;134.3;32.7;0.0
8.3;140.7;13.0;0.0
5.0;154.1;38.2;0.0
1.7;157.1;29.2;0.0
8.3;160.0;0.4;0.0
8.3;160.0;0.0;0.0
8.3;160.2;0.0;0.0
9.1;160.2;0.0;0.0
8.3;160.2;0.0;0.0
7.5;160.2;0.0;0.0
8.3;160.2;0.0;0.0
5.0;160.9;2.2;0.0
5.8;161.0;11.4;0.0
8.3;161.0;0.0;0.0
34.1;177.2;1.3;0.0
74.8;180.0;22.3;0.0
74.0;180.8;5.7;0.0
94.0;180.8;0.0;0.0
99.0;182.7;0.0;0.0
24.9;183.7;0.0;0.0
8.3;184.2;0.0;0.0
7.5;180.5;0.3;4.0
7.5;211.4;529.0;0.0
8.3;211.6;332.8;0.0
9.1;211.6;349.0;0.0
8.3;212.1;360.0;0.0
8.3;242.9;163.2;0.0
8.3;242.9;0.4;132.0
8.3;242.9;0.4;128.0
8.3;242.9;0.2;64.0
9.1;212.5;0.3;64.0
8.3;0.0;0.0;0.0
0.0;0.0;0.0;0.0
