24.1;45.6;31.3;0.0
6.6;60.9;31.4;0.0
7.5;66.1;23.0;0.0
7.5;78.2;27.6;0.0
6.6;87.6;39.3;0.0
6.7;98.2;45.4;0.0
20.0;118.4;36.2;0.0
89.8;130.4;32.9;0.0
7.5;136.7;13.0;0.0
5.8;150.1;38.2;0.0
0.8;150.9;30.0;0.0
9.1;156.6;1.2;0.0
7.5;156.6;0.0;0.0
8.3;156.6;0.0;0.0
7.5;157.4;0.4;0.0
2.5;157.4;11.1;0.0
8.3;157.5;0.0;0.0
30.8;193.8;0.7;0.0
79.0;194.0;12.0;0.0
46.6;199.2;29.9;0.0
93.2;199.4;0.0;0.0
99.9;200.2;0.0;0.0
23.3;200.7;0.0;0.0
8.3;201.2;0.0;0.0
7.5;230.2;29.0;4.0
8.3;230.9;622.1;0.0
8.3;230.9;360.4;0.0
8.3;230.9;353.1;0.0
8.3;231.2;362.8;0.0
8.3;261.9;1.6;0.0
8.3;261.9;0.6;196.0
8.3;261.9;0.4;128.0
8.3;231.5;0.3;64.0
8.3;231.5;0.0;0.0
4.1;0.0;0.0;0.0
0.0;0.0;0.0;0.0
