25.8;52.9;27.4;0.0
7.5;68.3;32.7;0.0
6.6;66.2;24.8;0.0
8.3;78.5;26.7;0.0
6.6;87.0;36.0;0.0
5.8;95.3;37.4;0.0
8.3;106.6;40.5;0.0
87.3;136.4;37.8;0.0
22.4;143.6;10.0;0.0
7.5;159.0;44.9;0.0
0.8;159.1;9.5;0.0
5.8;165.2;21.8;0.0
8.3;165.3;0.0;0.0
9.2;165.3;0.0;0.0
8.3;165.3;0.0;0.0
7.5;165.5;0.0;0.0
8.3;165.5;0.0;0.0
9.1;165.5;0.0;0.0
8.3;165.5;0.0;0.0
7.5;165.5;0.0;0.0
8.3;165.5;0.0;0.0
9.2;166.2;0.3;0.0
0.8;166.2;9.3;0.0
8.3;166.2;0.0;0.0
72.4;195.0;4.9;0.0
68.2;200.1;26.1;0.0
99.8;200.6;0.0;0.0
99.8;201.4;0.0;0.0
54.0;201.9;0.0;0.0
8.3;202.4;0.0;0.0
7.5;200.2;0.4;4.0
9.1;231.1;403.2;0.0
8.3;231.3;409.1;0.0
8.3;231.3;368.8;0.0
8.3;231.3;356.0;0.0
8.3;262.7;189.7;0.0
8.3;262.7;0.2;68.0
8.3;262.7;0.4;128.0
7.5;232.3;0.3;64.0
8.3;201.8;0.0;0.0
1.7;0.0;0.0;0.0
0.0;0.0;0.0;0.0
