6.6;48.5;34.9;0.0
7.5;62.4;28.3;0.0
6.6;73.4;23.4;0.0
7.5;82.8;24.6;0.0
6.6;92.4;41.7;0.0
7.5;102.9;43.2;0.0
16.6;119.3;29.9;0.0
92.3;134.9;39.0;0.0
8.3;141.3;12.6;0.0
6.7;154.9;38.7;0.0
2.5;155.7;31.6;0.0
6.6;161.5;2.9;0.0
8.3;161.6;0.0;0.0
8.3;161.7;0.0;0.0
8.3;161.8;0.0;0.0
7.5;162.2;0.4;0.0
2.5;162.5;11.3;0.0
8.3;162.5;0.0;0.0
9.1;162.5;0.0;0.0
8.3;162.5;0.0;0.0
20.0;178.5;0.0;0.0
93.2;179.1;4.9;0.0
65.7;184.4;28.7;0.0
98.8;184.4;0.0;0.0
99.8;185.1;0.0;0.0
32.4;185.7;0.0;0.0
8.3;186.2;0.0;0.0
7.5;184.3;0.4;4.0
8.3;215.3;591.0;0.0
8.3;215.4;288.4;0.0
8.3;215.4;352.6;0.0
9.1;215.4;360.5;0.0
8.3;246.6;133.1;0.0
8.3;246.6;0.4;132.0
8.3;246.6;0.4;128.0
8.3;246.6;0.2;64.0
9.1;216.4;0.3;64.0
6.6;0.0;0.0;0.0
0.0;0.0;0.0;0.0
