19.1;47.5;33.5;0.0
8.3;62.0;29.1;0.0
6.6;73.5;23.5;0.0
8.3;83.0;26.0;0.0
5.8;94.3;47.5;0.0
7.5;104.7;44.4;0.0
47.4;124.5;38.2;0.0
63.2;135.1;23.0;0.0
7.5;148.2;40.3;0.0
2.5;152.9;20.8;0.0
5.0;157.2;24.6;0.0
8.3;159.3;0.4;0.0
8.3;159.3;0.0;0.0
8.3;159.5;0.0;0.0
9.1;159.5;0.0;0.0
8.3;159.5;0.0;0.0
8.3;159.9;0.0;0.0
4.2;160.2;3.9;0.0
5.8;160.2;7.0;0.0
8.3;160.2;0.0;0.0
9.1;160.2;0.0;0.0
61.6;177.1;1.3;0.0
51.6;179.1;29.0;0.0
85.7;182.6;1.2;0.0
99.8;182.6;0.0;0.0
99.0;182.6;0.0;0.0
99.8;183.4;0.0;0.0
37.4;183.9;0.0;0.0
9.2;184.4;0.0;0.0
8.3;184.4;0.0;0.0
8.3;182.2;0.4;4.0
8.3;213.1;439.9;0.0
8.3;213.3;371.8;0.0
8.3;213.3;370.0;0.0
8.3;213.9;352.6;0.0
8.3;244.7;191.9;0.0
8.3;244.7;0.4;132.0
8.3;244.7;0.4;128.0
8.3;244.7;0.2;64.0
8.3;214.3;0.3;64.0
7.5;0.0;0.0;0.0
0.0;0.0;0.0;0.0
