16.6;46.9;30.6;0.0
7.5;63.2;35.3;0.0
6.7;73.0;24.3;0.0
8.3;84.5;26.3;0.0
5.8;94.1;41.7;0.0
8.3;104.5;43.6;0.0
20.8;126.4;33.7;0.0
87.3;140.2;34.8;0.0
8.3;146.6;13.0;0.0
5.8;160.2;38.3;0.0
1.7;163.3;30.7;0.0
8.3;166.5;0.4;0.0
8.3;166.5;0.0;0.0
8.3;166.7;0.0;0.0
9.1;166.7;0.0;0.0
5.0;167.4;2.3;0.0
5.8;167.4;8.3;0.0
8.3;167.4;0.0;0.0
30.2;180.2;0.7;0.0
80.6;180.7;14.8;0.0
73.2;185.3;15.1;0.0
99.0;185.3;0.0;0.0
98.1;186.0;0.0;0.0
33.3;186.5;0.0;0.0
8.3;187.0;0.0;0.0
8.3;185.0;0.4;4.0
8.3;215.7;592.8;0.0
8.3;215.9;313.9;0.0
8.3;216.4;352.4;0.0
8.3;216.4;359.8;0.0
8.3;247.2;112.1;0.0
8.3;247.2;0.4;132.0
8.3;247.2;0.4;128.0
8.3;216.8;0.5;128.0
8.3;216.9;0.0;0.0
8.3;0.0;0.0;0.0
0.0;0.0;0.0;0.0
