6.6;59.0;33.0;0.0
6.6;69.1;25.9;0.0
6.6;73.1;19.1;0.0
8.3;81.0;30.6;0.0
6.6;91.8;43.0;0.0
6.6;102.0;44.3;0.0
52.4;124.8;41.9;0.0
57.3;133.1;14.8;0.0
6.6;144.3;35.3;0.0
3.3;151.4;19.0;0.0
4.2;155.8;26.4;0.0
8.3;157.1;0.4;0.0
8.3;157.1;0.0;0.0
8.3;157.3;0.0;0.0
9.2;157.3;0.0;0.0
8.3;157.3;0.0;0.0
4.2;158.0;2.2;0.0
5.0;158.0;7.6;0.0
8.3;158.0;0.0;0.0
27.4;168.3;0.0;0.0
87.2;168.8;16.2;0.0
69.0;173.8;13.3;0.0
97.3;173.8;0.0;0.0
99.8;174.5;0.0;0.0
16.6;175.0;0.0;0.0
8.3;175.5;0.0;0.0
8.3;204.1;0.4;4.0
8.3;204.5;636.7;0.0
8.3;204.5;355.6;0.0
8.3;204.9;347.6;0.0
8.3;204.9;343.3;0.0
8.3;235.7;42.4;0.0
8.3;235.7;0.4;132.0
8.3;235.7;0.4;128.0
8.3;205.4;0.5;128.0
8.3;205.4;0.0;0.0
5.8;0.0;0.0;0.0
0.0;0.0;0.0;0.0
