7.5;57.5;34.3;0.0
7.5;62.7;26.7;0.0
7.5;77.0;29.8;0.0
7.5;85.6;31.4;0.0
6.6;95.4;40.5;0.0
7.5;107.5;47.4;0.0
82.4;133.8;41.6;0.0
24.1;140.1;9.8;0.0
7.5;154.0;41.4;0.0
1.7;154.5;19.6;0.0
7.5;159.8;8.5;0.0
8.3;159.9;0.0;0.0
8.3;160.0;0.0;0.0
8.3;160.5;0.0;0.0
1.7;160.7;10.0;0.0
8.3;160.8;0.0;0.0
15.0;173.1;0.0;0.0
91.5;173.1;11.5;0.0
60.7;178.1;15.7;0.0
96.5;178.6;0.0;0.0
99.0;179.3;0.0;0.0
79.8;179.4;0.0;0.0
8.3;179.9;0.0;0.0
8.3;180.5;0.0;0.0
8.3;209.7;40.2;4.0
8.3;209.9;611.3;0.0
8.3;209.9;360.4;0.0
8.3;209.9;355.6;0.0
8.3;225.9;360.5;0.0
8.3;241.2;1.6;0.0
8.3;241.2;0.6;196.0
8.3;241.2;0.4;128.0
8.3;210.8;0.3;64.0
8.3;210.8;0.0;0.0
3.3;0.0;0.0;0.0
0.0;0.0;0.0;0.0
