21.6;46.5;31.7;0.0
7.5;61.9;33.8;0.0
6.6;70.9;27.3;0.0
8.3;82.3;26.3;0.0
6.6;92.1;41.7;0.0
7.5;102.8;45.1;0.0
30.8;121.6;36.8;0.0
78.1;132.9;30.2;0.0
7.5;139.9;20.6;0.0
5.0;152.3;32.4;0.0
4.2;156.9;31.2;0.0
8.3;158.5;0.4;0.0
8.3;158.5;0.0;0.0
8.3;158.7;0.0;0.0
8.3;159.1;0.0;0.0
5.0;159.4;5.5;0.0
5.0;159.4;9.0;0.0
8.3;159.4;0.0;0.0
8.3;159.5;0.0;0.0
13.3;169.5;0.0;0.0
92.8;174.4;5.8;0.0
43.3;178.8;27.3;0.0
96.5;179.5;0.0;0.0
97.2;179.5;0.0;0.0
91.5;180.2;0.0;0.0
8.3;180.7;0.0;0.0
8.3;181.2;0.0;0.0
8.3;209.9;32.7;4.0
9.1;210.1;606.0;0.0
8.3;210.1;358.2;0.0
8.3;210.1;347.8;0.0
7.5;210.6;373.4;0.0
8.3;241.5;12.7;0.0
8.3;241.6;0.6;196.0
8.3;241.6;0.4;128.0
8.3;211.0;0.3;64.0
8.3;211.1;0.0;0.0
5.0;0.0;0.0;0.0
0.0;0.0;0.0;0.0
