19.1;53.6;32.1;0.0
7.5;69.6;33.3;0.0
7.5;81.6;24.1;0.0
7.5;91.3;27.4;0.0
6.7;102.9;48.9;0.0
6.6;113.0;43.0;0.0
51.6;135.5;40.0;0.0
58.2;145.3;19.7;0.0
7.5;157.0;38.3;0.0
8.3;164.4;11.0;0.0
3.3;165.4;2.3;0.0
0.0;165.4;0.0;0.0
0.0;165.4;0.0;0.0
0.0;165.4;0.0;0.0
0.0;165.4;0.0;0.0
0.0;165.4;0.0;0.0
0.0;165.4;0.0;0.0
0.8;165.4;1.8;0.0
0.0;165.4;0.0;0.0
0.0;165.4;0.0;0.0
0.0;165.4;0.0;0.0
0.8;165.7;1.0;0.0
0.0;165.7;0.0;0.0
0.0;165.7;0.0;0.0
0.0;165.7;0.0;0.0
5.8;166.0;0.8;0.0
9.1;166.0;0.0;0.0
8.3;166.0;0.0;0.0
8.3;166.0;0.0;0.0
8.3;166.0;0.0;0.0
8.3;166.5;1.5;0.0
0.8;166.9;0.0;0.0
0.0;166.9;0.0;0.0
0.0;166.9;0.0;0.0
0.0;166.9;0.0;0.0
0.0;166.9;0.0;0.0
0.0;166.9;0.0;0.0
0.0;166.9;0.0;0.0
0.0;166.9;1.8;0.0
0.0;166.9;0.0;0.0
0.0;166.9;0.0;0.0
0.0;166.9;0.4;0.0
0.0;166.9;0.0;0.0
0.0;166.9;0.0;0.0
0.0;166.9;0.0;0.0
4.1;167.1;1.5;0.0
7.5;201.2;115.9;4.0
8.3;201.8;724.9;0.0
8.3;201.8;342.0;0.0
8.3;201.8;363.2;0.0
8.3;201.8;363.9;0.0
8.3;202.2;382.1;0.0
8.3;233.7;149.5;0.0
7.5;233.7;0.4;132.0
9.1;233.7;0.6;192.0
8.3;233.7;0.2;64.0
8.3;203.3;0.3;52.0
9.1;0.0;0.0;0.0
0.0;0.0;0.0;0.0
0.0;0.0;0.0;0.0
