7.5;50.6;34.7;0.0
8.3;63.7;27.1;0.0
6.6;68.0;22.0;0.0
8.3;79.7;26.7;0.0
6.6;88.5;36.7;0.0
7.5;99.2;45.4;0.0
10.0;119.1;31.3;0.0
94.7;135.7;40.4;0.0
7.5;142.1;13.0;0.0
6.6;156.9;36.9;0.0
7.5;158.2;2.3;0.0
0.0;158.2;0.0;0.0
0.0;158.2;0.0;0.0
0.0;158.2;0.0;0.0
0.0;158.2;0.0;0.0
0.0;158.2;0.0;0.0
0.0;158.2;0.0;0.0
0.0;158.2;0.0;0.0
0.0;158.2;1.7;0.0
0.0;158.2;0.0;0.0
0.0;158.2;0.0;0.0
0.0;158.2;0.4;0.0
0.0;158.2;0.0;0.0
0.0;158.2;0.0;0.0
0.0;158.2;0.0;0.0
3.3;158.9;1.4;0.0
8.3;158.9;0.0;0.0
8.3;158.9;0.0;0.0
8.3;158.9;0.0;0.0
9.1;158.9;0.0;0.0
8.3;159.2;1.5;0.0
0.0;159.7;0.0;0.0
0.0;159.7;0.0;0.0
0.0;159.7;0.0;0.0
0.0;159.7;0.0;0.0
0.0;159.7;0.0;0.0
0.0;159.7;0.0;0.0
0.0;159.7;1.8;0.0
0.0;159.7;0.0;0.0
0.0;159.7;0.0;0.0
0.0;159.7;0.0;0.0
0.0;159.7;0.4;0.0
0.0;159.7;0.0;0.0
0.0;159.7;0.0;0.0
0.0;159.7;0.0;0.0
5.8;162.7;1.6;4.0
9.1;194.3;406.7;0.0
8.3;194.7;532.0;0.0
8.3;194.7;360.7;0.0
8.3;194.7;358.5;0.0
8.3;194.7;354.6;0.0
8.3;218.2;382.9;0.0
8.3;226.4;1.6;0.0
8.3;226.7;0.8;260.0
8.3;226.7;0.4;128.0
8.3;196.2;0.5;68.0
8.3;196.3;0.0;0.0
4.1;0.0;0.0;0.0
0.0;0.0;0.0;0.0
0.0;0.0;0.0;0.0
