10.8;49.1;35.4;0.0
7.5;64.6;29.8;0.0
6.6;69.1;23.4;0.0
8.3;79.1;28.8;0.0
5.8;90.4;48.5;0.0
8.3;101.0;44.9;0.0
54.1;125.1;38.9;0.0
55.7;134.3;17.9;0.0
7.5;146.1;36.3;0.0
8.3;153.5;13.0;0.0
4.1;154.7;2.3;0.0
0.0;154.7;0.0;0.0
0.0;154.7;0.0;0.0
0.0;154.7;0.0;0.0
0.0;154.7;0.0;0.0
0.0;154.7;0.0;0.0
0.0;154.7;0.0;0.0
0.0;154.7;0.0;0.0
0.0;154.7;1.8;0.0
0.0;154.7;0.0;0.0
0.0;154.7;0.0;0.0
0.8;154.8;1.1;0.0
0.0;154.8;0.0;0.0
0.0;154.8;0.0;0.0
0.0;154.8;0.0;0.0
4.2;155.2;0.9;0.0
8.3;155.2;0.0;0.0
8.3;155.2;0.0;0.0
8.3;155.2;0.0;0.0
8.3;155.2;0.0;0.0
8.3;155.5;1.5;0.0
0.8;156.1;0.0;0.0
0.0;156.1;0.0;0.0
0.0;156.1;0.0;0.0
0.0;156.1;0.0;0.0
0.0;156.1;0.0;0.0
0.0;156.1;0.0;0.0
0.0;156.1;0.8;0.0
0.8;156.1;1.0;0.0
0.0;156.1;0.0;0.0
0.0;156.1;0.0;0.0
0.0;156.1;1.0;0.0
0.0;156.1;0.0;0.0
0.0;156.1;0.0;0.0
0.0;156.1;0.0;0.0
5.0;156.3;0.8;0.0
8.3;190.4;230.4;4.0
8.3;191.3;641.9;0.0
8.3;191.3;340.9;0.0
8.3;191.3;346.6;0.0
8.3;191.3;350.8;0.0
8.3;191.3;363.6;0.0
8.3;222.9;164.9;0.0
8.3;222.9;0.4;132.0
8.3;222.9;0.6;192.0
8.3;222.9;0.2;64.0
8.3;192.6;0.3;56.0
7.5;0.0;0.0;0.0
0.0;0.0;0.0;0.0
0.0;0.0;0.0;0.0
