25.8;44.6;25.3;0.0
7.5;61.3;30.8;0.0
6.6;61.9;29.3;0.0
8.3;76.3;28.2;0.0
6.7;83.2;27.6;0.0
7.5;93.9;40.6;0.0
6.7;106.0;49.6;0.0
67.4;127.6;30.9;0.0
39.1;137.3;16.4;0.0
8.3;151.9;44.3;0.0
8.3;154.3;0.4;0.0
2.5;155.4;2.3;0.0
0.0;155.4;0.0;0.0
0.0;155.4;0.0;0.0
0.0;155.4;0.0;0.0
0.0;155.4;0.0;0.0
0.0;155.4;0.0;0.0
0.0;155.4;0.0;0.0
0.0;155.4;1.7;0.0
0.0;155.4;0.0;0.0
0.0;155.4;0.0;0.0
0.0;155.4;0.0;0.0
0.0;155.4;0.0;0.0
0.0;155.4;0.0;0.0
0.0;155.4;0.0;0.0
0.0;155.4;0.0;0.0
8.3;156.1;1.8;0.0
8.3;156.1;0.0;0.0
8.3;156.1;0.0;0.0
8.3;156.1;0.0;0.0
8.3;156.1;0.0;0.0
5.0;156.9;1.5;0.0
0.0;156.9;0.0;0.0
0.0;156.9;0.0;0.0
0.0;156.9;0.0;0.0
0.0;156.9;0.0;0.0
0.0;156.9;0.0;0.0
0.0;156.9;0.0;0.0
0.0;156.9;1.7;0.0
0.0;156.9;0.0;0.0
0.0;156.9;0.0;0.0
0.0;156.9;0.0;0.0
0.0;156.9;0.4;0.0
0.0;156.9;0.0;0.0
0.0;156.9;0.0;0.0
0.0;156.9;0.0;0.0
0.0;156.9;0.0;0.0
0.0;156.9;0.0;0.0
0.0;156.9;0.0;0.0
2.5;157.2;1.6;0.0
7.5;193.2;91.0;4.0
8.3;193.7;742.7;0.0
8.3;194.0;332.5;0.0
8.3;194.0;348.4;0.0
8.3;194.0;321.9;0.0
8.3;194.0;378.5;0.0
9.2;225.5;225.3;0.0
8.3;225.8;0.2;68.0
8.3;225.8;0.8;256.0
8.3;225.8;0.2;64.0
