5.8;61.7;34.4;0.0
8.3;73.6;25.3;0.0
6.6;73.7;23.0;0.0
7.5;82.4;27.0;0.0
6.6;92.2;41.1;0.0
6.6;102.0;42.1;0.0
28.6;130.7;35.8;0.0
78.2;141.9;30.2;0.0
7.5;148.2;19.2;0.0
8.3;162.3;30.7;0.0
7.5;163.5;2.3;0.0
0.0;163.5;0.0;0.0
0.0;163.5;0.0;0.0
0.0;163.5;0.0;0.0
0.0;163.5;0.0;0.0
0.0;163.5;0.0;0.0
0.0;163.5;0.0;0.0
0.0;163.5;0.0;0.0
0.0;163.5;1.8;0.0
0.0;163.5;0.0;0.0
0.0;163.5;0.0;0.0
0.0;163.5;0.4;0.0
0.0;163.5;0.0;0.0
0.0;163.5;0.0;0.0
0.0;163.5;0.0;0.0
2.5;164.1;1.5;0.0
8.3;164.1;0.0;0.0
8.3;164.1;0.0;0.0
8.3;164.1;0.0;0.0
8.3;164.1;0.0;0.0
9.1;164.8;1.5;0.0
0.0;164.8;0.0;0.0
0.0;164.8;0.0;0.0
0.0;164.8;0.0;0.0
0.0;164.8;0.0;0.0
0.0;164.8;0.0;0.0
0.0;164.8;0.0;0.0
0.0;164.8;1.7;0.0
0.0;164.8;0.0;0.0
0.0;164.8;0.0;0.0
0.0;164.8;0.0;0.0
0.0;164.8;0.4;0.0
0.0;164.8;0.0;0.0
0.0;164.8;0.0;0.0
0.0;164.8;0.0;0.0
5.8;167.4;1.6;4.0
8.3;199.2;358.1;0.0
8.3;199.8;583.6;0.0
8.3;199.8;352.2;0.0
8.3;199.8;351.4;0.0
8.3;199.8;351.4;0.0
8.3;199.8;367.8;0.0
7.5;231.7;31.9;0.0
8.3;231.7;0.6;196.0
9.2;231.7;0.6;192.0
8.3;201.3;0.3;64.0
8.3;201.3;0.0;0.0
6.6;0.0;0.0;0.0
0.0;0.0;0.0;0.0
0.0;0.0;0.0;0.0
