7.5;44.9;27.6;0.0
8.3;59.8;31.2;0.0
6.6;65.6;27.7;0.0
8.3;77.6;27.7;0.0
5.8;85.7;34.4;0.0
6.6;95.1;43.1;0.0
7.5;105.1;34.7;0.0
96.5;127.5;41.6;0.0
13.3;134.0;9.8;0.0
6.6;148.6;40.2;0.0
8.3;148.8;0.0;0.0
2.5;149.9;2.3;0.0
0.0;149.9;0.0;0.0
0.0;149.9;0.0;0.0
0.0;149.9;0.0;0.0
0.0;149.9;0.0;0.0
0.0;149.9;0.0;0.0
0.0;149.9;0.0;0.0
0.0;150.0;1.8;0.0
0.0;150.0;0.0;0.0
0.0;150.0;0.0;0.0
0.0;150.0;0.0;0.0
0.0;150.0;0.4;0.0
0.0;150.0;0.0;0.0
0.0;150.0;0.0;0.0
0.0;150.0;1.5;0.0
7.5;150.4;0.0;0.0
8.3;150.4;0.0;0.0
8.3;150.4;0.0;0.0
8.3;150.4;0.0;0.0
8.3;150.4;0.0;0.0
5.0;151.2;1.5;0.0
0.0;151.2;0.0;0.0
0.0;151.2;0.0;0.0
0.0;151.2;0.0;0.0
0.0;151.2;0.0;0.0
0.0;151.2;0.0;0.0
0.0;151.2;0.0;0.0
0.8;151.2;1.7;0.0
0.0;151.2;0.0;0.0
0.0;151.2;0.0;0.0
0.0;151.2;0.0;0.0
0.0;151.2;0.4;0.0
0.0;151.2;0.0;0.0
0.0;151.2;0.0;0.0
0.0;151.5;1.4;0.0
7.5;156.6;0.3;4.0
8.3;187.8;634.5;0.0
8.3;188.2;414.7;0.0
8.3;188.2;353.3;0.0
8.3;188.7;332.8;0.0
8.3;188.7;364.9;0.0
9.2;220.1;341.0;0.0
7.5;220.1;0.0;0.0
8.3;220.1;0.8;260.0
8.3;220.1;0.4;128.0
8.3;189.8;0.3;52.0
8.3;189.8;0.0;0.0
3.3;0.0;0.0;0.0
0.0;0.0;0.0;0.0
