24.9;50.7;27.1;0.0
7.5;65.8;32.3;0.0
6.6;74.3;27.4;0.0
8.3;86.1;27.3;0.0
6.6;94.0;34.5;0.0
5.8;103.4;42.2;0.0
9.2;119.3;36.3;0.0
99.9;137.9;41.2;0.0
9.1;144.6;12.6;0.0
8.3;159.1;37.4;0.0
8.3;159.2;0.0;0.0
0.8;160.2;2.3;0.0
0.0;160.2;0.0;0.0
0.0;160.2;0.0;0.0
0.0;160.2;0.0;0.0
0.0;160.2;0.0;0.0
0.0;160.2;0.0;0.0
0.0;160.2;0.0;0.0
0.0;160.5;1.8;0.0
0.0;160.5;0.0;0.0
0.0;160.5;0.0;0.0
0.0;160.5;0.0;0.0
0.0;160.5;0.4;0.0
0.0;160.5;0.0;0.0
0.0;160.5;0.0;0.0
0.8;160.8;1.2;0.0
8.3;160.9;0.0;0.0
8.3;160.9;0.0;0.0
8.3;160.9;0.0;0.0
8.3;160.9;0.0;0.0
8.3;161.3;1.5;0.0
3.3;161.7;0.0;0.0
0.0;161.7;0.0;0.0
0.0;161.7;0.0;0.0
0.0;161.7;0.0;0.0
0.0;161.7;0.0;0.0
0.0;161.7;0.0;0.0
0.0;161.7;0.0;0.0
0.8;161.7;1.7;0.0
0.0;161.7;0.0;0.0
0.0;161.7;0.0;0.0
0.0;161.7;0.4;0.0
0.0;161.7;0.0;0.0
0.0;161.7;0.0;0.0
0.0;161.7;0.0;0.0
3.3;161.9;1.2;0.0
7.5;196.2;21.5;4.0
8.3;196.4;796.6;0.0
8.3;196.7;314.3;0.0
8.3;196.7;357.5;0.0
8.3;196.7;373.7;0.0
8.3;196.7;381.2;0.0
8.3;228.6;149.5;0.0
8.3;228.6;0.4;132.0
8.3;228.6;0.6;192.0
8.3;228.6;0.2;64.0
8.3;198.2;0.3;44.0
9.2;0.0;0.0;0.0
0.0;0.0;0.0;0.0
0.0;0.0;0.0;0.0
