7.5;54.9;35.6;0.0
7.5;66.5;26.3;0.0
5.8;72.7;21.6;0.0
9.1;80.8;33.0;0.0
6.6;91.1;39.8;0.0
6.6;100.8;41.1;0.0
49.1;123.3;41.6;0.0
60.7;132.3;18.7;0.0
7.5;142.3;33.3;0.0
8.3;152.1;16.4;0.0
5.0;153.2;2.3;0.0
0.0;153.2;0.0;0.0
0.0;153.2;0.0;0.0
0.0;153.2;0.0;0.0
0.0;153.2;0.0;0.0
0.0;153.2;0.0;0.0
0.0;153.2;0.0;0.0
0.0;153.2;0.0;0.0
0.8;153.5;1.8;0.0
0.0;153.5;0.0;0.0
0.0;153.5;0.0;0.0
0.0;153.5;0.4;0.0
0.0;153.5;0.0;0.0
0.0;153.5;0.0;0.0
0.0;153.5;0.0;0.0
0.0;153.5;0.0;0.0
1.7;153.9;1.5;0.0
8.3;153.9;0.0;0.0
8.3;153.9;0.0;0.0
8.3;153.9;0.0;0.0
8.3;153.9;0.0;0.0
8.3;156.3;1.5;0.0
0.8;156.7;0.0;0.0
0.0;156.7;0.0;0.0
0.0;156.7;0.0;0.0
0.0;156.7;0.0;0.0
0.0;156.7;0.0;0.0
0.0;156.7;0.0;0.0
0.0;156.7;0.8;0.0
0.0;156.7;1.0;0.0
0.0;156.7;0.0;0.0
0.0;156.7;0.0;0.0
0.0;156.7;0.4;0.0
0.0;156.7;0.0;0.0
0.0;156.7;0.0;0.0
0.0;156.7;0.0;0.0
5.8;155.1;1.3;0.0
8.3;187.2;180.3;4.0
8.3;187.7;660.3;0.0
8.3;187.7;347.5;0.0
8.3;187.7;357.7;0.0
8.3;188.1;331.4;0.0
8.3;188.1;357.4;0.0
7.5;219.5;206.3;0.0
8.3;219.5;0.2;68.0
8.3;219.5;0.8;256.0
8.3;219.5;0.2;64.0
8.3;189.2;0.3;56.0
9.2;0.0;0.0;0.0
0.0;0.0;0.0;0.0
