23.2;49.8;30.1;0.0
8.3;65.3;31.4;0.0
6.6;72.7;22.9;0.0
7.5;84.1;26.0;0.0
7.5;92.3;35.8;0.0
6.6;103.7;44.8;0.0
9.2;120.0;34.5;0.0
97.4;136.6;40.4;0.0
9.1;142.9;13.0;0.0
7.5;157.6;37.0;0.0
7.5;158.8;2.3;0.0
0.0;158.8;0.0;0.0
0.0;158.8;0.0;0.0
0.0;158.8;0.0;0.0
0.0;158.8;0.0;0.0
0.0;158.8;0.0;0.0
0.0;158.8;0.0;0.0
0.0;158.8;0.0;0.0
0.0;158.8;1.7;0.0
0.0;158.8;0.0;0.0
0.0;158.8;0.0;0.0
0.0;158.8;0.4;0.0
0.0;158.8;0.0;0.0
0.0;158.8;0.0;0.0
0.0;158.8;0.0;0.0
3.3;159.2;1.4;0.0
8.3;159.2;0.0;0.0
8.3;159.2;0.0;0.0
8.3;159.2;0.0;0.0
8.3;159.2;0.0;0.0
8.3;160.1;1.5;0.0
0.0;160.1;0.0;0.0
0.0;160.1;0.0;0.0
0.0;160.1;0.0;0.0
0.0;160.1;0.0;0.0
0.0;160.1;0.0;0.0
0.0;160.1;0.0;0.0
0.0;160.1;1.7;0.0
0.0;160.1;0.0;0.0
0.0;160.1;0.0;0.0
0.0;160.1;0.0;0.0
0.0;160.1;1.0;0.0
0.0;160.1;0.0;0.0
0.0;160.1;0.0;0.0
0.0;160.1;0.0;0.0
5.8;162.7;1.1;4.0
8.3;194.5;309.2;0.0
8.3;195.1;583.1;0.0
8.3;195.1;345.5;0.0
8.3;195.1;342.3;0.0
8.3;195.1;367.6;0.0
8.3;195.1;383.4;0.0
8.3;227.0;64.1;0.0
8.3;227.0;0.6;196.0
8.3;227.0;0.6;192.0
8.3;196.6;0.3;64.0
8.3;196.6;0.0;0.0
5.0;0.0;0.0;0.0
0.0;0.0;0.0;0.0
0.0;0.0;0.0;0.0
