6.7;52.6;32.3;0.0
7.5;64.8;23.9;0.0
8.3;74.6;22.7;0.0
8.3;84.1;27.6;0.0
5.0;94.0;40.3;0.0
6.6;104.2;43.1;0.0
24.1;125.6;34.3;0.0
84.0;138.0;33.1;0.0
8.3;144.4;18.2;0.0
7.5;158.7;31.7;0.0
7.5;160.0;2.3;0.0
0.0;160.0;0.0;0.0
0.0;160.0;0.0;0.0
0.0;160.0;0.0;0.0
0.0;160.0;0.0;0.0
0.0;160.0;0.0;0.0
0.0;160.0;0.0;0.0
0.0;160.0;0.0;0.0
0.8;160.0;1.8;0.0
0.0;160.0;0.0;0.0
0.0;160.0;0.0;0.0
0.0;160.0;0.4;0.0
0.0;160.0;0.0;0.0
0.0;160.0;0.0;0.0
0.0;160.0;0.0;0.0
3.3;160.3;1.4;0.0
8.3;160.4;0.0;0.0
8.3;160.4;0.0;0.0
8.3;160.4;0.0;0.0
8.3;160.4;0.0;0.0
8.3;160.7;1.5;0.0
3.3;161.3;0.0;0.0
0.0;161.3;0.0;0.0
0.0;161.3;0.0;0.0
0.0;161.3;0.0;0.0
0.0;161.3;0.0;0.0
0.0;161.3;0.0;0.0
0.0;161.3;0.0;0.0
0.0;161.3;1.8;0.0
0.0;161.3;0.0;0.0
0.0;161.3;0.0;0.0
0.0;161.3;0.4;0.0
0.0;161.3;0.0;0.0
0.0;161.3;0.0;0.0
0.0;161.3;0.0;0.0
2.5;161.6;1.5;0.0
8.3;195.8;78.3;4.0
8.3;195.9;756.2;0.0
8.3;196.3;319.9;0.0
8.3;196.3;358.9;0.0
8.3;196.8;362.8;0.0
8.3;196.8;360.3;0.0
8.3;228.2;206.3;0.0
8.3;228.2;0.2;68.0
8.3;228.2;0.8;256.0
8.3;228.2;0.2;64.0
8.3;197.9;0.3;52.0
9.1;0.0;0.0;0.0
0.8;0.0;0.0;0.0
0.0;0.0;0.0;0.0
