5.8;50.9;34.1;0.0
8.3;62.9;24.8;0.0
6.6;72.2;23.1;0.0
7.5;81.8;28.0;0.0
7.5;91.6;41.5;0.0
6.6;101.7;43.3;0.0
33.3;128.6;36.4;0.0
76.4;139.9;28.0;0.0
7.5;147.6;24.0;0.0
8.3;159.8;25.9;0.0
5.0;161.0;2.3;0.0
0.0;161.0;0.0;0.0
0.0;161.0;0.0;0.0
0.0;161.0;0.0;0.0
0.0;161.0;0.0;0.0
0.0;161.0;0.0;0.0
0.0;161.0;0.0;0.0
0.0;161.0;0.0;0.0
0.0;161.0;1.8;0.0
0.0;161.0;0.0;0.0
0.0;161.0;0.0;0.0
0.0;161.1;1.1;0.0
0.0;161.1;0.0;0.0
0.0;161.1;0.0;0.0
0.0;161.1;0.0;0.0
5.0;161.5;0.8;0.0
8.3;161.5;0.0;0.0
8.3;161.5;0.0;0.0
8.3;161.5;0.0;0.0
8.3;161.5;0.0;0.0
7.5;162.4;1.5;0.0
0.0;162.4;0.0;0.0
0.0;162.4;0.0;0.0
0.0;162.4;0.0;0.0
0.0;162.4;0.0;0.0
0.0;162.4;0.0;0.0
0.0;162.4;0.0;0.0
0.0;162.4;1.8;0.0
0.0;162.4;0.0;0.0
0.0;162.4;0.0;0.0
0.0;162.4;0.0;0.0
0.0;162.4;1.0;0.0
0.0;162.4;0.0;0.0
0.0;162.4;0.0;0.0
0.0;162.4;0.0;0.0
7.5;165.4;1.2;4.0
8.3;196.8;414.6;0.0
8.3;197.4;538.7;0.0
8.3;197.4;351.9;0.0
8.3;197.4;348.5;0.0
8.3;197.4;362.5;0.0
8.3;224.3;374.4;0.0
8.3;229.2;1.6;0.0
8.3;229.2;0.8;260.0
8.3;229.2;0.4;128.0
8.3;198.8;0.3;64.0
8.3;198.8;0.0;0.0
3.3;0.0;0.0;0.0
0.0;0.0;0.0;0.0
0.0;0.0;0.0;0.0
