23.3;48.7;27.3;0.0
7.5;63.8;32.3;0.0
6.6;69.7;27.0;0.0
8.3;82.6;26.5;0.0
5.8;90.4;34.0;0.0
7.5;100.0;42.2;0.0
7.5;110.7;37.9;0.0
94.0;136.8;41.6;0.0
15.8;143.3;9.8;0.0
7.5;158.2;40.1;0.0
8.3;159.4;2.3;0.0
0.0;159.4;0.0;0.0
0.0;159.4;0.0;0.0
0.0;159.4;0.0;0.0
0.0;159.4;0.0;0.0
0.0;159.4;0.0;0.0
0.0;159.4;0.0;0.0
0.0;159.4;0.0;0.0
0.0;159.5;1.7;0.0
0.0;159.5;0.0;0.0
0.0;159.5;0.0;0.0
0.0;159.5;0.0;0.0
0.0;159.5;0.4;0.0
0.0;159.5;0.0;0.0
0.0;159.5;0.0;0.0
0.0;159.5;0.0;0.0
0.0;159.5;0.0;0.0
0.0;159.5;0.0;0.0
0.0;159.5;0.0;0.0
0.0;159.5;0.0;0.0
0.0;159.5;0.0;0.0
0.0;159.5;0.0;0.0
0.0;159.5;0.0;0.0
0.0;159.5;0.0;0.0
0.0;159.5;0.7;0.0
0.0;159.5;0.0;0.0
0.0;159.5;0.0;0.0
0.0;159.5;0.0;0.0
4.2;159.8;0.8;0.0
8.3;159.8;0.0;0.0
8.3;159.8;0.0;0.0
8.3;159.8;0.0;0.0
8.3;159.8;0.0;0.0
6.6;160.8;1.5;0.0
0.0;160.8;0.0;0.0
0.0;160.8;0.0;0.0
0.0;160.8;0.0;0.0
0.0;160.8;0.0;0.0
0.0;160.8;0.0;0.0
0.0;160.8;0.0;0.0
0.8;160.8;1.8;0.0
0.0;160.8;0.0;0.0
0.0;160.8;0.0;0.0
0.0;160.8;0.0;0.0
0.0;160.8;0.4;0.0
0.0;160.8;0.0;0.0
0.0;160.8;0.0;0.0
0.0;160.8;0.0;0.0
0.8;161.0;1.4;0.0
7.5;164.1;0.3;4.0
