7.5;57.8;31.4;0.0
7.5;65.4;31.7;0.0
8.3;79.3;28.0;0.0
6.6;88.8;37.6;0.0
7.5;99.7;48.8;0.0
18.3;121.2;29.1;0.0
90.5;137.7;40.2;0.0
8.3;144.2;12.6;0.0
8.3;158.8;37.4;0.0
7.5;160.0;2.3;0.0
0.0;160.0;0.0;0.0
0.0;160.0;0.0;0.0
0.0;160.0;0.0;0.0
0.0;160.0;0.0;0.0
0.0;160.0;0.0;0.0
0.0;160.0;0.0;0.0
0.0;160.0;0.0;0.0
0.0;160.0;1.8;0.0
0.0;160.0;0.0;0.0
0.0;160.0;0.0;0.0
0.0;160.0;0.0;0.0
0.0;160.0;0.4;0.0
0.0;160.0;0.0;0.0
0.0;160.0;0.0;0.0
1.7;160.4;1.5;0.0
8.3;160.5;0.0;0.0
8.3;160.5;0.0;0.0
9.1;160.5;0.0;0.0
8.3;160.5;0.0;0.0
9.2;160.9;1.4;0.0
3.3;161.4;0.1;0.0
0.0;161.4;0.0;0.0
0.0;161.4;0.0;0.0
0.0;161.4;0.0;0.0
0.0;161.4;0.0;0.0
0.0;161.4;0.0;0.0
0.0;161.4;0.0;0.0
0.0;161.4;1.7;0.0
0.0;161.4;0.0;0.0
0.0;161.4;0.0;0.0
0.0;161.4;0.0;0.0
0.0;161.4;0.4;0.0
0.0;161.4;0.0;0.0
0.0;161.4;0.0;0.0
0.0;161.4;0.0;0.0
5.8;164.4;1.7;4.0
8.3;195.9;406.5;0.0
9.1;196.4;551.8;0.0
8.3;196.4;334.6;0.0
8.3;196.4;303.6;0.0
8.3;196.4;352.4;0.0
8.3;196.4;336.3;0.0
8.3;228.1;111.2;0.0
9.1;228.4;0.4;132.0
8.3;228.4;0.6;192.0
8.3;228.4;0.2;64.0
8.3;197.9;0.3;44.0
5.8;0.0;0.0;0.0
0.0;0.0;0.0;0.0
0.0;0.0;0.0;0.0
