7.5;53.5;34.2;0.0
7.5;65.3;26.1;0.0
6.6;74.2;22.7;0.0
6.6;82.3;26.4;0.0
6.6;92.4;41.3;0.0
7.5;102.1;41.3;0.0
26.6;123.0;36.8;0.0
81.4;133.9;30.2;0.0
7.5;140.1;13.0;0.0
8.3;154.7;36.9;0.0
7.5;156.0;2.0;0.0
0.0;156.0;0.3;0.0
0.0;156.0;0.0;0.0
0.0;156.0;0.0;0.0
0.0;156.0;0.0;0.0
0.0;156.0;0.0;0.0
0.0;156.0;0.0;0.0
0.0;156.0;0.0;0.0
0.0;156.0;1.8;0.0
0.0;156.0;0.0;0.0
0.0;156.0;0.0;0.0
0.0;156.0;0.0;0.0
0.0;156.0;0.4;0.0
0.0;156.0;0.0;0.0
0.0;156.0;0.0;0.0
1.7;156.4;1.4;0.0
9.1;156.5;0.0;0.0
8.3;156.5;0.0;0.0
8.3;156.5;0.0;0.0
8.3;156.5;0.0;0.0
9.2;159.0;1.4;0.0
3.3;159.4;0.1;0.0
0.0;159.4;0.0;0.0
0.0;159.4;0.0;0.0
0.0;159.4;0.0;0.0
0.0;159.4;0.0;0.0
0.0;159.4;0.0;0.0
0.0;159.4;0.0;0.0
0.0;159.4;1.7;0.0
0.0;159.4;0.0;0.0
0.0;159.4;0.0;0.0
0.0;159.4;0.0;0.0
0.0;159.4;0.4;0.0
0.0;159.4;0.0;0.0
0.0;159.4;0.0;0.0
0.0;159.4;0.0;0.0
2.5;159.6;1.5;0.0
7.5;189.8;103.5;4.0
8.3;190.0;715.0;0.0
9.2;190.4;302.1;0.0
8.3;190.4;317.6;0.0
8.3;190.4;316.3;0.0
8.3;190.4;377.9;0.0
9.1;222.0;263.1;0.0
8.3;222.3;0.2;68.0
8.3;222.3;0.8;256.0
8.3;222.3;0.2;64.0
8.3;191.9;0.5;68.0
8.3;160.9;0.0;0.0
0.8;0.0;0.0;0.0
