6.6;46.8;32.8;0.0
8.3;61.7;28.7;0.0
5.8;67.6;22.1;0.0
8.3;79.4;27.1;0.0
5.8;88.6;38.5;0.0
7.5;99.3;46.0;0.0
18.2;113.2;34.3;0.0
90.7;127.5;35.0;0.0
8.3;133.8;13.6;0.0
7.5;148.3;36.3;0.0
8.3;149.6;2.3;0.0
0.0;149.6;0.0;0.0
0.0;149.6;0.0;0.0
0.0;149.6;0.0;0.0
0.0;149.6;0.0;0.0
0.0;149.6;0.0;0.0
0.0;149.6;0.0;0.0
0.0;149.6;0.0;0.0
0.0;149.6;1.8;0.0
0.0;149.6;0.0;0.0
0.0;149.6;0.0;0.0
0.0;149.6;0.0;0.0
0.0;149.6;0.4;0.0
0.0;149.6;0.0;0.0
0.0;149.6;0.0;0.0
0.0;149.7;1.4;0.0
8.3;150.0;0.0;0.0
8.3;150.0;0.0;0.0
8.3;150.0;0.0;0.0
8.3;150.0;0.0;0.0
8.3;150.3;1.2;0.0
5.0;150.9;0.3;0.0
0.0;150.9;0.0;0.0
0.0;150.9;0.0;0.0
0.0;150.9;0.0;0.0
0.0;150.9;0.0;0.0
0.0;150.9;0.0;0.0
0.0;150.9;0.0;0.0
0.0;150.9;1.7;0.0
0.0;150.9;0.0;0.0
0.0;150.9;0.0;0.0
0.0;150.9;0.0;0.0
0.0;150.9;1.0;0.0
0.0;150.9;0.0;0.0
0.0;150.9;0.0;0.0
0.0;150.9;0.0;0.0
6.6;153.9;1.4;4.0
8.3;185.4;475.1;0.0
8.3;185.9;508.0;0.0
8.3;185.9;357.2;0.0
8.3;185.9;351.9;0.0
8.3;185.9;363.3;0.0
8.3;205.4;382.9;0.0
8.3;217.9;1.6;0.0
8.3;217.9;0.6;196.0
8.3;217.9;0.6;192.0
8.3;187.4;0.3;52.0
8.3;187.4;0.0;0.0
5.0;0.0;0.0;0.0
0.0;0.0;0.0;0.0
