6.6;48.9;33.4;0.0
8.3;63.9;29.4;0.0
5.8;72.8;21.3;0.0
9.1;84.2;25.2;0.0
5.8;92.5;36.2;0.0
7.5;102.2;43.0;0.0
6.6;112.3;34.9;0.0
99.0;134.8;41.6;0.0
12.5;141.2;12.4;0.0
7.5;155.9;37.5;0.0
7.5;157.1;2.2;0.0
0.0;157.1;0.1;0.0
0.0;157.1;0.0;0.0
0.0;157.1;0.0;0.0
0.0;157.1;0.0;0.0
0.0;157.1;0.0;0.0
0.0;157.1;0.0;0.0
0.0;157.1;0.0;0.0
0.0;157.4;1.7;0.0
0.0;157.4;0.0;0.0
0.0;157.4;0.0;0.0
0.0;157.4;0.0;0.0
0.0;157.4;0.4;0.0
0.0;157.4;0.7;0.0
0.0;157.4;0.0;0.0
0.0;157.4;0.0;0.0
0.0;157.4;0.0;0.0
7.5;157.8;0.7;0.0
8.3;157.8;0.0;0.0
8.3;157.8;0.0;0.0
8.3;157.8;0.0;0.0
9.2;158.0;1.2;0.0
5.0;158.6;0.3;0.0
0.0;158.6;0.0;0.0
0.0;158.6;0.0;0.0
0.0;158.6;0.0;0.0
0.0;158.6;0.0;0.0
0.0;158.6;0.0;0.0
0.0;158.6;0.0;0.0
0.0;158.6;1.8;0.0
0.0;158.6;0.0;0.0
0.0;158.6;0.0;0.0
0.0;158.6;0.0;0.0
0.0;158.6;1.1;0.0
0.0;158.6;0.0;0.0
0.0;158.6;0.0;0.0
1.7;158.9;0.7;0.0
8.3;162.3;0.3;4.0
7.5;193.2;696.0;0.0
8.3;193.7;362.1;0.0
8.3;193.7;355.2;0.0
8.3;193.7;354.8;0.0
8.3;193.7;372.9;0.0
9.1;225.3;253.0;0.0
8.3;225.6;0.2;68.0
8.3;225.6;0.8;256.0
8.3;225.6;0.2;64.0
8.3;195.1;0.5;68.0
8.3;195.1;0.0;0.0
2.5;0.0;0.0;0.0
