26.6;46.7;33.8;0.0
7.5;62.2;29.6;0.0
6.6;70.9;23.1;0.0
7.5;80.8;25.0;0.0
6.6;89.8;37.3;0.0
7.5;100.1;43.0;0.0
13.3;116.0;35.1;0.0
95.6;130.9;38.4;0.0
7.5;137.4;13.0;0.0
8.3;151.9;36.9;0.0
7.5;153.1;2.3;0.0
0.0;153.1;0.0;0.0
0.0;153.1;0.0;0.0
0.0;153.1;0.0;0.0
0.0;153.1;0.0;0.0
0.0;153.1;0.0;0.0
0.0;153.1;0.0;0.0
0.0;153.1;0.0;0.0
0.0;153.1;1.8;0.0
0.0;153.1;0.0;0.0
0.0;153.1;0.0;0.0
0.0;153.3;1.0;0.0
0.0;153.3;0.0;0.0
0.0;153.3;0.0;0.0
0.0;153.3;0.0;0.0
3.3;153.5;0.7;0.0
8.3;153.6;0.0;0.0
8.3;153.6;0.0;0.0
8.3;153.6;0.0;0.0
8.3;153.6;0.0;0.0
9.1;154.1;1.5;0.0
1.7;154.5;0.0;0.0
0.0;154.5;0.0;0.0
0.0;154.5;0.0;0.0
0.0;154.5;0.0;0.0
0.0;154.5;0.0;0.0
0.0;154.5;0.0;0.0
0.0;154.5;0.0;0.0
0.0;154.5;1.8;0.0
0.0;154.5;0.0;0.0
0.0;154.5;0.0;0.0
0.0;154.5;0.4;0.0
0.0;154.5;0.0;0.0
0.0;154.5;0.0;0.0
0.0;154.5;0.0;0.0
3.3;154.8;1.4;0.0
8.3;188.8;81.9;4.0
7.5;189.3;752.4;0.0
8.3;189.7;332.5;0.0
8.3;189.7;355.2;0.0
8.3;189.7;362.3;0.0
8.3;189.7;374.7;0.0
8.3;221.3;183.1;0.0
8.3;221.3;0.4;132.0
8.3;221.3;0.6;192.0
8.3;221.3;0.2;64.0
8.3;191.0;0.3;56.0
8.3;0.0;0.0;0.0
0.8;0.0;0.0;0.0
0.0;0.0;0.0;0.0
