21.6;46.6;27.0;0.0
5.8;60.7;29.1;0.0
6.6;70.0;28.7;0.0
7.5;83.6;26.8;0.0
6.6;91.4;31.0;0.0
6.6;100.8;41.0;0.0
7.5;112.5;43.5;0.0
86.2;133.9;41.0;0.0
22.4;140.8;10.4;0.0
6.6;155.3;39.8;0.0
8.3;156.0;0.4;0.0
3.3;157.0;2.3;0.0
0.0;157.0;0.0;0.0
0.0;157.0;0.0;0.0
0.0;157.0;0.0;0.0
0.0;157.0;0.0;0.0
0.0;157.0;0.0;0.0
0.0;157.0;0.0;0.0
0.0;157.0;1.8;0.0
0.0;157.0;0.0;0.0
0.0;157.0;0.0;0.0
0.0;157.0;0.0;0.0
0.0;157.0;0.4;0.0
0.0;157.0;0.0;0.0
0.0;157.0;0.0;0.0
0.0;157.0;0.0;0.0
5.8;157.6;1.5;0.0
8.3;157.6;0.0;0.0
8.3;157.6;0.0;0.0
8.3;157.6;0.0;0.0
8.3;157.6;0.0;0.0
8.3;160.4;1.5;0.0
0.0;160.4;0.0;0.0
0.0;160.4;0.0;0.0
0.0;160.4;0.0;0.0
0.0;160.4;0.0;0.0
0.0;160.4;0.0;0.0
0.0;160.4;0.0;0.0
0.0;160.4;1.8;0.0
0.0;160.4;0.0;0.0
0.0;160.4;0.0;0.0
0.0;160.4;0.0;0.0
0.0;160.4;1.2;0.0
0.0;160.4;0.0;0.0
0.0;160.4;0.0;0.0
0.0;160.4;0.0;0.0
5.0;161.4;1.2;4.0
9.1;192.8;424.0;0.0
8.3;193.5;529.5;0.0
8.3;193.5;321.6;0.0
8.3;193.5;326.1;0.0
8.3;193.5;354.3;0.0
8.3;193.5;391.2;0.0
7.5;225.4;47.3;0.0
8.3;225.4;0.6;196.0
8.3;225.4;0.6;192.0
8.3;195.0;0.3;48.0
8.3;195.0;0.0;0.0
5.0;0.0;0.0;0.0
0.0;0.0;0.0;0.0
