8.3;41.8;10.8;0.0
8.3;47.8;9.5;0.0
7.5;53.9;12.6;0.0
8.3;60.2;12.9;0.0
7.5;64.4;6.1;0.0
8.3;68.1;10.6;0.0
8.3;72.1;7.8;0.0
6.6;62.4;14.2;0.0
8.3;68.1;5.5;0.0
8.3;72.8;9.0;0.0
9.1;76.2;12.3;0.0
7.5;78.1;7.3;0.0
7.5;83.8;22.9;0.0
7.5;87.9;17.8;0.0
7.5;91.2;13.4;0.0
8.3;96.2;19.6;0.0
7.5;98.7;14.8;0.0
8.3;105.1;19.7;0.0
49.1;120.5;10.4;0.0
44.9;124.5;14.5;0.0
8.3;131.3;16.7;0.0
8.3;132.2;0.0;0.0
8.3;132.9;0.2;0.0
8.3;134.0;0.8;0.0
8.7;136.0;5.2;0.0
8.3;137.8;3.6;0.0
5.8;138.0;6.0;0.0
8.3;141.2;11.9;0.0
8.3;149.3;19.2;0.0
8.3;152.5;3.0;0.0
8.3;152.5;0.0;0.0
8.3;153.3;0.9;0.0
0.8;153.8;1.2;0.0
0.0;153.8;0.0;0.0
0.0;153.8;0.0;0.0
0.0;153.8;0.0;0.0
0.0;153.8;0.0;0.0
0.0;153.8;0.0;0.0
0.0;153.8;0.0;0.0
0.0;153.8;0.0;0.0
0.0;153.8;0.0;0.0
0.0;153.8;0.0;0.0
0.0;153.8;0.0;0.0
0.0;153.8;0.0;0.0
0.0;153.8;0.0;0.0
0.0;154.0;1.6;0.0
0.0;154.0;0.1;0.0
0.0;154.0;0.0;0.0
0.0;154.0;0.0;0.0
0.0;154.0;0.0;0.0
0.0;154.0;0.0;0.0
0.0;154.0;0.0;0.0
0.0;154.0;0.0;0.0
0.8;154.0;0.4;0.0
0.0;154.0;0.0;0.0
1.7;154.2;0.6;0.0
8.3;154.2;0.0;0.0
8.3;154.2;0.0;0.0
8.2;154.2;0.0;0.0
8.3;154.3;0.0;0.0
