8.3;55.6;9.5;0.0
8.3;59.7;9.2;0.0
7.5;63.3;5.6;0.0
8.3;65.3;3.6;0.0
8.3;68.9;5.6;0.0
8.3;71.7;9.5;0.0
7.5;73.4;3.1;0.0
8.3;75.9;8.4;0.0
7.5;76.2;4.2;0.0
8.3;77.6;3.6;0.0
7.5;81.1;3.7;0.0
8.3;82.6;1.2;0.0
8.3;85.0;3.4;0.0
8.3;87.3;6.0;0.0
8.3;89.2;9.1;0.0
8.3;90.6;2.8;0.0
8.3;92.0;3.3;0.0
6.6;93.1;5.8;0.0
8.3;95.3;13.5;0.0
6.6;99.1;12.3;0.0
6.6;101.2;6.5;0.0
8.3;101.9;4.0;0.0
8.3;103.5;7.0;0.0
8.3;105.2;7.2;0.0
8.3;106.1;3.0;0.0
8.3;107.4;7.4;0.0
8.3;108.6;7.4;0.0
7.5;111.1;4.6;0.0
9.1;111.9;5.8;0.0
6.6;113.2;7.9;0.0
8.3;117.5;12.5;0.0
8.3;119.4;7.3;0.0
10.0;125.0;0.4;0.0
89.3;135.2;2.8;0.0
17.4;138.6;7.2;0.0
8.3;140.4;3.8;0.0
7.5;143.1;12.2;0.0
8.3;145.0;7.2;0.0
8.3;149.8;8.0;0.0
9.1;150.1;0.0;0.0
8.3;150.5;0.0;0.0
7.5;150.7;0.0;0.0
9.1;151.2;0.0;0.0
9.1;151.6;0.2;0.0
7.5;152.1;0.4;0.0
8.5;153.0;1.0;0.0
8.3;154.0;2.2;0.0
8.3;154.6;2.4;0.0
8.3;155.9;3.4;0.0
9.1;156.3;0.2;0.0
5.8;156.5;3.2;0.0
8.3;157.1;6.2;0.0
9.1;160.0;9.1;0.0
7.5;161.4;4.6;0.0
8.3;163.9;6.4;0.0
9.1;167.0;5.0;0.0
8.3;169.1;4.4;0.0
9.1;170.6;1.2;0.0
7.5;170.9;0.0;0.0
8.3;170.9;0.0;0.0
