8.3;50.3;10.6;0.0
7.5;53.8;11.0;0.0
8.3;58.6;8.2;0.0
7.5;61.9;4.9;0.0
9.1;65.6;8.3;0.0
7.5;68.6;8.0;0.0
8.3;71.7;10.1;0.0
8.3;69.2;7.4;0.0
8.3;74.2;5.3;0.0
8.3;77.4;4.5;0.0
8.3;80.9;14.2;0.0
8.3;83.1;4.0;0.0
7.5;83.7;2.5;0.0
7.5;87.2;19.7;0.0
7.5;92.1;14.2;0.0
8.3;94.1;9.6;0.0
8.3;96.4;10.6;0.0
8.3;99.2;11.8;0.0
8.3;103.1;15.0;0.0
7.5;104.4;7.5;0.0
8.3;105.7;6.7;0.0
7.5;109.5;11.6;0.0
6.6;111.3;4.9;0.0
8.3;111.3;0.0;0.0
73.8;124.5;6.8;0.0
27.4;127.4;5.4;0.0
8.3;129.1;7.0;0.0
8.3;131.7;9.5;0.0
8.3;133.5;6.9;0.0
8.3;137.6;6.0;0.0
8.3;138.5;0.0;0.0
8.3;139.4;0.2;0.0
9.1;141.4;3.0;0.0
8.3;143.9;6.4;0.0
7.5;144.4;0.2;0.0
7.5;145.2;10.4;0.0
8.3;147.6;7.1;0.0
8.3;153.5;13.6;0.0
8.3;157.9;8.6;0.0
8.3;158.8;0.4;0.0
8.3;158.8;0.0;0.0
8.3;158.8;0.0;0.0
5.0;160.0;2.0;0.0
0.8;160.0;0.1;0.0
0.0;160.0;0.0;0.0
0.0;160.0;0.0;0.0
0.0;160.0;0.0;0.0
0.0;160.0;0.0;0.0
0.0;160.0;0.0;0.0
0.0;160.0;0.0;0.0
0.0;160.0;0.0;0.0
0.0;160.1;1.7;0.0
0.0;160.1;0.0;0.0
0.0;160.1;0.0;0.0
0.0;160.1;0.0;0.0
0.0;160.1;0.9;0.0
7.5;160.4;0.0;0.0
8.3;160.4;0.0;0.0
8.3;160.4;0.0;0.0
8.3;160.4;0.0;0.0
