8.3;44.3;6.7;0.0
7.5;49.9;5.9;0.0
9.0;51.7;6.7;0.0
6.6;54.9;6.6;0.0
8.3;57.9;5.9;0.0
8.3;59.7;3.5;0.0
8.3;61.4;2.4;0.0
8.3;62.7;1.4;0.0
8.3;64.7;3.8;0.0
8.3;66.0;4.8;0.0
9.1;67.5;4.0;0.0
8.3;68.2;1.5;0.0
8.3;69.5;2.7;0.0
7.5;71.0;5.8;0.0
8.3;61.3;2.6;0.0
8.3;62.6;4.2;0.0
8.1;63.5;3.0;0.0
8.3;64.4;0.6;0.0
7.5;67.9;3.9;0.0
8.6;69.3;1.0;0.0
7.5;70.7;1.6;0.0
8.3;72.3;2.9;0.0
9.1;74.0;5.6;0.0
8.3;75.9;8.4;0.0
8.3;76.8;2.8;0.0
8.3;78.1;1.4;0.0
9.1;78.6;1.9;0.0
7.5;78.9;2.6;0.0
7.5;80.0;6.4;0.0
8.3;80.9;6.7;0.0
7.5;84.5;6.4;0.0
7.5;84.9;5.4;0.0
6.6;86.4;6.4;0.0
7.5;87.9;5.2;0.0
8.3;88.8;3.8;0.0
7.5;89.7;4.4;0.0
8.2;90.4;4.4;0.0
8.3;91.3;2.6;0.0
8.8;93.5;9.0;0.0
7.5;94.5;5.4;0.0
8.3;96.1;8.8;0.0
8.3;98.3;5.2;0.0
7.8;99.0;3.9;0.0
8.3;99.5;2.6;0.0
8.3;100.6;5.5;0.0
8.3;104.0;9.5;0.0
7.5;106.2;8.0;0.0
8.8;106.3;0.4;0.0
77.3;120.1;4.5;0.0
23.3;124.2;6.5;0.0
8.3;127.1;12.3;0.0
7.5;130.5;12.1;0.0
8.3;134.4;5.8;0.0
8.2;134.8;0.0;0.0
8.3;135.2;0.0;0.0
10.0;135.7;0.0;0.0
8.3;136.0;0.0;0.0
8.3;136.5;0.6;0.0
8.3;137.7;1.2;0.0
7.4;139.5;4.8;0.0
