7.5;40.1;11.4;0.0
6.6;45.2;9.0;0.0
8.3;51.3;9.7;0.0
8.3;57.9;15.1;0.0
7.5;62.7;7.3;0.0
9.2;68.9;15.3;0.0
5.8;63.7;13.8;0.0
8.3;70.4;8.5;0.0
8.3;75.4;13.7;0.0
8.3;79.2;9.0;0.0
7.5;81.3;13.8;0.0
7.4;86.9;19.8;0.0
7.5;90.5;13.8;0.0
9.1;93.5;13.2;0.0
6.6;99.1;22.8;0.0
8.3;101.8;13.4;0.0
7.5;107.3;17.3;0.0
84.3;125.7;12.9;0.0
11.5;135.7;28.7;0.0
8.3;137.3;0.0;0.0
8.3;140.9;6.6;0.0
7.5;143.3;13.8;0.0
8.3;152.2;22.9;0.0
8.3;156.9;6.5;0.0
8.3;156.9;0.0;0.0
8.3;157.2;0.0;0.0
4.2;158.2;2.0;0.0
0.0;158.2;0.1;0.0
0.0;158.2;0.0;0.0
0.0;158.2;0.0;0.0
0.0;158.2;0.0;0.0
0.0;158.2;0.0;0.0
0.0;158.2;0.0;0.0
0.0;158.2;0.0;0.0
0.0;158.4;1.8;0.0
0.0;158.4;0.0;0.0
0.0;158.4;0.0;0.0
0.0;158.4;0.0;0.0
0.0;158.4;0.0;0.0
2.5;158.6;0.8;0.0
8.3;158.6;0.0;0.0
8.3;158.7;0.0;0.0
8.3;158.7;0.0;0.0
8.3;158.7;0.0;0.0
8.3;158.7;0.0;0.0
8.3;158.7;0.0;0.0
8.3;158.7;0.0;0.0
7.5;158.7;0.0;0.0
9.1;158.7;0.0;0.0
8.3;158.7;0.0;0.0
8.3;158.7;0.0;0.0
8.3;158.7;0.0;0.0
8.3;158.7;0.0;0.0
8.3;158.7;0.0;0.0
8.3;158.7;0.0;0.0
8.3;158.7;0.0;0.0
8.3;158.7;0.0;0.0
8.3;158.7;0.0;0.0
8.3;158.7;0.0;0.0
8.3;158.9;1.4;0.0
