6.6;34.2;10.2;0.0
7.5;40.9;10.4;0.0
7.5;47.8;8.4;0.0
8.3;54.0;15.0;0.0
9.1;59.1;9.1;0.0
8.3;61.3;3.6;0.0
8.3;65.9;9.5;0.0
7.5;69.4;8.7;0.0
7.5;64.1;12.6;0.0
8.3;66.4;4.2;0.0
7.5;70.7;4.3;0.0
8.3;74.2;5.1;0.0
8.3;77.7;15.4;0.0
10.0;79.0;1.2;0.0
8.3;80.0;2.9;0.0
6.6;82.8;17.1;0.0
6.6;87.1;14.5;0.0
6.6;90.1;11.3;0.0
8.3;92.6;10.8;0.0
8.3;95.3;11.0;0.0
7.5;99.2;15.0;0.0
8.3;101.2;12.4;0.0
7.5;105.5;12.5;0.0
8.3;107.5;7.6;0.0
45.7;124.6;7.2;0.0
54.0;127.8;6.1;0.0
7.6;132.0;15.4;0.0
9.1;136.6;11.2;0.0
8.3;138.5;1.7;0.0
8.3;139.6;0.2;0.0
7.5;142.9;6.4;0.0
7.5;145.7;14.0;0.0
8.3;151.8;17.7;0.0
8.8;157.6;11.2;0.0
8.3;159.2;0.4;0.0
8.3;159.2;0.0;0.0
8.3;159.4;0.0;0.0
1.7;160.5;2.1;0.0
0.0;160.5;0.0;0.0
0.0;160.5;0.0;0.0
0.0;160.5;0.0;0.0
0.0;160.5;0.0;0.0
0.0;160.5;0.0;0.0
0.0;160.5;0.0;0.0
0.0;160.5;0.0;0.0
0.0;160.5;0.0;0.0
0.0;160.8;1.6;0.0
0.0;160.8;0.0;0.0
0.0;160.8;0.0;0.0
0.0;160.8;0.0;0.0
0.0;160.9;0.8;0.0
9.1;160.9;0.0;0.0
8.3;160.9;0.0;0.0
8.3;160.9;0.0;0.0
8.3;160.9;0.0;0.0
8.3;160.9;0.0;0.0
8.3;161.1;0.0;0.0
8.3;161.1;0.0;0.0
8.3;161.1;0.0;0.0
8.3;161.1;0.0;0.0
