67.9;33.7;1.6;0.0
5.0;34.9;2.2;0.0
9.1;36.0;2.0;0.0
7.5;37.2;3.7;0.0
8.3;37.9;2.8;0.0
7.5;39.2;2.6;0.0
8.3;40.4;3.0;0.0
8.3;42.8;4.0;0.0
8.3;45.7;2.6;0.0
6.6;46.9;2.4;0.0
8.3;48.0;3.6;0.0
8.3;49.6;1.8;0.0
8.3;52.2;2.6;0.0
8.3;55.7;4.0;0.0
7.5;56.6;2.3;0.0
8.3;57.3;4.6;0.0
8.3;58.7;3.9;0.0
8.3;61.3;3.5;0.0
9.1;62.6;4.2;0.0
6.6;64.5;2.3;0.0
8.3;65.5;1.7;0.0
7.5;66.4;2.1;0.0
9.2;67.5;1.5;0.0
7.5;68.6;1.0;0.0
8.3;68.9;0.4;0.0
9.1;70.6;3.0;0.0
8.3;71.8;4.5;0.0
8.3;72.9;4.1;0.0
8.3;73.8;2.1;0.0
6.6;74.6;0.4;0.0
9.1;75.6;2.3;0.0
7.5;76.8;5.6;0.0
7.4;78.0;3.2;0.0
7.5;63.6;3.6;0.0
9.1;64.4;0.6;0.0
7.5;65.4;3.0;0.0
8.3;66.0;0.6;0.0
9.1;68.3;2.4;0.0
8.3;69.3;1.3;0.0
7.5;70.7;1.2;0.0
7.5;70.9;0.0;0.0
8.3;72.1;1.6;0.0
9.2;73.7;2.9;0.0
8.3;75.9;6.7;0.0
7.7;78.3;9.7;0.0
8.3;78.8;0.4;0.0
8.3;79.1;0.4;0.0
8.3;79.6;1.0;0.0
8.3;80.2;1.9;0.0
8.3;80.4;2.8;0.0
7.5;81.3;5.0;0.0
7.5;82.5;7.5;0.0
8.3;83.7;4.8;0.0
7.5;85.8;3.6;0.0
8.3;86.4;3.8;0.0
7.5;87.6;5.8;0.0
6.6;89.1;3.2;0.0
7.5;89.6;3.4;0.0
9.1;90.1;2.2;0.0
8.3;90.8;3.0;0.0
