7.5;31.4;7.4;0.0
6.6;36.3;8.4;0.0
7.5;39.2;6.0;0.0
7.5;42.4;4.6;0.0
8.3;48.6;7.1;0.0
7.5;50.8;8.9;0.0
9.1;53.8;5.9;0.0
8.3;56.8;4.9;0.0
7.5;59.2;3.4;0.0
8.3;60.5;2.1;0.0
8.3;62.6;3.8;0.0
8.3;65.2;8.8;0.0
7.5;66.7;2.5;0.0
7.4;69.0;7.9;0.0
5.8;66.4;6.4;0.0
8.3;68.2;3.6;0.0
8.3;71.5;3.7;0.0
8.3;73.9;2.6;0.0
8.3;76.1;3.3;0.0
9.0;79.2;12.4;0.0
8.3;81.0;4.2;0.0
8.0;82.3;3.3;0.0
7.5;83.3;4.4;0.0
8.3;85.4;13.3;0.0
7.5;88.6;9.4;0.0
6.6;90.7;7.4;0.0
7.5;92.0;7.2;0.0
8.8;93.4;5.8;0.0
8.2;95.0;6.4;0.0
8.3;96.5;5.4;0.0
6.6;98.2;9.4;0.0
9.1;101.5;11.8;0.0
7.5;102.8;6.9;0.0
8.3;104.1;5.9;0.0
8.3;105.7;6.2;0.0
8.3;108.2;9.0;0.0
7.5;109.8;3.7;0.0
8.3;109.8;0.0;0.0
24.9;113.3;0.4;0.0
57.3;123.7;0.8;0.0
38.2;126.0;5.4;0.0
7.5;129.3;4.8;0.0
8.3;130.7;2.8;0.0
8.8;132.6;9.1;0.0
8.3;134.5;6.9;0.0
8.3;136.9;7.6;0.0
8.3;140.1;3.8;0.0
8.3;140.8;0.0;0.0
8.3;141.2;0.0;0.0
8.3;141.9;0.2;0.0
8.3;143.5;2.0;0.0
7.5;146.2;7.4;0.0
7.5;146.6;0.2;0.0
8.3;148.6;12.2;0.0
8.3;151.3;10.1;0.0
8.3;157.6;12.4;0.0
8.3;161.1;5.0;0.0
8.3;161.5;0.4;0.0
8.3;161.5;0.0;0.0
8.3;161.5;0.0;0.0
