6.6;47.0;3.4;0.0
9.1;48.1;3.5;0.0
7.5;52.5;4.4;0.0
7.5;55.9;3.7;0.0
8.3;56.8;3.2;0.0
8.3;58.2;5.6;0.0
8.3;60.4;4.1;0.0
8.3;61.7;2.8;0.0
9.1;63.5;3.4;0.0
8.1;65.3;2.8;0.0
8.3;67.4;3.2;0.0
8.3;68.6;1.8;0.0
8.3;70.5;3.0;0.0
7.5;72.2;6.0;0.0
8.3;73.8;4.5;0.0
7.5;74.7;1.6;0.0
8.3;76.0;2.7;0.0
7.5;77.0;5.0;0.0
8.3;77.2;2.4;0.0
8.3;78.5;4.0;0.0
7.5;79.4;3.0;0.0
8.3;80.1;0.6;0.0
8.3;82.5;1.8;0.0
8.3;85.0;3.1;0.0
8.3;85.9;1.2;0.0
8.3;88.2;3.3;0.0
7.9;90.2;10.0;0.0
8.3;92.9;6.8;0.0
9.1;93.9;1.4;0.0
8.3;94.5;1.9;0.0
7.5;96.1;10.3;0.0
6.6;97.6;8.8;0.0
8.3;100.0;4.0;0.0
7.5;101.9;9.8;0.0
7.5;103.9;6.8;0.0
8.3;105.1;5.8;0.0
8.2;106.9;7.2;0.0
9.1;108.1;5.0;0.0
7.5;109.9;7.1;0.0
8.3;111.9;12.1;0.0
8.1;114.7;9.4;0.0
7.5;115.3;3.1;0.0
6.6;115.8;3.1;0.0
9.2;117.8;7.4;0.0
7.5;120.4;7.8;0.0
9.2;122.0;4.5;0.0
30.8;131.9;0.7;0.0
75.6;134.6;6.1;0.0
9.1;138.2;5.7;0.0
8.3;140.8;10.0;0.0
8.3;143.1;8.6;0.0
9.1;148.3;10.5;0.0
7.5;148.6;0.0;0.0
9.1;149.0;0.0;0.0
8.3;149.4;0.0;0.0
8.3;149.7;0.0;0.0
7.5;150.1;0.2;0.0
9.1;150.6;0.8;0.0
8.3;152.0;2.0;0.0
8.3;153.1;3.2;0.0
