8.3;51.7;8.9;0.0
8.3;56.2;10.6;0.0
7.5;61.3;7.8;0.0
8.3;64.0;2.8;0.0
8.3;67.7;12.3;0.0
7.5;70.7;7.9;0.0
7.5;71.5;8.2;0.0
8.3;75.2;5.7;0.0
8.3;78.7;3.8;0.0
8.3;82.6;8.8;0.0
8.3;86.0;11.5;0.0
8.3;87.3;3.3;0.0
6.6;88.9;11.9;0.0
8.3;93.2;13.2;0.0
6.6;96.5;14.2;0.0
8.3;98.8;9.8;0.0
8.3;101.2;9.6;0.0
7.5;104.1;15.6;0.0
8.3;107.3;10.2;0.0
7.5;108.7;8.0;0.0
8.3;113.2;16.0;0.0
9.1;116.4;4.1;0.0
86.5;136.9;11.0;0.0
15.8;142.4;21.6;0.0
8.3;147.9;8.6;0.0
8.3;149.4;1.0;0.0
8.3;153.0;8.6;0.0
7.5;153.7;3.4;0.0
7.5;156.5;13.3;0.0
8.3;163.0;16.2;0.0
8.3;168.2;7.4;0.0
8.3;168.2;0.0;0.0
9.1;168.2;0.0;0.0
5.0;169.5;2.1;0.0
0.0;169.5;0.0;0.0
0.0;169.5;0.0;0.0
0.0;169.5;0.0;0.0
0.0;169.5;0.0;0.0
0.0;169.5;0.0;0.0
0.0;169.5;0.0;0.0
0.0;169.5;0.0;0.0
0.0;169.5;0.0;0.0
0.0;169.5;0.8;0.0
0.0;169.7;0.9;0.0
0.0;169.7;0.0;0.0
0.0;169.7;0.0;0.0
0.0;169.7;0.0;0.0
0.0;169.7;1.0;0.0
8.3;169.9;0.0;0.0
8.3;169.9;0.0;0.0
8.3;170.0;0.0;0.0
8.3;170.0;0.0;0.0
8.2;170.0;0.0;0.0
8.3;170.0;0.0;0.0
9.1;170.0;0.0;0.0
8.3;170.0;0.0;0.0
8.3;170.0;0.0;0.0
8.3;170.0;0.0;0.0
8.3;170.0;0.0;0.0
8.3;170.0;0.0;0.0
