7.5;48.1;11.3;0.0
6.6;56.8;12.4;0.0
9.1;64.0;16.0;0.0
7.5;68.6;7.3;0.0
9.1;73.8;13.7;0.0
6.6;77.1;8.9;0.0
7.5;71.0;10.0;0.0
7.5;74.4;3.7;0.0
8.3;78.2;4.0;0.0
8.3;82.8;15.1;0.0
8.3;85.2;5.2;0.0
8.3;86.8;9.1;0.0
7.5;89.7;13.5;0.0
7.5;95.3;19.0;0.0
8.3;98.2;13.8;0.0
7.5;101.5;13.8;0.0
8.3;105.9;17.6;0.0
7.5;110.4;16.3;0.0
8.3;113.3;11.0;0.0
79.2;131.4;5.5;0.0
29.1;139.1;21.5;0.0
8.3;145.5;14.6;0.0
8.3;147.1;0.0;0.0
7.5;150.3;6.2;0.0
8.3;152.3;11.6;0.0
8.3;160.4;22.7;0.0
8.3;166.6;9.4;0.0
8.3;166.6;0.0;0.0
7.5;167.8;2.0;0.0
0.8;167.8;0.1;0.0
0.0;167.8;0.0;0.0
0.0;167.8;0.0;0.0
0.0;167.8;0.0;0.0
0.0;167.8;0.0;0.0
0.0;167.8;0.0;0.0
0.0;167.8;0.0;0.0
0.0;167.8;0.0;0.0
0.0;167.9;1.8;0.0
0.0;167.9;0.0;0.0
0.0;167.9;0.0;0.0
0.0;167.9;0.0;0.0
0.0;167.9;0.4;0.0
0.0;167.9;0.0;0.0
2.5;168.2;0.5;0.0
8.3;168.2;0.0;0.0
8.3;168.2;0.0;0.0
9.1;168.2;0.0;0.0
8.3;168.3;0.0;0.0
8.3;168.3;0.0;0.0
8.3;168.3;0.0;0.0
8.3;168.3;0.0;0.0
8.3;168.3;0.0;0.0
8.3;168.3;0.0;0.0
8.3;168.3;0.0;0.0
8.3;168.3;0.0;0.0
8.3;168.3;0.0;0.0
8.3;168.3;0.0;0.0
8.3;168.3;0.0;0.0
8.3;168.3;0.0;0.0
9.1;168.3;0.0;0.0
