9.1;46.4;13.2;0.0
7.5;52.6;10.3;0.0
7.5;58.2;11.8;0.0
8.3;64.0;10.5;0.0
8.3;67.5;6.9;0.0
8.3;71.9;8.5;0.0
7.5;76.7;12.3;0.0
7.5;76.3;13.0;0.0
8.3;81.9;5.5;0.0
7.5;85.2;5.1;0.0
8.3;89.9;16.2;0.0
8.3;91.2;3.3;0.0
8.3;94.8;19.9;0.0
6.6;100.4;19.0;0.0
8.3;104.2;16.4;0.0
7.5;108.2;19.8;0.0
7.5;112.2;16.4;0.0
7.5;118.7;20.7;0.0
59.1;130.3;3.6;0.0
47.0;135.1;10.2;0.0
7.5;143.2;25.5;0.0
8.3;145.8;2.3;0.0
8.3;147.3;0.6;0.0
9.1;151.4;9.2;0.0
7.5;154.9;16.7;0.0
8.3;163.4;20.8;0.0
8.3;166.2;2.6;0.0
8.3;166.2;0.0;0.0
8.3;166.4;0.0;0.0
3.3;167.4;2.1;0.0
0.0;167.4;0.0;0.0
0.0;167.4;0.0;0.0
0.0;167.4;0.0;0.0
0.0;167.4;0.0;0.0
0.0;167.4;0.0;0.0
0.0;167.4;0.0;0.0
0.0;167.4;0.0;0.0
0.0;167.4;0.0;0.0
0.0;167.5;1.8;0.0
0.0;167.5;0.0;0.0
0.0;167.5;0.0;0.0
0.0;167.5;0.0;0.0
0.0;167.5;0.9;0.0
8.3;167.7;0.0;0.0
8.3;167.7;0.0;0.0
8.3;167.9;0.0;0.0
8.3;167.9;0.0;0.0
8.3;167.9;0.0;0.0
8.3;167.9;0.0;0.0
9.1;167.9;0.0;0.0
8.3;167.9;0.0;0.0
8.3;167.9;0.0;0.0
8.3;167.9;0.0;0.0
8.3;167.9;0.0;0.0
8.3;167.9;0.0;0.0
8.3;167.9;0.0;0.0
8.3;167.9;0.0;0.0
8.3;167.9;0.0;0.0
8.3;167.9;0.0;0.0
8.3;168.1;1.3;0.0
