8.3;39.9;5.0;0.0
9.1;42.8;5.2;0.0
7.5;45.8;3.0;0.0
7.5;46.9;3.6;0.0
8.3;47.9;1.6;0.0
7.5;49.8;2.7;0.0
6.6;53.3;3.3;0.0
9.1;55.7;3.4;0.0
7.5;56.6;2.8;0.0
9.1;57.7;4.5;0.0
6.6;61.0;6.0;0.0
8.3;63.5;4.7;0.0
7.5;64.9;3.5;0.0
8.3;67.2;3.6;0.0
8.3;69.9;2.4;0.0
8.3;71.8;7.1;0.0
8.3;74.1;6.0;0.0
8.3;76.1;4.1;0.0
6.6;72.4;10.0;0.0
8.3;74.5;4.2;0.0
8.3;77.5;2.0;0.0
9.1;79.6;3.1;0.0
7.5;81.9;2.6;0.0
8.3;85.1;8.2;0.0
8.3;87.5;10.5;0.0
8.3;88.7;1.6;0.0
8.3;89.6;2.1;0.0
8.3;89.8;3.2;0.0
7.5;91.0;5.8;0.0
7.5;92.3;8.1;0.0
9.1;93.6;4.0;0.0
8.3;95.8;5.8;0.0
7.5;97.2;7.0;0.0
7.5;98.8;5.0;0.0
8.3;99.9;4.6;0.0
8.3;101.1;6.2;0.0
8.3;102.3;4.6;0.0
8.3;103.6;4.8;0.0
7.5;105.2;9.2;0.0
8.3;106.8;7.6;0.0
7.5;109.4;8.2;0.0
9.1;110.3;4.9;0.0
8.2;112.1;8.1;0.0
8.3;115.4;10.8;0.0
7.5;117.2;4.3;0.0
38.2;133.7;2.7;0.0
70.6;140.4;12.6;0.0
8.3;147.9;24.4;0.0
8.3;149.9;2.0;0.0
9.1;150.8;0.0;0.0
8.3;152.7;1.6;0.0
8.3;155.6;8.2;0.0
6.6;157.9;12.0;0.0
8.3;162.7;14.5;0.0
8.3;168.8;13.2;0.0
8.3;170.4;0.4;0.0
8.3;170.4;0.0;0.0
8.3;170.4;0.0;0.0
5.8;171.7;2.0;0.0
0.8;171.7;0.1;0.0
