9.1;33.5;7.0;0.0
7.5;39.4;8.4;0.0
5.8;41.5;5.6;0.0
8.3;46.9;6.0;0.0
8.3;50.4;6.0;0.0
8.3;54.7;10.7;0.0
8.3;58.3;7.1;0.0
8.3;61.0;4.7;28.0
8.3;64.5;7.0;0.0
8.3;68.1;8.5;0.0
6.6;70.6;8.7;0.0
7.5;71.4;9.4;0.0
8.3;75.0;3.6;0.0
8.3;78.5;3.5;0.0
8.3;82.1;8.8;0.0
9.1;85.2;10.9;0.0
8.3;86.5;3.3;0.0
7.5;87.4;4.6;104.0
7.5;89.5;13.1;92.0
7.5;92.2;6.6;40.0
6.6;95.0;10.2;204.0
7.5;96.3;7.2;0.0
8.3;97.8;6.2;104.0
8.3;99.7;7.2;0.0
7.5;101.4;8.0;0.0
8.3;103.1;9.4;0.0
7.5;105.9;9.0;416.0
7.5;106.9;4.9;44.0
7.5;107.8;6.1;40.0
8.3;110.2;8.2;0.0
8.3;113.5;11.2;48.0
8.3;114.0;0.3;0.0
67.1;130.6;2.6;0.0
39.9;136.0;8.8;0.0
8.3;139.7;15.2;0.0
8.3;145.0;14.1;0.0
8.3;146.7;0.9;0.0
8.3;147.4;0.0;0.0
8.3;148.1;0.2;0.0
8.3;150.0;2.6;0.0
8.3;151.8;4.6;0.0
7.5;153.0;2.4;0.0
7.5;154.2;10.8;0.0
7.5;156.7;7.9;0.0
10.0;159.5;7.4;0.0
7.4;162.7;6.8;0.0
8.3;166.4;6.8;0.0
8.3;167.4;0.4;0.0
8.3;167.4;0.0;0.0
8.3;167.4;0.0;0.0
8.3;167.7;0.0;0.0
6.6;168.6;2.0;0.0
0.0;168.6;0.0;0.0
0.0;168.6;0.0;0.0
0.0;168.6;0.0;0.0
0.0;168.6;0.0;0.0
0.0;168.6;0.0;0.0
0.0;168.6;0.0;0.0
0.0;168.6;0.0;0.0
0.0;168.6;0.0;0.0
