5.8;36.2;5.0;0.0
6.6;38.2;5.4;0.0
7.5;42.9;5.0;0.0
8.3;45.4;5.8;0.0
7.5;48.8;4.7;0.0
7.5;53.9;5.3;0.0
9.1;55.7;7.1;0.0
7.5;59.0;6.6;0.0
8.3;61.8;4.7;0.0
8.3;63.4;3.5;0.0
8.3;65.4;3.6;0.0
8.3;68.1;2.4;0.0
8.3;70.0;8.2;0.0
7.5;72.0;4.9;0.0
8.3;73.5;2.7;0.0
8.3;75.2;6.2;0.0
6.6;74.6;5.9;0.0
8.5;76.7;3.4;0.0
8.3;79.7;3.9;0.0
8.3;81.8;1.4;0.0
8.3;84.1;3.4;0.0
8.3;86.4;7.0;0.0
7.5;88.8;10.1;0.0
9.0;90.1;1.2;0.0
8.3;91.1;2.9;0.0
7.5;91.8;4.2;0.0
6.6;93.4;11.1;0.0
7.5;95.2;5.8;0.0
7.5;97.6;7.4;0.0
6.6;100.1;8.4;0.0
7.5;101.2;6.6;0.0
7.5;102.6;6.4;0.0
9.1;104.5;6.4;0.0
7.5;106.2;8.0;0.0
6.6;108.1;10.4;0.0
8.3;111.0;9.8;0.0
6.6;112.1;5.7;0.0
9.1;113.9;8.7;0.0
7.5;117.4;12.0;0.0
8.3;118.6;1.3;0.0
43.2;126.2;0.4;0.0
31.7;130.2;0.0;0.0
32.6;136.4;4.1;0.0
18.8;140.5;7.1;0.0
8.3;143.3;12.1;0.0
8.3;147.7;14.1;0.0
8.3;150.6;3.8;0.0
8.3;151.5;0.0;0.0
8.3;152.0;0.0;0.0
8.3;153.0;0.6;0.0
7.5;154.5;3.0;0.0
8.3;156.5;6.0;0.0
7.3;157.3;2.2;0.0
7.5;158.8;9.6;0.0
8.3;161.4;8.1;0.0
8.3;165.4;10.8;0.0
8.3;169.7;7.4;0.0
8.3;171.8;2.2;0.0
8.3;171.9;0.0;0.0
8.3;171.9;0.0;0.0
