7.5;33.4;6.9;0.0
7.5;38.8;5.9;0.0
7.5;42.0;6.9;0.0
7.5;47.3;4.3;0.0
8.2;48.8;4.8;0.0
8.3;52.4;9.7;0.0
8.3;55.8;5.3;0.0
8.3;57.5;3.9;0.0
7.5;60.5;3.8;0.0
8.3;62.5;4.2;0.0
8.3;64.2;6.8;0.0
8.3;66.3;3.9;0.0
8.3;68.3;4.3;0.0
7.5;68.7;10.1;0.0
8.3;71.3;3.8;0.0
7.5;74.9;4.1;0.0
8.3;76.9;1.8;0.0
7.5;79.4;3.9;0.0
8.3;82.2;11.4;0.0
8.3;84.3;5.4;0.0
8.3;85.5;2.7;0.0
8.3;85.8;3.2;0.0
7.5;87.9;12.7;0.0
7.5;91.2;8.4;0.0
8.3;93.2;9.6;0.0
7.5;95.4;8.4;0.0
8.3;96.8;5.8;0.0
8.3;98.1;6.2;0.0
8.3;99.5;5.0;0.0
7.5;101.4;8.6;0.0
8.3;104.8;11.8;0.0
8.2;106.2;7.7;0.0
8.3;107.5;6.5;0.0
7.5;111.1;10.9;0.0
8.3;113.3;8.0;0.0
50.7;131.2;5.9;0.0
58.2;137.0;14.1;0.0
8.3;140.9;14.2;0.0
8.3;145.6;7.4;0.0
9.1;146.2;0.0;0.0
8.3;146.9;0.2;0.0
8.3;148.1;0.8;0.0
8.3;149.9;5.2;0.0
8.3;151.3;3.4;0.0
7.5;152.0;3.0;0.0
8.3;153.7;9.4;0.0
8.3;156.2;8.1;0.0
9.0;161.0;10.8;0.0
8.3;164.3;6.8;0.0
9.0;166.4;2.2;0.0
7.5;166.4;0.0;0.0
8.3;166.4;0.0;0.0
8.3;166.4;0.0;0.0
9.1;167.2;0.7;0.0
0.0;167.6;1.3;0.0
0.0;167.6;0.1;0.0
0.0;167.6;0.0;0.0
0.0;167.6;0.0;0.0
0.0;167.6;0.0;0.0
0.0;167.6;0.0;0.0
