7.5;43.0;7.4;0.0
6.6;45.9;7.0;0.0
8.3;53.6;7.8;0.0
7.5;56.1;10.0;0.0
8.3;59.9;7.9;0.0
8.3;63.2;5.2;0.0
7.5;66.5;4.6;0.0
9.1;68.4;3.4;0.0
9.1;72.0;11.1;0.0
7.5;73.4;2.7;0.0
6.6;69.6;8.4;0.0
8.3;72.1;7.1;0.0
8.3;75.5;3.6;0.0
8.3;77.9;2.1;0.0
8.3;80.7;4.3;0.0
7.5;84.1;12.8;0.0
9.1;85.7;4.0;0.0
8.3;87.0;3.1;0.0
7.5;88.3;9.6;0.0
8.3;90.1;8.7;0.0
5.8;91.1;3.2;0.0
9.1;92.6;2.4;0.0
7.5;93.5;4.4;0.0
6.6;94.5;4.8;0.0
2.5;94.7;1.0;0.0
8.3;95.9;2.2;0.0
6.6;96.2;2.6;0.0
10.0;96.7;2.8;0.0
7.5;97.3;1.8;0.0
8.3;98.0;3.2;0.0
9.1;99.0;5.2;0.0
8.3;99.6;2.6;0.0
8.3;100.7;3.4;0.0
7.5;101.8;4.2;0.0
8.3;102.5;4.6;0.0
8.3;103.4;5.4;0.0
8.3;106.2;7.4;0.0
8.3;106.9;5.0;0.0
7.5;107.7;4.7;0.0
7.5;108.5;3.3;0.0
9.1;109.3;4.2;0.0
8.3;112.4;6.3;0.0
6.6;114.6;9.2;0.0
21.6;116.1;0.4;0.0
49.8;132.0;2.4;0.0
49.8;135.5;7.4;0.0
7.5;137.9;7.6;0.0
9.1;140.6;9.4;0.0
7.5;142.8;7.8;0.0
7.5;146.8;6.6;0.0
9.1;147.1;0.0;0.0
8.3;147.5;0.0;0.0
7.5;147.7;0.0;0.0
9.1;148.2;0.0;0.0
8.3;148.6;0.2;0.0
9.1;149.1;0.8;0.0
8.3;150.5;1.8;0.0
7.3;151.4;3.4;0.0
9.1;152.8;3.4;0.0
7.5;153.5;0.2;0.0
