8.3;38.8;9.3;0.0
7.5;46.2;11.6;0.0
8.3;52.0;9.0;0.0
8.3;57.5;11.7;0.0
7.5;63.4;11.3;0.0
8.3;67.3;7.1;0.0
8.3;70.4;4.8;0.0
8.3;74.4;10.9;0.0
7.5;76.4;10.9;0.0
7.5;79.5;7.6;0.0
8.3;86.0;7.1;0.0
8.3;90.5;15.3;0.0
8.3;93.1;5.2;0.0
7.5;95.6;16.0;0.0
8.3;100.4;15.6;0.0
7.5;104.0;14.6;0.0
8.3;106.8;11.2;0.0
7.5;109.9;15.6;0.0
8.3;114.3;16.7;0.0
8.3;118.9;16.0;0.0
7.5;121.2;8.4;0.0
75.9;138.2;10.4;0.0
29.1;143.9;20.0;0.0
8.3;149.8;11.2;0.0
8.3;151.2;0.2;0.0
8.2;154.2;6.0;0.0
7.5;156.1;6.8;0.0
8.3;158.0;9.8;0.0
8.3;163.3;15.1;0.0
8.3;169.5;11.6;0.0
8.3;170.5;0.4;0.0
8.3;170.5;0.0;0.0
4.2;171.7;2.0;0.0
0.8;171.7;0.1;0.0
0.0;171.7;0.0;0.0
0.0;171.7;0.0;0.0
0.0;171.7;0.0;0.0
0.0;171.7;0.0;0.0
0.0;171.7;0.0;0.0
0.0;171.7;0.0;0.0
0.0;171.7;0.0;0.0
0.0;171.7;0.0;0.0
0.0;171.8;1.6;0.0
0.0;171.8;0.0;0.0
0.0;171.8;0.0;0.0
0.0;171.8;0.0;0.0
0.0;171.8;0.9;0.0
8.3;172.0;0.0;0.0
8.3;172.0;0.0;0.0
8.3;172.0;0.0;0.0
8.3;172.0;0.0;0.0
8.3;172.0;0.0;0.0
8.3;172.2;0.0;0.0
7.5;172.2;0.0;0.0
9.1;172.2;0.0;0.0
8.3;172.2;0.0;0.0
8.3;172.2;0.0;0.0
9.1;172.2;0.0;0.0
8.3;172.2;0.0;0.0
8.3;172.2;0.0;0.0
