7.5;44.3;7.0;0.0
7.5;45.9;5.0;0.0
9.1;50.0;3.9;0.0
6.6;51.4;2.5;0.0
8.3;53.9;3.0;0.0
9.1;54.8;2.6;0.0
7.5;56.0;4.7;0.0
7.5;56.8;3.5;0.0
8.3;59.3;2.5;0.0
8.0;60.3;3.6;0.0
8.3;61.7;2.3;0.0
8.3;63.1;2.3;0.0
8.3;65.5;3.6;0.0
8.3;68.1;2.4;0.0
7.5;70.0;6.9;0.0
7.5;72.1;6.0;0.0
7.5;73.3;2.5;0.0
7.5;75.9;8.6;0.0
8.2;78.7;7.6;0.0
7.5;81.5;3.2;0.0
8.3;83.8;2.1;0.0
8.3;86.1;3.4;0.0
8.3;88.2;5.1;0.0
8.3;90.3;9.8;0.0
8.3;91.7;3.0;0.0
9.1;92.5;1.4;0.0
7.5;93.1;1.9;0.0
8.3;93.1;0.0;0.0
8.3;94.1;5.8;0.0
5.8;94.8;6.1;0.0
9.1;96.0;5.4;0.0
7.5;97.0;3.2;0.0
8.3;98.7;3.4;0.0
7.5;99.5;4.6;0.0
7.5;100.8;5.4;0.0
7.5;102.0;2.8;0.0
7.5;102.7;4.2;0.0
10.0;103.2;1.8;0.0
7.5;104.1;4.4;0.0
8.3;104.6;4.0;0.0
8.3;105.4;2.0;0.0
9.1;106.2;2.6;0.0
8.3;106.8;3.0;0.0
7.5;107.9;4.6;0.0
6.6;108.7;4.0;0.0
6.6;109.2;4.4;0.0
8.3;110.2;4.2;0.0
7.5;112.4;5.2;0.0
9.1;112.9;3.4;0.0
8.3;113.5;2.9;0.0
7.5;113.9;2.0;0.0
9.1;114.6;3.3;0.0
8.3;115.4;3.8;0.0
7.5;117.9;5.3;0.0
9.1;119.1;6.9;0.0
7.5;120.5;3.5;0.0
8.3;120.5;0.0;0.0
8.3;120.7;0.5;0.0
69.0;134.9;6.2;0.0
35.7;140.0;9.8;0.0
