7.5;42.0;8.6;0.0
8.3;50.2;9.4;0.0
7.5;54.5;11.9;0.0
8.3;59.1;9.0;0.0
8.3;63.6;5.3;0.0
8.3;68.0;13.8;0.0
6.6;71.9;11.1;0.0
7.5;67.3;8.7;0.0
8.3;71.8;5.9;0.0
8.3;77.5;18.7;0.0
8.3;79.3;3.7;0.0
6.6;84.8;23.5;0.0
7.5;88.5;15.4;0.0
8.3;91.4;13.4;0.0
8.3;95.0;15.6;0.0
7.5;100.2;21.5;0.0
7.5;106.8;22.8;0.0
15.7;112.4;0.4;0.0
89.4;125.1;13.1;0.0
11.6;130.5;19.9;0.0
8.3;135.4;8.2;0.0
8.3;136.0;0.0;0.0
8.3;136.5;0.0;0.0
8.3;137.0;0.2;0.0
8.3;137.9;0.8;0.0
8.3;139.7;5.2;0.0
8.3;141.5;3.6;0.0
7.5;143.7;11.6;0.0
8.3;147.1;12.7;0.0
8.2;154.6;15.4;0.0
8.3;156.5;0.4;0.0
8.3;156.5;0.0;0.0
9.1;156.8;0.0;0.0
1.7;157.8;2.1;0.0
0.0;157.8;0.0;0.0
0.0;157.8;0.0;0.0
0.0;157.8;0.0;0.0
0.0;157.8;0.0;0.0
0.0;157.8;0.0;0.0
0.0;157.8;0.0;0.0
0.0;157.8;0.0;0.0
0.0;157.8;0.0;0.0
0.0;158.1;1.6;0.0
0.0;158.1;0.0;0.0
0.0;158.1;0.0;0.0
0.0;158.1;0.0;0.0
1.7;158.3;0.8;0.0
8.3;158.3;0.0;0.0
8.3;158.3;0.0;0.0
8.3;158.3;0.0;0.0
8.3;158.3;0.0;0.0
9.1;158.4;0.0;0.0
8.3;158.4;0.0;0.0
8.3;158.4;0.0;0.0
8.3;158.4;0.0;0.0
8.3;158.4;0.0;0.0
8.3;158.4;0.0;0.0
8.3;158.4;0.0;0.0
8.3;158.4;0.0;0.0
8.3;158.4;0.0;0.0
