8.3;29.7;5.9;0.0
6.6;32.7;7.8;0.0
8.3;39.0;9.6;0.0
8.3;47.8;11.0;0.0
7.5;49.5;7.1;0.0
8.3;52.8;6.6;0.0
8.3;55.3;4.7;0.0
7.5;57.3;4.1;0.0
8.3;60.2;3.2;0.0
8.3;62.6;4.6;0.0
9.1;64.9;8.8;0.0
8.3;66.6;2.9;0.0
6.6;68.9;7.9;0.0
8.3;62.3;6.4;0.0
8.3;63.9;3.6;0.0
7.5;67.4;3.7;0.0
8.3;69.4;2.2;0.0
7.5;71.9;3.5;0.0
8.3;74.7;11.4;0.0
8.3;76.9;5.4;0.0
8.3;77.8;1.9;0.0
8.3;78.3;3.8;0.0
7.5;80.5;14.1;0.0
8.3;84.5;10.4;0.0
6.6;87.2;10.0;0.0
8.3;88.6;6.8;0.0
8.3;90.1;8.0;0.0
8.3;91.7;5.8;0.0
6.6;94.1;11.2;0.0
8.3;97.6;12.8;0.0
8.3;98.9;6.3;0.0
7.5;100.0;5.5;0.0
8.3;103.6;9.7;0.0
8.3;105.9;9.2;0.0
22.4;121.8;1.2;0.0
72.3;128.1;11.7;0.0
8.3;132.7;17.7;0.0
8.3;135.2;7.2;0.0
7.5;138.1;3.8;0.0
9.1;138.8;0.0;0.0
8.3;139.5;0.0;0.0
8.3;140.5;0.8;0.0
8.3;142.8;5.4;0.0
9.1;144.5;3.6;0.0
6.6;144.9;6.6;0.0
8.3;148.1;10.3;0.0
8.2;152.2;11.4;0.0
9.1;157.5;11.4;0.0
8.3;159.3;0.4;0.0
8.1;159.3;0.0;0.0
8.3;159.3;0.0;0.0
8.3;159.6;0.0;0.0
4.1;160.6;2.0;0.0
0.0;160.6;0.1;0.0
0.0;160.6;0.0;0.0
0.0;160.6;0.0;0.0
0.0;160.6;0.0;0.0
0.0;160.6;0.0;0.0
0.0;160.6;0.0;0.0
0.0;160.6;0.0;0.0
