7.5;44.1;6.0;0.0
7.5;50.2;6.2;0.0
8.3;53.3;8.1;0.0
7.5;57.3;7.8;0.0
8.3;60.5;6.5;0.0
8.3;63.5;4.9;0.0
7.5;64.9;1.8;0.0
7.5;66.6;3.0;0.0
7.5;67.8;4.5;0.0
8.3;69.3;4.9;0.0
9.1;70.3;1.7;0.0
8.3;70.8;1.1;0.0
7.5;72.3;3.6;0.0
7.5;73.1;4.2;0.0
7.4;69.0;6.4;0.0
9.1;71.2;4.2;0.0
8.3;74.9;3.9;0.0
8.3;76.8;2.0;0.0
7.5;79.5;4.5;0.0
8.3;82.1;12.2;0.0
8.3;83.5;3.0;0.0
8.2;84.9;3.3;0.0
8.3;86.1;7.8;0.0
7.5;88.4;12.3;0.0
7.5;91.6;9.0;0.0
7.5;93.8;7.6;0.0
7.4;94.8;5.4;0.0
8.2;96.2;7.0;0.0
8.3;97.8;6.0;0.0
8.3;99.6;5.6;0.0
5.8;100.6;7.6;0.0
9.0;102.3;9.2;0.0
8.1;104.9;7.2;0.0
7.5;105.7;4.7;0.0
8.2;106.7;4.6;0.0
9.1;110.1;9.8;0.0
7.1;112.4;8.4;0.0
9.1;112.4;0.0;0.0
38.2;128.3;1.0;0.0
64.8;132.1;7.0;0.0
9.1;134.5;5.3;0.0
8.2;137.0;9.4;0.0
8.3;139.8;10.9;0.0
8.3;144.6;8.0;0.0
8.3;145.0;0.0;0.0
8.3;145.4;0.0;0.0
9.1;146.2;0.0;0.0
8.3;147.3;1.0;0.0
8.3;149.1;5.2;0.0
8.2;150.8;3.6;0.0
7.5;151.3;6.4;0.0
8.3;153.5;7.4;0.0
8.3;156.2;9.9;0.0
8.3;161.9;11.4;0.0
8.3;165.2;4.6;0.0
8.3;165.7;0.4;0.0
8.3;165.7;0.0;0.0
8.3;165.7;0.0;0.0
8.3;165.7;0.0;0.0
8.3;166.7;0.9;0.0
