7.5;61.9;2.6;0.0
8.3;64.4;2.3;0.0
8.3;66.6;4.4;0.0
8.3;69.6;9.9;0.0
6.6;70.8;1.8;0.0
5.0;73.1;7.7;0.0
3.2;72.6;2.2;0.0
8.3;74.9;7.1;0.0
8.3;76.4;1.6;0.0
7.5;80.4;3.9;0.0
9.1;82.0;2.0;0.0
8.3;85.0;6.7;0.0
8.3;88.0;12.2;0.0
8.3;89.1;1.2;0.0
8.3;89.9;2.5;0.0
7.5;90.9;5.2;0.0
7.5;92.9;12.5;0.0
8.3;95.7;6.8;0.0
7.5;98.3;10.0;0.0
8.3;99.8;7.6;0.0
8.3;101.1;6.4;0.0
9.1;103.0;7.0;0.0
7.5;104.5;6.4;0.0
7.5;106.4;11.4;0.0
7.5;109.5;10.4;0.0
7.5;110.4;4.7;0.0
8.3;112.1;8.1;0.0
7.5;116.0;14.4;0.0
8.3;117.3;1.3;0.0
40.8;131.3;1.2;0.0
63.2;137.5;11.2;0.0
7.5;140.5;12.1;0.0
8.3;144.8;13.3;0.0
8.3;147.8;3.8;0.0
8.3;148.4;0.0;0.0
8.3;148.9;0.0;0.0
9.0;149.9;1.0;0.0
7.5;151.8;3.6;0.0
8.3;153.7;5.0;0.0
8.3;154.3;0.4;0.0
8.3;154.8;9.2;0.0
6.6;156.3;3.2;0.0
8.3;157.5;4.3;0.0
7.5;158.7;5.4;0.0
9.2;162.1;7.6;0.0
8.3;164.2;3.4;0.0
7.5;166.0;4.2;0.0
10.0;168.4;2.6;0.0
7.5;168.7;0.0;0.0
9.1;168.7;0.0;0.0
8.3;168.7;0.0;0.0
8.3;168.7;0.0;0.0
8.3;169.0;0.0;0.0
5.8;169.9;2.0;0.0
0.0;169.9;0.0;0.0
0.0;169.9;0.1;0.0
0.0;169.9;0.0;0.0
0.0;169.9;0.0;0.0
0.0;169.9;0.0;0.0
0.0;169.9;0.0;0.0
