7.5;36.2;8.4;0.0
7.5;45.0;12.0;0.0
9.1;49.9;13.3;0.0
7.5;55.1;7.7;0.0
8.3;58.7;5.5;0.0
9.1;62.5;11.5;0.0
6.6;65.8;9.9;0.0
8.3;66.5;8.8;0.0
8.3;71.5;4.9;0.0
7.5;74.7;4.5;0.0
8.3;76.6;8.9;0.0
8.3;79.6;7.9;0.0
9.1;81.0;3.3;0.0
7.5;83.4;16.9;0.0
7.5;89.2;17.6;0.0
7.5;91.5;10.6;0.0
8.3;94.7;13.0;0.0
7.5;98.4;18.2;0.0
6.6;102.1;16.2;0.0
9.1;107.0;17.0;0.0
21.6;124.9;5.3;0.0
86.3;132.0;16.0;0.0
7.5;140.7;23.0;0.0
8.3;141.8;0.0;0.0
9.1;145.9;6.6;0.0
7.5;148.4;14.2;0.0
8.3;157.0;21.7;0.0
8.3;161.7;7.4;0.0
8.3;161.7;0.0;0.0
6.6;163.0;2.0;0.0
0.0;163.0;0.1;0.0
0.0;163.0;0.0;0.0
0.0;163.0;0.0;0.0
0.0;163.0;0.0;0.0
0.0;163.0;0.0;0.0
0.0;163.0;0.0;0.0
0.0;163.0;0.0;0.0
0.0;163.0;0.0;0.0
0.8;163.1;1.8;0.0
0.0;163.1;0.0;0.0
0.0;163.1;0.0;0.0
0.0;163.1;0.0;0.0
0.0;163.1;0.0;0.0
5.0;163.3;0.8;0.0
8.3;163.3;0.0;0.0
8.3;163.3;0.0;0.0
8.3;163.4;0.0;0.0
8.3;163.4;0.0;0.0
8.3;163.4;0.0;0.0
8.3;163.4;0.0;0.0
8.3;163.4;0.0;0.0
8.3;163.4;0.0;0.0
8.3;163.4;0.0;0.0
8.3;163.4;0.0;0.0
8.3;163.4;0.0;0.0
8.3;163.4;0.0;0.0
8.3;163.4;0.0;0.0
8.3;163.4;0.0;0.0
8.3;163.4;0.0;0.0
8.3;163.4;0.0;0.0
