7.5;48.4;4.4;0.0
9.1;50.4;2.5;0.0
7.8;52.7;3.8;0.0
8.3;53.8;5.4;0.0
9.1;54.9;4.3;0.0
7.5;58.4;5.9;0.0
7.5;60.4;2.8;0.0
8.3;61.5;1.8;0.0
8.3;61.8;1.8;0.0
9.2;64.6;2.0;0.0
9.1;66.2;1.4;0.0
7.5;66.5;3.2;0.0
8.3;68.2;6.2;0.0
8.8;69.8;3.7;0.0
7.5;71.0;2.0;0.0
7.5;72.8;5.9;0.0
6.6;64.1;7.9;0.0
8.3;66.0;3.8;0.0
8.3;69.4;3.7;0.0
8.3;71.4;1.8;0.0
8.3;73.9;3.9;0.0
9.1;76.0;9.4;0.0
8.3;78.6;7.4;0.0
8.3;79.7;1.4;0.0
8.3;80.4;3.5;0.0
6.6;82.1;11.9;0.0
7.5;85.7;8.6;0.0
7.5;87.7;11.4;0.0
8.3;89.7;6.4;0.0
8.3;91.5;8.0;0.0
9.1;92.9;6.8;0.0
8.3;94.2;4.6;0.0
7.5;96.2;10.4;0.0
7.5;99.4;11.0;0.0
8.3;100.8;7.1;0.0
8.3;102.0;6.0;0.0
7.5;106.0;14.5;0.0
8.3;107.7;3.9;0.0
43.0;121.2;0.5;0.0
61.0;129.7;11.0;0.0
14.1;133.1;14.2;0.0
8.3;138.7;14.3;0.0
8.3;140.4;1.7;0.0
8.3;140.9;0.0;0.0
8.3;141.6;0.2;0.0
8.3;142.8;0.8;0.0
8.3;144.6;5.2;0.0
8.3;146.2;3.6;0.0
6.6;146.8;5.0;0.0
8.3;148.7;8.0;0.0
8.3;151.6;10.5;0.0
7.2;157.4;11.4;0.0
9.1;160.8;4.8;0.0
9.1;161.2;0.4;0.0
8.3;161.2;0.0;0.0
8.3;161.2;0.0;0.0
5.0;161.5;0.1;0.0
9.1;161.9;0.6;0.0
0.0;161.9;0.0;0.0
0.0;161.9;0.0;0.0
