7.5;45.7;9.4;0.0
7.5;55.1;13.3;0.0
7.5;59.0;9.6;0.0
8.3;63.0;7.4;0.0
7.5;65.2;3.6;0.0
8.3;66.6;1.4;0.0
7.5;69.8;8.8;0.0
9.1;72.7;6.5;0.0
6.6;74.6;12.4;0.0
8.3;77.5;5.2;0.0
8.3;82.6;4.9;0.0
8.3;86.9;6.9;0.0
8.3;90.6;14.4;0.0
8.3;92.0;3.3;0.0
5.7;93.6;11.3;0.0
8.3;97.5;12.0;0.0
8.3;99.1;8.3;0.0
7.5;101.1;7.1;0.0
8.3;103.2;9.6;0.0
9.1;105.4;9.2;0.0
7.5;109.0;17.6;0.0
6.6;112.7;13.9;0.0
8.3;117.6;16.3;0.0
8.3;119.5;6.9;0.0
79.0;138.1;6.9;0.0
22.4;144.8;17.9;0.0
8.3;151.8;16.9;0.0
8.3;152.9;0.0;0.0
8.3;154.8;1.2;0.0
8.3;158.2;8.6;0.0
7.5;161.0;14.2;0.0
8.3;168.2;18.7;0.0
8.3;173.0;7.1;0.0
8.3;173.0;0.0;0.0
8.3;173.0;0.0;0.0
5.0;174.2;2.0;0.0
0.0;174.2;0.1;0.0
0.0;174.2;0.0;0.0
0.0;174.2;0.0;0.0
0.0;174.2;0.0;0.0
0.0;174.2;0.0;0.0
0.0;174.2;0.0;0.0
0.0;174.2;0.0;0.0
0.8;174.4;1.8;0.0
0.0;174.4;0.0;0.0
0.0;174.4;0.0;0.0
0.0;174.4;0.0;0.0
0.0;174.4;0.0;0.0
0.0;174.4;0.4;0.0
0.0;174.4;0.0;0.0
0.0;174.4;0.0;0.0
0.0;174.4;0.2;0.0
7.5;174.5;0.2;0.0
9.1;174.5;0.0;0.0
8.3;174.5;0.0;0.0
8.3;174.5;0.0;0.0
8.3;174.5;0.0;0.0
8.3;174.5;0.0;0.0
8.3;174.5;0.0;0.0
7.5;174.5;0.0;0.0
