8.3;34.6;9.6;0.0
7.5;39.2;6.0;0.0
7.5;43.5;6.6;0.0
7.5;48.7;6.9;0.0
9.1;52.7;11.6;0.0
8.3;55.8;5.8;0.0
7.5;57.9;4.0;0.0
8.3;60.9;3.8;0.0
8.2;63.1;4.2;0.0
8.3;64.3;6.0;0.0
7.5;65.8;3.5;0.0
8.3;66.6;1.2;0.0
8.3;68.3;2.9;0.0
5.8;69.1;5.0;0.0
8.3;68.9;6.4;0.0
8.3;70.3;3.2;0.0
7.5;71.7;1.2;0.0
8.3;74.5;3.1;0.0
8.3;76.0;1.2;0.0
8.3;77.3;1.6;0.0
8.3;79.0;2.9;0.0
8.3;80.9;5.9;0.0
8.3;82.5;8.1;0.0
8.3;83.7;2.8;0.0
8.3;84.6;1.2;0.0
8.3;84.9;0.7;0.0
7.5;85.6;3.8;0.0
7.5;87.4;12.5;0.0
7.5;91.0;8.8;0.0
7.5;93.7;10.8;0.0
7.5;95.2;7.4;0.0
8.3;96.6;7.0;0.0
8.3;98.3;6.6;0.0
8.3;100.0;5.2;0.0
7.4;102.1;13.8;0.0
8.3;105.0;9.0;0.0
7.5;106.0;5.5;0.0
8.3;107.5;7.7;0.0
8.3;111.0;11.8;0.0
8.3;112.7;3.7;0.0
62.8;134.5;11.4;0.0
44.0;139.4;19.2;0.0
8.3;144.8;10.8;0.0
8.3;145.3;0.2;0.0
8.3;146.0;0.0;0.0
8.3;146.7;0.2;0.0
7.5;148.1;1.4;0.0
8.3;150.2;5.0;0.0
8.3;151.3;3.2;0.0
7.5;151.6;6.2;0.0
8.3;153.6;6.8;0.0
8.3;155.6;6.7;0.0
8.3;158.2;6.8;0.0
8.3;162.3;8.8;0.0
7.5;165.2;4.4;0.0
9.1;166.1;0.4;0.0
8.3;166.1;0.0;0.0
9.1;166.1;0.0;0.0
7.5;166.1;0.0;0.0
9.2;166.1;0.0;0.0
