6.6;35.2;4.6;0.0
8.3;37.0;5.1;0.0
8.3;41.8;4.5;0.0
6.6;43.5;5.8;0.0
8.2;46.9;4.7;0.0
8.3;52.0;5.9;0.0
7.5;54.3;7.6;0.0
8.3;57.6;6.5;0.0
8.3;60.5;5.5;0.0
8.3;61.8;2.9;0.0
8.3;63.5;2.4;0.0
8.3;66.2;2.4;0.0
8.3;70.0;12.5;0.0
8.3;71.7;3.3;0.0
7.5;73.5;6.8;0.0
7.5;68.6;5.6;0.0
8.3;70.2;3.2;0.0
8.3;72.7;1.9;0.0
8.3;74.7;3.0;0.0
8.3;77.7;3.8;0.0
8.3;82.1;16.3;0.0
8.3;84.7;4.9;0.0
7.5;88.5;20.9;0.0
8.3;94.1;18.8;0.0
7.5;98.0;16.6;0.0
7.5;100.8;15.2;0.0
7.5;104.8;14.2;0.0
8.3;106.6;9.4;0.0
8.3;112.1;17.1;0.0
51.6;129.9;4.1;0.0
57.3;137.3;20.4;0.0
7.5;144.6;17.1;0.0
8.3;146.0;0.0;0.0
8.3;148.9;6.2;0.0
8.3;151.6;13.2;0.0
8.3;160.5;22.9;0.0
8.3;165.6;7.6;0.0
8.3;165.6;0.0;0.0
5.8;166.8;2.0;0.0
0.0;166.8;0.1;0.0
0.0;166.8;0.0;0.0
0.0;166.8;0.0;0.0
0.0;166.8;0.0;0.0
0.0;166.8;0.0;0.0
0.0;166.8;0.0;0.0
0.0;166.8;0.0;0.0
0.0;166.8;0.0;0.0
0.0;166.8;0.0;0.0
0.8;166.9;1.6;0.0
0.0;166.9;0.0;0.0
0.0;166.9;0.0;0.0
0.0;166.9;0.0;0.0
0.0;166.9;0.4;0.0
5.0;167.1;0.4;0.0
9.1;167.1;0.0;0.0
8.3;167.1;0.0;0.0
8.3;167.1;0.0;0.0
8.3;167.1;0.0;0.0
8.3;167.1;0.0;0.0
8.3;167.1;0.0;0.0
