7.5;40.4;14.2;0.0
7.5;47.8;11.6;0.0
8.3;55.3;16.1;0.0
7.5;60.3;10.3;0.0
8.3;64.9;6.7;0.0
8.3;68.9;11.3;0.0
8.3;71.8;9.3;0.0
7.5;66.5;8.0;0.0
7.5;71.9;5.5;0.0
8.3;75.6;5.1;0.0
8.3;80.0;16.2;0.0
9.1;81.7;6.7;0.0
5.8;87.6;23.3;0.0
8.3;91.8;18.4;0.0
8.3;95.1;13.0;0.0
7.5;97.0;9.2;0.0
7.5;100.6;13.2;0.0
7.5;102.6;12.0;0.0
8.3;107.5;17.0;0.0
27.9;124.4;3.1;0.0
81.4;131.1;13.1;0.0
8.3;138.2;24.3;0.0
8.3;142.2;3.8;0.0
8.3;144.8;2.8;0.0
9.2;147.7;7.0;0.0
7.5;150.1;13.6;0.0
8.3;157.8;19.9;0.0
8.3;162.3;6.6;0.0
8.3;162.3;0.0;0.0
8.3;163.5;2.0;0.0
0.0;163.5;0.1;0.0
0.0;163.5;0.0;0.0
0.0;163.5;0.0;0.0
0.0;163.5;0.0;0.0
0.0;163.5;0.0;0.0
0.0;163.5;0.0;0.0
0.0;163.5;0.0;0.0
0.0;163.5;0.0;0.0
0.0;163.5;0.0;0.0
0.0;163.7;1.8;0.0
0.0;163.7;0.0;0.0
0.0;163.7;0.0;0.0
0.0;163.7;0.0;0.0
0.8;163.9;0.9;0.0
9.1;163.9;0.0;0.0
8.3;163.9;0.0;0.0
8.3;163.9;0.0;0.0
8.3;164.0;0.0;0.0
8.3;164.0;0.0;0.0
8.3;164.0;0.0;0.0
8.3;164.0;0.0;0.0
8.3;164.0;0.0;0.0
8.3;164.0;0.0;0.0
8.3;164.0;0.0;0.0
8.3;164.0;0.0;0.0
8.3;164.0;0.0;0.0
8.3;164.0;0.0;0.0
8.3;164.0;0.0;0.0
8.3;164.0;0.0;0.0
8.3;164.0;0.0;0.0
