7.5;48.0;8.1;0.0
8.3;55.7;13.4;0.0
7.5;62.4;13.1;0.0
8.3;66.5;6.7;0.0
8.3;70.7;11.4;0.0
7.4;74.7;9.8;0.0
7.5;66.1;11.2;0.0
8.3;71.7;5.5;0.0
8.3;76.0;6.9;0.0
8.3;78.5;12.8;0.0
8.3;79.7;1.6;0.0
8.3;81.1;3.3;0.0
8.3;82.2;7.6;0.0
7.5;84.6;12.7;0.0
8.3;87.9;9.2;0.0
6.6;90.5;10.2;0.0
8.3;91.9;6.0;0.0
7.5;93.5;7.8;0.0
9.1;95.1;5.8;0.0
7.5;97.7;14.2;0.0
8.3;100.4;8.2;0.0
8.2;101.3;4.2;0.0
7.5;101.9;3.5;0.0
7.5;103.5;6.9;0.0
9.1;107.0;11.2;0.0
8.3;108.6;4.7;0.0
14.1;114.2;0.4;0.0
71.8;125.1;6.2;0.0
28.0;130.1;10.2;0.0
9.1;134.0;15.6;0.0
8.3;139.2;9.2;0.0
8.3;139.8;0.0;0.0
8.2;140.6;0.0;0.0
7.5;141.6;1.0;0.0
8.1;143.7;5.2;0.0
9.1;145.2;3.6;0.0
6.6;145.6;3.2;0.0
8.3;147.4;8.8;0.0
7.5;149.5;7.7;0.0
8.3;152.8;9.6;0.0
8.3;156.3;5.4;0.0
9.1;159.0;5.0;0.0
7.5;159.9;0.4;0.0
8.8;160.2;0.0;0.0
9.1;160.2;0.0;0.0
8.3;160.2;0.0;0.0
7.5;160.2;0.0;0.0
9.1;160.5;0.0;0.0
5.8;161.5;2.0;0.0
0.0;161.5;0.0;0.0
0.0;161.5;0.1;0.0
0.0;161.5;0.0;0.0
0.0;161.5;0.0;0.0
0.0;161.5;0.0;0.0
0.0;161.5;0.0;0.0
0.0;161.5;0.0;0.0
0.0;161.5;0.0;0.0
0.0;161.5;0.0;0.0
0.0;161.5;0.0;0.0
0.0;161.7;1.8;0.0
