7.5;36.8;4.9;0.0
6.6;38.4;5.2;0.0
7.5;41.3;7.1;0.0
8.3;46.2;5.1;0.0
7.5;48.0;4.6;0.0
8.3;52.5;5.3;0.0
7.5;56.5;5.6;0.0
8.3;58.6;9.3;0.0
8.3;61.7;4.5;0.0
8.3;64.7;5.1;0.0
8.3;65.6;2.3;0.0
7.5;67.3;2.4;0.0
8.3;68.7;1.4;0.0
8.3;69.9;1.0;0.0
8.3;70.8;5.4;0.0
8.3;72.9;5.2;0.0
7.5;74.1;2.5;0.0
9.1;74.8;1.5;0.0
7.5;76.3;3.6;0.0
8.3;77.1;4.4;0.0
8.3;69.9;1.6;0.0
7.5;71.2;4.2;0.0
8.3;72.5;3.2;0.0
8.3;73.6;1.2;0.0
8.3;77.0;3.7;0.0
8.3;77.9;0.4;0.0
7.5;79.1;1.6;0.0
7.4;80.9;2.9;0.0
10.0;81.9;2.2;0.0
7.5;82.9;5.0;0.0
8.2;84.4;6.2;0.0
8.3;85.4;3.4;0.0
8.3;86.5;1.2;0.0
8.3;86.8;0.7;0.0
9.1;87.3;3.0;0.0
8.3;88.5;5.8;0.0
7.5;89.3;7.5;0.0
5.8;90.8;5.4;0.0
9.1;93.2;4.2;0.0
7.5;94.7;8.6;0.0
8.3;96.7;7.0;0.0
7.5;98.3;7.2;0.0
8.3;99.7;5.4;0.0
8.3;101.3;6.4;0.0
7.5;103.1;9.6;0.0
7.9;106.5;11.4;0.0
9.1;107.6;6.5;0.0
7.5;108.4;5.5;0.0
7.5;110.2;6.6;0.0
7.5;113.6;13.0;0.0
9.9;114.8;0.5;0.0
66.4;135.4;8.7;0.0
37.1;138.1;9.1;0.0
9.1;141.2;11.8;0.0
7.5;145.6;10.9;0.0
8.3;147.1;1.1;0.0
8.2;147.7;0.0;0.0
8.3;148.3;0.0;0.0
8.3;148.7;0.2;0.0
7.5;150.1;1.4;0.0
