6.6;57.8;34.5;0.0
8.3;69.7;23.5;0.0
7.5;66.0;20.9;0.0
7.5;78.3;26.4;0.0
6.6;86.6;36.2;0.0
7.5;95.7;40.4;0.0
7.5;106.4;37.5;0.0
92.4;130.8;41.6;0.0
16.6;136.9;9.8;0.0
7.5;150.8;41.4;0.0
0.0;150.8;0.0;0.0
0.0;150.8;0.0;0.0
0.0;150.8;0.0;0.0
0.0;150.8;0.0;0.0
0.0;150.8;0.0;0.0
0.0;150.8;0.0;0.0
0.0;150.8;0.0;0.0
0.0;151.0;1.8;0.0
0.0;151.0;0.0;0.0
0.0;151.0;0.0;0.0
0.0;151.0;0.0;0.0
0.0;151.0;0.4;0.0
0.0;151.0;0.0;0.0
0.0;151.0;0.0;0.0
0.0;151.0;0.0;0.0
0.0;151.0;0.0;0.0
0.0;151.0;0.0;0.0
0.0;151.0;0.0;0.0
0.0;151.0;2.4;0.0
0.0;151.0;0.0;0.0
0.0;151.0;0.0;0.0
0.0;151.0;0.0;0.0
0.0;151.0;0.0;0.0
0.0;151.0;0.0;0.0
0.0;151.0;0.0;0.0
0.0;151.0;0.0;0.0
0.0;151.0;0.0;0.0
0.0;151.0;0.0;0.0
0.0;151.0;0.0;0.0
0.0;151.0;2.4;0.0
0.0;151.0;0.0;0.0
0.0;151.0;0.0;0.0
1.7;152.8;1.2;0.0
9.1;153.7;0.4;0.0
8.3;153.9;0.0;0.0
8.3;153.9;0.0;0.0
8.3;153.9;0.0;0.0
8.3;153.9;0.0;0.0
64.9;182.7;0.4;0.0
33.2;182.7;0.0;0.0
0.0;182.7;0.0;0.0
0.0;182.7;0.0;0.0
0.0;182.7;0.0;0.0
0.0;182.7;0.0;0.0
0.0;182.7;0.0;0.0
1.7;182.7;1.8;0.0
0.0;182.7;0.0;0.0
0.0;182.7;0.0;0.0
0.0;182.7;0.0;0.0
0.0;182.7;0.4;0.0
