6.7;61.3;33.8;0.0
7.5;71.0;25.1;0.0
6.6;71.5;19.1;0.0
8.3;79.4;30.6;0.0
5.8;90.2;42.2;0.0
7.5;99.8;42.2;0.0
47.4;121.4;36.7;0.0
60.6;130.7;22.2;0.0
7.5;137.5;20.6;0.0
4.1;149.8;30.6;0.0
0.0;149.8;0.0;0.0
0.0;149.8;0.0;0.0
0.0;149.8;0.0;0.0
0.0;149.8;0.0;0.0
0.0;149.8;0.0;0.0
0.0;149.8;0.0;0.0
0.0;150.0;1.8;0.0
0.0;150.0;0.0;0.0
0.0;150.0;0.0;0.0
0.0;150.0;0.0;0.0
0.0;150.0;1.1;0.0
0.0;150.0;0.0;0.0
0.0;150.0;0.0;0.0
0.0;150.0;0.0;0.0
0.0;150.0;0.0;0.0
0.0;150.0;0.0;0.0
0.0;150.0;0.0;0.0
0.0;150.0;0.0;0.0
0.0;150.0;0.0;0.0
0.0;150.0;0.0;0.0
0.0;150.0;0.0;0.0
0.0;150.0;0.0;0.0
0.0;150.0;0.0;0.0
0.0;150.0;0.0;0.0
0.0;150.0;2.9;0.0
0.0;150.0;0.0;0.0
0.0;150.0;0.0;0.0
0.0;150.0;0.0;0.0
0.0;150.0;0.0;0.0
0.0;150.0;0.0;0.0
0.0;150.0;0.0;0.0
0.0;150.0;0.0;0.0
0.0;150.0;0.0;0.0
0.0;150.0;0.0;0.0
0.0;150.0;0.0;0.0
2.5;151.9;2.0;0.0
8.3;152.8;0.4;0.0
8.3;152.8;0.0;0.0
8.3;152.8;0.0;0.0
8.3;152.8;0.0;0.0
8.3;152.8;0.0;0.0
38.2;183.6;0.4;0.0
63.9;183.6;0.0;0.0
0.0;183.6;0.0;0.0
0.0;183.6;0.0;0.0
0.0;183.6;0.0;0.0
0.0;183.6;0.0;0.0
0.0;183.6;0.0;0.0
0.0;183.6;0.0;0.0
0.8;183.6;1.8;0.0
