19.9;47.8;29.4;0.0
7.5;62.2;27.1;0.0
6.6;67.3;28.7;0.0
8.3;80.0;26.7;0.0
7.5;86.6;26.6;0.0
7.5;96.2;36.4;0.0
7.5;106.3;43.5;0.0
45.8;129.2;26.0;0.0
64.0;139.8;27.4;0.0
8.3;145.4;13.8;0.0
6.6;159.0;37.4;0.0
0.0;159.0;0.0;0.0
0.0;159.0;0.0;0.0
0.0;159.0;0.0;0.0
0.0;159.0;0.0;0.0
0.0;159.0;0.0;0.0
0.0;159.0;0.0;0.0
0.0;159.0;0.0;0.0
0.0;159.0;1.7;0.0
0.0;159.0;0.0;0.0
0.0;159.0;0.0;0.0
0.0;159.0;0.4;0.0
0.0;159.0;0.0;0.0
0.0;159.0;0.0;0.0
0.0;159.0;0.0;0.0
0.0;159.0;0.0;0.0
0.0;159.0;0.0;0.0
0.0;159.0;0.0;0.0
0.0;159.0;0.0;0.0
0.0;159.0;2.0;0.0
0.0;159.0;0.0;0.0
0.0;159.0;0.0;0.0
0.0;159.0;0.0;0.0
0.0;159.0;0.0;0.0
0.0;159.0;0.0;0.0
0.0;159.0;0.0;0.0
0.0;159.0;0.0;0.0
0.0;159.0;0.0;0.0
0.0;159.0;0.0;0.0
0.0;159.0;0.0;0.0
0.0;159.0;2.5;0.0
0.0;159.0;0.0;0.0
0.0;159.0;0.0;0.0
3.3;161.2;1.3;0.0
8.3;161.6;0.0;0.0
8.3;161.6;0.0;0.0
8.3;161.6;0.0;0.0
8.3;161.6;0.0;0.0
8.3;161.6;0.0;0.0
71.5;172.2;0.4;0.0
25.7;172.2;0.0;0.0
0.0;172.2;0.0;0.0
0.0;172.2;0.0;0.0
0.0;172.2;0.0;0.0
0.0;172.2;0.0;0.0
0.0;172.2;0.0;0.0
0.0;172.2;1.7;0.0
0.0;172.2;0.0;0.0
0.0;172.2;0.0;0.0
0.0;172.2;0.0;0.0
