6.6;57.2;31.1;0.0
7.5;70.5;27.9;0.0
6.6;72.8;22.9;0.0
9.1;82.2;24.6;0.0
6.6;92.8;45.3;0.0
6.6;102.9;43.1;0.0
29.1;127.1;35.0;0.0
79.9;138.4;30.4;0.0
8.3;144.6;13.0;0.0
5.8;158.0;38.3;0.0
0.0;158.0;0.0;0.0
0.0;158.0;0.0;0.0
0.0;158.0;0.0;0.0
0.0;158.0;0.0;0.0
0.0;158.0;0.0;0.0
0.0;158.0;0.0;0.0
0.0;158.0;0.0;0.0
0.0;158.2;1.8;0.0
0.0;158.2;0.0;0.0
0.0;158.2;0.0;0.0
0.0;158.2;0.4;0.0
0.0;158.2;0.0;0.0
0.0;158.2;0.0;0.0
0.0;158.2;0.0;0.0
0.0;158.2;0.0;0.0
0.0;158.2;0.0;0.0
0.0;158.2;0.0;0.0
0.0;158.2;0.0;0.0
0.8;158.2;2.0;0.0
0.0;158.2;0.0;0.0
0.0;158.2;0.0;0.0
0.0;158.2;0.0;0.0
0.0;158.2;0.0;0.0
0.0;158.2;0.0;0.0
0.0;158.2;0.0;0.0
0.0;158.2;0.0;0.0
0.0;158.2;0.0;0.0
0.0;158.2;0.0;0.0
0.0;158.2;0.0;0.0
0.0;158.2;2.5;0.0
0.0;158.2;0.0;0.0
0.0;158.2;0.0;0.0
0.8;159.8;1.0;0.0
8.3;160.8;0.4;0.0
8.3;161.0;0.0;0.0
8.3;161.0;0.0;0.0
8.3;161.0;0.0;0.0
8.3;161.0;0.0;0.0
8.3;161.2;0.0;0.0
20.6;167.8;0.0;0.0
88.1;167.8;0.4;0.0
0.8;167.8;0.0;0.0
0.0;167.8;0.0;0.0
0.0;167.8;0.0;0.0
0.0;167.8;0.0;0.0
0.0;167.8;0.0;0.0
0.0;167.8;0.0;0.0
0.0;167.8;0.0;0.0
0.0;167.8;1.7;0.0
0.0;167.8;0.0;0.0
