6.6;39.2;15.4;0.0
7.5;48.1;13.6;0.0
8.3;55.7;17.1;0.0
7.5;61.6;10.6;0.0
9.1;68.2;15.3;0.0
6.6;67.6;15.3;0.0
8.3;76.8;13.0;0.0
8.3;82.8;18.2;0.0
6.6;85.7;18.2;0.0
7.5;92.6;22.0;0.0
8.3;94.7;10.8;0.0
7.5;99.3;20.0;0.0
8.3;106.0;29.5;0.0
29.9;124.8;17.3;0.0
73.1;135.3;33.1;0.0
8.3;141.1;5.4;0.0
7.5;145.8;16.6;0.0
7.5;159.4;33.9;0.0
0.8;159.4;0.1;0.0
0.0;159.4;0.0;0.0
0.0;159.4;0.0;0.0
0.0;159.4;0.0;0.0
0.0;159.4;0.0;0.0
0.0;159.4;0.0;0.0
0.0;159.4;0.0;0.0
0.0;159.5;1.8;0.0
0.0;159.5;0.0;0.0
0.0;159.5;0.0;0.0
0.0;159.5;0.0;0.0
0.0;159.5;0.4;0.0
0.0;159.5;0.0;0.0
0.0;159.5;0.0;0.0
0.0;159.5;0.0;0.0
0.0;159.5;0.0;0.0
0.0;159.5;0.0;0.0
0.0;159.5;0.0;0.0
0.0;159.5;0.0;0.0
0.0;159.5;0.0;0.0
0.0;159.5;0.0;0.0
0.0;159.5;0.0;0.0
0.0;159.5;1.9;0.0
0.0;159.5;0.0;0.0
0.0;159.5;0.0;0.0
0.0;159.5;0.0;0.0
0.0;159.5;0.0;0.0
0.0;159.5;0.0;0.0
0.0;159.5;0.0;0.0
0.0;159.5;2.4;0.0
0.0;159.5;0.0;0.0
0.0;159.5;0.0;0.0
0.0;159.5;0.0;0.0
0.0;159.5;0.0;0.0
0.0;159.5;0.0;0.0
0.0;159.5;0.0;0.0
3.3;161.8;1.7;0.0
7.5;162.1;0.0;0.0
8.3;162.1;0.0;0.0
9.1;162.1;0.0;0.0
8.3;162.1;0.0;0.0
8.3;162.1;0.0;0.0
