7.5;59.8;34.1;0.0
7.5;71.1;27.0;0.0
6.7;72.8;19.1;0.0
9.1;80.7;30.8;0.0
5.8;91.8;43.4;0.0
7.5;101.7;44.3;0.0
49.9;125.7;28.6;0.0
59.0;136.1;26.8;0.0
8.3;143.4;22.8;0.0
5.0;154.9;28.4;0.0
0.0;154.9;0.0;0.0
0.0;154.9;0.0;0.0
0.0;154.9;0.0;0.0
0.0;154.9;0.0;0.0
0.0;154.9;0.0;0.0
0.0;154.9;0.0;0.0
0.0;154.9;0.0;0.0
0.8;155.2;1.8;0.0
0.0;155.2;0.0;0.0
0.0;155.2;0.0;0.0
0.0;155.2;0.7;0.0
0.0;155.2;0.0;0.0
0.0;155.2;0.0;0.0
0.0;155.2;0.0;0.0
0.0;155.2;0.0;0.0
0.0;155.2;0.0;0.0
0.0;155.2;0.0;0.0
0.0;155.2;0.0;0.0
0.0;155.2;0.0;0.0
0.0;155.2;0.0;0.0
0.0;155.2;0.0;0.0
0.0;155.2;2.7;0.0
0.0;155.2;0.0;0.0
0.0;155.2;0.0;0.0
0.0;155.2;0.0;0.0
0.0;155.2;0.0;0.0
0.0;155.2;0.0;0.0
0.0;155.2;0.0;0.0
0.0;155.2;0.0;0.0
0.0;155.2;0.0;0.0
0.0;155.2;0.0;0.0
0.0;155.2;0.0;0.0
3.3;157.7;2.9;0.0
8.3;157.9;0.0;0.0
8.3;157.9;0.0;0.0
8.3;157.9;0.0;0.0
8.3;157.9;0.0;0.0
8.3;157.9;0.0;0.0
55.8;188.8;0.4;0.0
52.4;188.8;0.0;0.0
0.0;188.8;0.0;0.0
0.0;188.8;0.0;0.0
0.0;188.8;0.0;0.0
0.0;188.8;0.0;0.0
0.0;188.8;0.0;0.0
0.0;188.8;0.0;0.0
0.0;188.8;1.8;0.0
0.0;188.8;0.0;0.0
0.0;188.8;0.0;0.0
0.0;188.8;0.4;0.0
