10.0;56.6;30.3;0.0
7.5;71.6;32.1;0.0
5.8;66.6;25.8;0.0
9.1;80.0;26.6;0.0
5.8;87.5;31.6;0.0
7.5;96.6;38.8;0.0
7.5;108.6;44.7;0.0
80.5;133.2;36.2;0.0
28.2;141.3;11.6;0.0
7.5;156.3;43.0;0.0
0.8;157.0;2.0;0.0
0.0;157.0;0.0;0.0
0.0;157.0;0.0;0.0
0.0;157.0;0.0;0.0
0.0;157.0;0.0;0.0
0.0;157.0;0.0;0.0
0.0;157.0;0.0;0.0
0.0;157.2;1.8;0.0
0.0;157.2;0.0;0.0
0.0;157.2;0.0;0.0
0.0;157.2;0.4;0.0
0.0;157.2;0.0;0.0
0.0;157.2;0.0;0.0
0.0;157.2;0.0;0.0
0.0;157.2;0.0;0.0
0.0;157.2;0.0;0.0
0.0;157.2;0.0;0.0
0.0;157.2;0.0;0.0
0.0;157.2;2.5;0.0
0.0;157.2;0.0;0.0
0.0;157.2;0.0;0.0
0.0;157.2;0.0;0.0
0.0;157.2;0.0;0.0
0.0;157.2;0.0;0.0
0.0;157.2;0.0;0.0
0.0;157.2;0.0;0.0
0.0;157.2;0.0;0.0
0.0;157.2;0.0;0.0
0.0;157.2;2.4;0.0
0.0;157.2;0.0;0.0
0.0;157.2;0.0;0.0
0.0;157.2;0.0;0.0
3.3;159.7;1.8;0.0
8.3;159.9;0.0;0.0
8.3;159.9;0.0;0.0
8.3;159.9;0.0;0.0
8.3;159.9;0.0;0.0
8.3;160.7;0.0;0.0
91.6;162.9;0.4;0.0
10.8;162.9;0.0;0.0
0.0;162.9;0.0;0.0
0.0;162.9;0.0;0.0
0.0;162.9;0.0;0.0
0.0;162.9;0.0;0.0
0.0;162.9;0.0;0.0
0.0;162.9;1.7;0.0
0.0;162.9;0.0;0.0
0.0;162.9;0.0;0.0
0.0;162.9;0.0;0.0
0.0;162.9;0.4;0.0
