6.6;50.3;27.7;0.0
8.3;61.9;23.2;0.0
6.6;66.2;23.4;0.0
8.3;79.1;26.2;0.0
7.5;86.7;30.4;0.0
6.6;95.8;37.4;0.0
7.5;107.6;47.2;0.0
65.7;127.5;17.3;0.0
42.4;137.2;24.8;0.0
9.2;142.9;9.8;0.0
6.6;156.6;41.4;0.0
0.0;156.6;0.1;0.0
0.0;156.6;0.0;0.0
0.0;156.6;0.0;0.0
0.0;156.6;0.0;0.0
0.0;156.6;0.0;0.0
0.0;156.6;0.0;0.0
0.0;156.6;0.0;0.0
0.0;156.8;1.8;0.0
0.0;156.8;0.0;0.0
0.0;156.8;0.0;0.0
0.0;156.8;0.0;0.0
0.0;156.8;0.4;0.0
0.0;156.8;0.0;0.0
0.0;156.8;0.0;0.0
0.0;156.8;0.0;0.0
0.0;156.8;0.0;0.0
0.0;156.8;0.0;0.0
0.0;156.8;0.0;0.0
0.0;156.8;2.1;0.0
0.0;156.8;0.0;0.0
0.0;156.8;0.0;0.0
0.0;156.8;0.0;0.0
0.0;156.8;0.0;0.0
0.0;156.8;0.0;0.0
0.0;156.8;0.0;0.0
0.0;156.8;0.0;0.0
0.0;156.8;0.0;0.0
0.0;156.8;0.0;0.0
0.0;156.8;0.0;0.0
0.0;156.8;2.3;0.0
0.0;156.8;0.0;0.0
0.0;156.8;0.0;0.0
1.7;158.6;0.9;0.0
8.3;159.6;0.4;0.0
8.3;159.6;0.0;0.0
8.3;159.6;0.0;0.0
8.3;159.6;0.0;0.0
8.3;159.6;0.0;0.0
8.3;159.6;0.0;0.0
47.4;170.4;0.4;0.0
57.3;170.4;0.0;0.0
0.0;170.4;0.0;0.0
0.0;170.4;0.0;0.0
0.0;170.4;0.0;0.0
0.0;170.4;0.0;0.0
0.0;170.4;0.0;0.0
0.0;170.4;0.0;0.0
0.0;170.4;1.6;0.0
0.0;170.4;0.0;0.0
