6.6;53.3;34.5;0.0
7.5;65.1;27.8;0.0
7.5;74.4;19.4;0.0
7.5;82.0;29.7;0.0
6.7;93.0;43.1;0.0
6.6;102.4;40.6;0.0
39.9;130.2;38.9;0.0
64.9;140.2;21.8;0.0
7.5;149.0;29.3;0.0
4.1;158.2;21.7;0.0
0.0;158.2;0.0;0.0
0.0;158.2;0.0;0.0
0.0;158.2;0.0;0.0
0.0;158.2;0.0;0.0
0.0;158.2;0.0;0.0
0.0;158.2;0.0;0.0
0.0;158.6;1.8;0.0
0.0;158.6;0.0;0.0
0.0;158.6;0.0;0.0
0.0;158.6;0.0;0.0
0.0;158.6;0.4;0.0
0.0;158.6;0.0;0.0
0.0;158.6;0.0;0.0
0.0;158.6;0.0;0.0
0.0;158.6;0.0;0.0
0.0;158.6;0.0;0.0
0.0;158.6;0.0;0.0
0.0;158.6;1.8;0.0
0.0;158.6;0.0;0.0
0.0;158.6;0.0;0.0
0.0;158.6;0.0;0.0
0.0;158.6;0.0;0.0
0.0;158.6;0.0;0.0
0.0;158.6;0.0;0.0
0.0;158.6;0.0;0.0
0.0;158.6;0.0;0.0
0.0;158.6;0.0;0.0
0.0;158.6;0.0;0.0
0.0;158.6;2.3;0.0
0.0;158.6;0.0;0.0
0.0;158.6;0.0;0.0
0.0;158.6;0.0;0.0
6.6;161.3;1.4;0.0
8.3;161.3;0.0;0.0
8.3;161.3;0.0;0.0
8.3;161.3;0.0;0.0
8.3;161.3;0.0;0.0
60.7;175.9;0.4;0.0
38.3;175.9;0.0;0.0
0.0;175.9;0.0;0.0
0.0;175.9;0.0;0.0
0.0;175.9;0.0;0.0
0.0;175.9;0.0;0.0
0.0;175.9;0.0;0.0
0.0;175.9;1.8;0.0
0.0;175.9;0.0;0.0
0.0;175.9;0.0;0.0
0.0;175.9;0.0;0.0
0.0;175.9;0.4;0.0
0.0;175.9;0.0;0.0
