6.6;48.2;15.5;0.0
8.3;59.1;19.8;0.0
7.5;66.7;13.2;0.0
8.3;73.1;16.0;0.0
8.3;65.0;17.6;0.0
8.3;74.0;13.0;0.0
7.5;78.9;15.9;0.0
7.5;85.3;28.3;0.0
7.5;92.5;29.4;0.0
8.3;98.5;25.6;0.0
7.5;103.7;18.1;0.0
8.3;106.4;10.8;0.0
86.0;128.5;12.9;0.0
19.9;134.7;23.9;0.0
8.3;139.8;4.8;0.0
8.3;144.5;9.6;0.0
7.5;151.7;26.7;0.0
4.1;158.7;15.0;0.0
0.0;158.7;0.0;0.0
0.0;158.7;0.0;0.0
0.0;158.7;0.0;0.0
0.0;158.7;0.0;0.0
0.0;158.7;0.0;0.0
0.0;158.7;0.0;0.0
0.0;158.7;0.0;0.0
0.0;158.8;1.6;0.0
0.0;158.8;0.0;0.0
0.0;158.8;0.0;0.0
0.0;158.8;0.4;0.0
0.0;158.8;0.0;0.0
0.0;158.8;0.0;0.0
0.0;158.8;0.0;0.0
0.0;158.8;0.0;0.0
0.0;158.8;0.0;0.0
0.0;158.8;0.0;0.0
0.0;158.8;1.4;0.0
0.0;158.8;0.7;0.0
0.0;158.8;0.0;0.0
0.0;158.8;0.0;0.0
0.0;158.8;0.0;0.0
0.0;158.8;0.0;0.0
0.0;158.8;0.0;0.0
0.0;158.8;0.0;0.0
0.0;158.8;0.0;0.0
0.0;158.8;0.0;0.0
0.0;158.8;0.0;0.0
0.0;158.8;2.4;0.0
0.0;158.8;0.0;0.0
0.0;158.8;0.0;0.0
0.0;158.8;0.0;0.0
4.2;161.0;1.7;0.0
8.3;161.4;0.0;0.0
8.3;161.4;0.0;0.0
8.3;161.4;0.0;0.0
8.3;161.4;0.0;0.0
8.3;161.4;0.0;0.0
8.3;161.7;0.0;0.0
8.3;161.7;0.0;0.0
43.3;188.2;0.4;0.0
60.6;188.2;0.0;0.0
