6.6;51.2;34.7;0.0
8.3;63.3;27.6;0.0
6.6;72.0;19.8;0.0
7.5;80.1;34.2;0.0
6.6;90.9;40.0;0.0
7.5;100.6;43.0;0.0
47.4;121.4;33.5;0.0
60.6;131.4;23.2;0.0
7.5;140.9;31.9;0.0
3.3;150.1;19.3;0.0
0.0;150.1;0.0;0.0
0.0;150.1;0.0;0.0
0.0;150.1;0.0;0.0
0.0;150.1;0.0;0.0
0.0;150.1;0.0;0.0
0.0;150.1;0.0;0.0
0.0;150.2;1.8;0.0
0.0;150.2;0.0;0.0
0.0;150.2;0.0;0.0
0.0;150.2;0.0;0.0
0.0;150.2;0.4;0.0
0.0;150.2;0.0;0.0
0.0;150.2;0.0;0.0
0.0;150.2;0.0;0.0
0.0;150.2;0.0;0.0
0.0;150.2;0.0;0.0
0.0;150.2;0.0;0.0
0.0;150.2;2.2;0.0
0.0;150.2;0.0;0.0
0.0;150.2;0.0;0.0
0.0;150.2;0.0;0.0
0.0;150.2;0.0;0.0
0.0;150.2;0.0;0.0
0.0;150.2;0.0;0.0
0.0;150.2;0.0;0.0
0.0;150.2;0.0;0.0
0.0;150.2;0.0;0.0
0.0;150.2;0.0;0.0
0.0;150.2;2.2;0.0
0.0;150.2;0.0;0.0
0.0;150.2;0.0;0.0
0.8;151.9;1.5;0.0
9.2;152.8;0.4;0.0
8.3;152.8;0.0;0.0
8.3;152.8;0.0;0.0
8.3;153.0;0.0;0.0
8.3;153.0;0.0;0.0
84.8;169.6;0.4;0.0
10.8;169.6;0.0;0.0
0.0;169.6;0.0;0.0
0.0;169.6;0.0;0.0
0.0;169.6;0.0;0.0
0.0;169.6;0.0;0.0
0.0;169.6;0.0;0.0
0.0;169.6;1.8;0.0
0.0;169.6;0.0;0.0
0.0;169.6;0.0;0.0
0.0;169.6;0.0;0.0
0.0;169.6;0.4;0.0
0.0;169.6;0.0;0.0
