8.3;55.1;23.1;0.0
7.5;62.7;12.8;0.0
7.5;71.0;23.0;0.0
8.3;73.7;14.9;0.0
7.5;83.1;24.6;0.0
7.5;90.7;34.3;0.0
6.6;98.7;33.0;0.0
7.5;109.0;40.4;0.0
46.6;129.3;13.6;0.0
61.5;140.9;32.5;0.0
8.3;145.4;6.2;0.0
7.5;160.1;42.7;0.0
0.8;161.0;2.3;0.0
0.0;161.0;0.0;0.0
0.0;161.0;0.0;0.0
0.0;161.0;0.0;0.0
0.0;161.0;0.0;0.0
0.0;161.0;0.0;0.0
0.0;161.0;0.0;0.0
0.0;161.2;1.8;0.0
0.0;161.2;0.0;0.0
0.0;161.2;0.0;0.0
0.0;161.2;0.0;0.0
0.0;161.2;0.4;0.0
0.0;161.2;0.0;0.0
0.0;161.2;0.0;0.0
0.0;161.2;0.0;0.0
0.0;161.2;0.0;0.0
0.0;161.2;0.0;0.0
0.0;161.2;0.0;0.0
0.0;161.2;2.2;0.0
0.0;161.2;0.0;0.0
0.0;161.2;0.0;0.0
0.0;161.2;0.0;0.0
0.0;161.2;0.0;0.0
0.0;161.2;0.0;0.0
0.0;161.2;0.0;0.0
0.0;161.2;0.0;0.0
0.0;161.2;0.0;0.0
0.0;161.2;0.0;0.0
0.0;161.2;0.0;0.0
0.0;161.2;2.1;0.0
0.0;161.2;0.0;0.0
0.0;161.2;0.0;0.0
0.0;162.2;1.0;0.0
8.3;163.9;0.4;0.0
8.3;163.9;0.0;0.0
8.3;163.9;0.0;0.0
8.3;163.9;0.0;0.0
8.3;163.9;0.0;0.0
29.1;176.5;0.3;0.0
73.2;176.5;0.1;0.0
0.0;176.5;0.0;0.0
0.0;176.5;0.0;0.0
0.0;176.5;0.0;0.0
0.0;176.5;0.0;0.0
0.0;176.5;0.0;0.0
0.0;176.5;0.0;0.0
0.0;176.5;1.7;0.0
0.0;176.5;0.0;0.0
