7.5;45.9;15.2;0.0
8.3;56.2;18.2;0.0
8.3;63.7;13.9;0.0
8.3;68.3;6.6;0.0
8.3;74.7;19.8;0.0
7.5;72.8;9.8;0.0
7.5;77.7;5.3;0.0
8.3;82.6;10.4;0.0
8.3;86.5;12.3;0.0
8.3;89.2;17.2;0.0
6.6;97.3;28.2;0.0
8.3;101.0;15.8;0.0
7.5;106.1;19.8;0.0
7.5;112.6;26.2;0.0
31.6;130.1;14.5;0.0
74.8;137.3;23.0;0.0
8.3;144.1;11.0;0.0
7.5;149.5;12.4;0.0
8.3;163.0;38.7;0.0
0.0;163.0;0.1;0.0
0.0;163.0;0.0;0.0
0.0;163.0;0.0;0.0
0.0;163.0;0.0;0.0
0.0;163.0;0.0;0.0
0.0;163.0;0.0;0.0
0.0;163.0;0.0;0.0
0.0;163.2;1.6;0.0
0.0;163.2;0.0;0.0
0.0;163.2;0.0;0.0
0.0;163.2;0.0;0.0
0.0;163.2;1.1;0.0
0.0;163.2;0.0;0.0
0.0;163.2;0.0;0.0
0.0;163.2;0.0;0.0
0.0;163.2;0.0;0.0
0.0;163.2;0.0;0.0
0.0;163.2;0.0;0.0
0.0;163.2;0.0;0.0
0.0;163.2;0.0;0.0
0.0;163.2;0.0;0.0
0.0;163.2;0.8;0.0
0.0;163.2;1.2;0.0
0.0;163.2;0.0;0.0
0.0;163.2;0.0;0.0
0.0;163.2;0.0;0.0
0.0;163.2;0.0;0.0
0.0;163.2;0.0;0.0
0.0;163.2;0.0;0.0
0.0;163.2;0.0;0.0
0.0;163.2;0.0;0.0
0.0;163.2;0.0;0.0
0.0;163.2;2.1;0.0
0.0;163.2;0.0;0.0
0.0;163.2;0.0;0.0
0.0;163.2;0.0;0.0
3.3;165.7;1.1;0.0
8.3;165.8;0.0;0.0
9.1;166.0;0.0;0.0
8.3;166.0;0.0;0.0
8.3;166.0;0.0;0.0
