6.6;61.4;33.7;0.0
8.3;73.3;28.0;0.0
6.6;79.3;19.1;0.0
9.1;87.2;31.6;0.0
6.6;98.3;42.8;0.0
7.5;110.6;48.7;0.0
57.4;130.6;35.8;0.0
52.4;139.5;15.6;0.0
7.5;149.1;33.7;0.0
3.3;157.5;16.9;0.0
0.0;157.5;0.0;0.0
0.0;157.5;0.0;0.0
0.0;157.5;0.0;0.0
0.0;157.5;0.0;0.0
0.0;157.5;0.0;0.0
0.0;157.5;0.0;0.0
0.0;157.6;1.8;0.0
0.0;157.6;0.0;0.0
0.0;157.6;0.0;0.0
0.0;157.6;0.0;0.0
0.0;157.6;0.0;0.0
0.0;157.6;0.0;0.0
0.0;157.6;0.0;0.0
0.0;157.6;0.0;0.0
0.0;157.6;0.0;0.0
0.0;157.6;0.0;0.0
0.0;157.6;0.0;0.0
0.0;157.6;2.3;0.0
0.0;157.6;0.0;0.0
0.0;157.6;0.0;0.0
0.0;157.6;0.0;0.0
0.0;157.6;0.0;0.0
0.0;157.6;0.0;0.0
0.0;157.6;0.0;0.0
0.0;157.6;0.0;0.0
0.0;157.6;0.0;0.0
0.0;157.6;0.0;0.0
0.0;157.6;0.0;0.0
0.0;157.6;2.6;0.0
0.0;157.6;0.0;0.0
0.0;157.6;0.0;0.0
0.0;158.2;1.2;0.0
8.3;160.2;0.4;0.0
8.3;160.2;0.0;0.0
8.3;160.2;0.0;0.0
8.3;160.2;0.0;0.0
8.3;160.2;0.0;0.0
32.4;166.9;0.4;0.0
68.1;166.9;0.0;0.0
0.0;166.9;0.0;0.0
0.0;166.9;0.0;0.0
0.0;166.9;0.0;0.0
0.0;166.9;0.0;0.0
0.0;166.9;0.0;0.0
0.0;166.9;0.0;0.0
0.0;166.9;1.8;0.0
0.0;166.9;0.0;0.0
0.0;166.9;0.0;0.0
0.0;166.9;0.4;0.0
0.0;166.9;0.0;0.0
