15.8;44.2;29.9;0.0
7.5;59.1;30.1;0.0
6.6;67.1;22.5;0.0
8.3;79.0;27.1;0.0
5.8;88.7;41.7;0.0
8.3;99.1;43.2;0.0
17.4;116.8;33.9;0.0
91.4;130.8;35.0;0.0
8.3;137.3;9.8;0.0
6.6;150.9;41.5;0.0
0.0;150.9;0.0;0.0
0.0;150.9;0.0;0.0
0.0;150.9;0.0;0.0
0.0;150.9;0.0;0.0
0.0;150.9;0.0;0.0
0.0;150.9;0.0;0.0
0.0;150.9;0.0;0.0
0.8;151.0;1.8;0.0
0.0;151.0;0.0;0.0
0.0;151.0;0.0;0.0
0.0;151.0;0.4;0.0
0.0;151.0;0.0;0.0
0.0;151.0;0.0;0.0
0.0;151.0;0.0;0.0
0.0;151.0;0.0;0.0
0.0;151.0;0.0;0.0
0.0;151.0;0.0;0.0
0.0;151.0;0.0;0.0
0.0;151.0;2.2;0.0
0.0;151.0;0.0;0.0
0.0;151.0;0.0;0.0
0.0;151.0;0.0;0.0
0.0;151.0;0.0;0.0
0.0;151.0;0.0;0.0
0.0;151.0;0.0;0.0
0.0;151.0;0.0;0.0
0.0;151.0;0.0;0.0
0.0;151.0;0.0;0.0
0.0;151.0;0.0;0.0
0.0;151.0;2.7;0.0
0.0;151.0;0.0;0.0
0.0;151.0;0.0;0.0
0.0;151.0;1.2;0.0
7.5;153.7;0.4;0.0
8.3;153.7;0.0;0.0
8.3;153.7;0.0;0.0
8.3;153.7;0.0;0.0
8.3;153.7;0.0;0.0
44.1;170.4;0.4;0.0
55.7;170.4;0.0;0.0
0.0;170.4;0.0;0.0
0.0;170.4;0.0;0.0
0.0;170.4;0.0;0.0
0.0;170.4;0.0;0.0
0.0;170.4;0.0;0.0
0.0;170.4;0.0;0.0
0.0;170.4;1.7;0.0
0.0;170.4;0.0;0.0
0.0;170.4;0.0;0.0
0.0;170.4;0.4;0.0
