6.7;51.5;31.9;0.0
8.3;64.8;28.1;0.0
6.6;69.9;23.0;0.0
8.3;80.1;28.6;0.0
6.6;91.4;48.5;0.0
7.5;101.7;45.5;0.0
53.2;128.7;42.7;0.0
55.7;137.9;14.5;0.0
7.5;151.3;40.9;0.0
1.7;155.0;8.8;0.0
0.0;155.0;0.0;0.0
0.0;155.0;0.0;0.0
0.0;155.0;0.0;0.0
0.0;155.0;0.0;0.0
0.0;155.0;0.0;0.0
0.0;155.0;0.0;0.0
0.0;155.2;1.8;0.0
0.0;155.2;0.0;0.0
0.0;155.2;0.0;0.0
0.0;155.2;0.0;0.0
0.0;155.2;0.4;0.0
0.0;155.2;0.0;0.0
0.0;155.2;0.0;0.0
0.0;155.2;0.0;0.0
0.0;155.2;0.0;0.0
0.0;155.2;0.0;0.0
0.0;155.2;0.0;0.0
0.0;155.2;2.1;0.0
0.0;155.2;0.0;0.0
0.0;155.2;0.0;0.0
0.0;155.2;0.0;0.0
0.0;155.2;0.0;0.0
0.0;155.2;0.0;0.0
0.0;155.2;0.0;0.0
0.0;155.2;0.0;0.0
0.0;155.2;0.0;0.0
0.0;155.2;0.0;0.0
0.0;155.2;0.0;0.0
0.8;155.2;2.5;0.0
0.0;155.2;0.0;0.0
0.0;155.2;0.0;0.0
0.0;157.0;1.0;0.0
8.3;157.8;0.4;0.0
8.3;157.8;0.0;0.0
8.3;157.8;0.0;0.0
8.3;157.8;0.0;0.0
9.1;157.8;0.0;0.0
59.9;170.6;0.4;0.0
37.4;170.6;0.0;0.0
0.0;170.6;0.0;0.0
0.0;170.6;0.0;0.0
0.0;170.6;0.0;0.0
0.0;170.6;0.0;0.0
0.0;170.6;0.0;0.0
0.0;170.6;1.8;0.0
0.0;170.6;0.0;0.0
0.0;170.6;0.0;0.0
0.0;170.6;0.0;0.0
0.0;170.6;0.4;0.0
0.0;170.6;0.0;0.0
