12.5;43.9;23.7;0.0
7.5;61.0;30.6;0.0
7.5;70.9;20.9;0.0
6.6;75.4;20.9;0.0
9.2;85.3;23.3;0.0
7.5;90.2;23.0;0.0
6.6;97.6;28.6;0.0
8.3;106.7;37.5;0.0
7.5;113.9;25.6;0.0
96.5;134.5;21.1;0.0
12.5;143.0;20.5;0.0
8.3;148.3;9.8;0.0
7.5;162.1;41.2;0.0
0.0;162.1;0.3;0.0
0.0;162.1;0.0;0.0
0.0;162.1;0.0;0.0
0.0;162.1;0.0;0.0
0.0;162.1;0.0;0.0
0.0;162.1;0.0;0.0
0.0;162.1;0.0;0.0
0.0;162.4;1.8;0.0
0.0;162.4;0.0;0.0
0.0;162.4;0.0;0.0
0.8;162.4;1.2;0.0
0.0;162.4;0.0;0.0
0.0;162.4;0.0;0.0
0.0;162.4;0.0;0.0
0.0;162.4;0.0;0.0
0.0;162.4;0.0;0.0
0.0;162.4;0.0;0.0
0.0;162.4;0.0;0.0
0.0;162.4;0.0;0.0
0.0;162.4;0.0;0.0
0.0;162.4;0.0;0.0
0.0;162.4;2.2;0.0
0.0;162.4;0.0;0.0
0.0;162.4;0.0;0.0
0.0;162.4;0.0;0.0
0.0;162.4;0.0;0.0
0.0;162.4;0.0;0.0
0.0;162.4;0.0;0.0
0.0;162.4;0.0;0.0
0.0;162.4;0.0;0.0
0.0;162.4;0.0;0.0
0.0;162.4;0.0;0.0
2.5;164.7;3.2;0.0
8.3;165.2;0.0;0.0
8.3;165.2;0.0;0.0
8.3;165.2;0.0;0.0
8.3;165.2;0.0;0.0
8.3;165.4;0.0;0.0
8.3;167.4;0.0;0.0
87.4;172.0;0.4;0.0
13.3;172.0;0.0;0.0
0.0;172.0;0.0;0.0
0.0;172.0;0.0;0.0
0.0;172.0;0.0;0.0
0.0;172.0;0.0;0.0
0.0;172.0;0.0;0.0
0.8;172.0;1.7;0.0
