5.8;45.0;31.5;0.0
8.3;58.2;27.3;0.0
6.6;68.9;23.5;0.0
7.5;78.4;24.6;0.0
7.5;89.4;47.5;0.0
6.6;99.3;42.5;0.0
37.4;121.4;39.0;0.0
71.5;132.1;25.0;0.0
7.5;140.1;27.1;0.0
5.0;150.4;24.0;0.0
0.0;150.4;0.0;0.0
0.0;150.4;0.0;0.0
0.0;150.4;0.0;0.0
0.0;150.4;0.0;0.0
0.0;150.4;0.0;0.0
0.0;150.4;0.0;0.0
0.0;150.6;1.8;0.0
0.0;150.6;0.0;0.0
0.0;150.6;0.0;0.0
0.0;150.6;0.0;0.0
0.0;150.6;0.4;0.0
0.0;150.6;0.0;0.0
0.0;150.6;0.0;0.0
0.0;150.6;0.0;0.0
0.0;150.6;0.0;0.0
0.0;150.6;0.0;0.0
0.0;150.6;0.0;0.0
0.0;150.6;0.0;0.0
0.0;150.6;2.8;0.0
0.0;150.6;0.0;0.0
0.0;150.6;0.0;0.0
0.0;150.6;0.0;0.0
0.0;150.6;0.0;0.0
0.0;150.6;0.0;0.0
0.0;150.6;0.0;0.0
0.0;150.6;0.0;0.0
0.0;150.6;0.0;0.0
0.0;150.6;0.0;0.0
0.0;150.6;0.0;0.0
0.0;150.6;2.5;0.0
0.0;150.6;0.0;0.0
0.0;150.6;0.0;0.0
0.8;151.3;0.9;0.0
9.1;153.4;0.4;0.0
8.3;153.4;0.0;0.0
8.3;153.4;0.0;0.0
8.3;153.4;0.0;0.0
8.3;153.6;0.0;0.0
8.3;153.6;0.0;0.0
22.5;172.1;0.0;0.0
89.8;172.1;0.4;0.0
0.0;172.1;0.0;0.0
0.0;172.1;0.0;0.0
0.0;172.1;0.0;0.0
0.0;172.1;0.0;0.0
0.0;172.1;0.0;0.0
0.0;172.1;0.0;0.0
0.0;172.1;1.8;0.0
0.0;172.1;0.0;0.0
0.0;172.1;0.0;0.0
