6.6;54.8;31.8;0.0
8.3;65.5;22.9;0.0
6.6;69.8;22.5;0.0
8.3;78.2;24.8;0.0
6.6;88.0;41.1;0.0
6.6;98.1;43.2;0.0
20.0;121.2;34.5;0.0
88.1;133.8;33.2;0.0
8.3;140.5;12.4;0.0
5.8;154.0;38.9;0.0
0.0;154.0;0.0;0.0
0.0;154.0;0.0;0.0
0.0;154.0;0.0;0.0
0.0;154.0;0.0;0.0
0.0;154.0;0.0;0.0
0.0;154.0;0.0;0.0
0.0;154.0;0.0;0.0
0.8;154.3;1.7;0.0
0.0;154.3;0.0;0.0
0.0;154.3;0.0;0.0
0.0;154.3;1.0;0.0
0.0;154.3;0.0;0.0
0.0;154.3;0.0;0.0
0.0;154.3;0.0;0.0
0.0;154.3;0.0;0.0
0.0;154.3;0.0;0.0
0.0;154.3;0.0;0.0
0.0;154.3;0.0;0.0
0.0;154.3;0.0;0.0
0.0;154.3;0.0;0.0
0.0;154.3;0.0;0.0
0.0;154.3;2.8;0.0
0.0;154.3;0.0;0.0
0.0;154.3;0.0;0.0
0.0;154.3;0.0;0.0
0.0;154.3;0.0;0.0
0.0;154.3;0.0;0.0
0.0;154.3;0.0;0.0
0.0;154.3;0.0;0.0
0.0;154.3;0.0;0.0
0.0;154.3;0.0;0.0
0.0;154.3;0.0;0.0
5.0;156.7;3.3;0.0
8.3;157.0;0.0;0.0
8.3;157.0;0.0;0.0
9.1;157.0;0.0;0.0
8.3;157.0;0.0;0.0
25.0;191.9;0.3;0.0
78.2;191.9;0.1;0.0
0.0;191.9;0.0;0.0
0.0;191.9;0.0;0.0
0.0;191.9;0.0;0.0
0.0;191.9;0.0;0.0
0.0;191.9;0.0;0.0
0.0;191.9;0.0;0.0
0.0;191.9;1.8;0.0
0.0;191.9;0.0;0.0
0.0;191.9;0.0;0.0
0.0;191.9;0.4;0.0
0.0;191.9;0.0;0.0
