6.6;55.7;33.6;0.0
6.6;67.3;24.9;0.0
7.5;71.4;21.5;0.0
8.3;80.7;24.6;0.0
5.8;90.1;39.9;0.0
7.5;100.8;45.4;0.0
20.0;119.8;34.5;0.0
88.9;132.6;34.0;0.0
9.2;139.0;9.8;0.0
7.5;153.5;40.1;0.0
7.5;154.6;2.0;0.0
0.0;154.6;0.3;0.0
0.0;154.6;0.0;0.0
0.0;154.6;0.0;0.0
0.0;154.6;0.0;0.0
0.0;154.6;0.0;0.0
0.0;154.6;0.0;0.0
0.0;154.6;0.0;0.0
0.0;154.9;1.7;0.0
0.0;154.9;0.0;0.0
0.0;154.9;0.0;0.0
0.0;154.9;0.0;0.0
7.5;155.1;0.9;0.0
8.3;155.3;0.0;0.0
9.1;155.3;0.0;0.0
7.5;155.3;0.0;0.0
8.3;155.3;0.0;0.0
8.3;155.3;0.0;0.0
8.3;155.3;0.0;0.0
10.0;155.4;1.4;0.0
5.8;155.9;0.0;0.0
0.0;155.9;0.0;0.0
0.0;155.9;0.0;0.0
0.0;155.9;0.0;0.0
0.0;155.9;0.0;0.0
0.0;155.9;0.0;0.0
0.0;155.9;0.0;0.0
0.0;155.9;1.8;0.0
0.0;155.9;0.0;0.0
0.0;155.9;0.0;0.0
0.0;155.9;0.4;0.0
5.8;156.2;0.5;0.0
7.5;159.9;0.3;4.0
9.1;191.0;609.4;0.0
8.3;191.2;749.1;0.0
8.3;191.5;435.7;0.0
8.3;192.0;330.7;0.0
8.3;192.0;328.9;0.0
8.3;192.0;348.6;0.0
8.3;192.0;222.5;0.0
7.5;192.0;354.6;0.0
9.1;192.0;348.8;0.0
8.3;192.0;366.4;0.0
8.3;192.0;347.8;0.0
8.3;192.0;324.6;0.0
8.3;223.3;153.5;0.0
8.3;223.3;0.4;132.0
8.3;223.3;0.6;192.0
8.3;223.3;0.4;128.0
8.3;192.9;0.3;64.0
