7.5;54.8;31.6;0.0
6.6;68.2;27.3;0.0
7.5;71.2;23.8;0.0
8.3;80.5;24.6;0.0
5.8;90.9;43.5;0.0
8.3;100.8;42.9;0.0
25.0;124.3;32.2;0.0
83.9;138.4;35.2;0.0
7.5;144.9;9.8;0.0
8.3;159.6;40.0;0.0
5.0;160.8;2.3;0.0
0.0;160.8;0.0;0.0
0.0;160.8;0.0;0.0
0.0;160.8;0.0;0.0
0.0;160.8;0.0;0.0
0.0;160.8;0.0;0.0
0.0;160.8;0.0;0.0
0.0;160.8;0.0;0.0
0.0;161.0;1.8;0.0
0.0;161.0;0.0;0.0
0.0;161.0;0.0;0.0
0.0;161.0;0.4;0.0
2.5;161.1;0.5;0.0
8.3;161.3;0.0;0.0
8.3;161.3;0.0;0.0
8.3;161.3;0.0;0.0
8.3;161.3;0.0;0.0
8.3;161.3;0.0;0.0
8.3;161.3;0.0;0.0
7.5;161.3;0.0;0.0
9.2;161.7;1.4;0.0
3.3;162.1;0.0;0.0
0.0;162.1;0.0;0.0
0.0;162.1;0.0;0.0
0.0;162.1;0.0;0.0
0.0;162.1;0.0;0.0
0.0;162.1;0.0;0.0
0.8;162.1;1.8;0.0
0.0;162.1;0.0;0.0
0.0;162.1;0.0;0.0
0.0;162.1;0.0;0.0
2.5;162.3;0.9;0.0
8.3;162.9;0.3;4.0
7.5;195.1;180.0;0.0
8.3;195.3;800.7;0.0
8.3;195.4;678.3;0.0
8.3;195.5;265.9;0.0
8.3;195.5;310.8;0.0
8.3;196.0;334.0;0.0
9.2;196.0;317.8;0.0
8.3;196.0;205.4;0.0
8.3;196.0;364.4;0.0
8.3;196.0;344.8;0.0
8.3;196.0;362.4;0.0
8.3;196.0;337.4;0.0
8.3;196.0;342.8;0.0
8.3;227.2;30.5;0.0
7.5;227.2;0.6;196.0
8.3;227.2;0.6;192.0
8.3;227.2;0.2;64.0
