13.3;56.1;31.0;0.0
7.5;70.8;29.9;0.0
6.6;66.9;28.9;0.0
8.3;80.4;27.4;0.0
6.6;90.5;41.6;0.0
7.5;101.3;46.2;0.0
27.5;122.5;37.7;0.0
81.4;133.7;30.2;0.0
7.5;139.8;18.2;0.0
9.2;154.1;31.6;0.0
3.3;155.4;2.3;0.0
0.0;155.4;0.0;0.0
0.0;155.4;0.0;0.0
0.0;155.4;0.0;0.0
0.0;155.4;0.0;0.0
0.0;155.4;0.0;0.0
0.0;155.4;0.0;0.0
0.0;155.6;1.9;0.0
0.0;155.6;0.0;0.0
0.0;155.6;0.0;0.0
0.0;155.6;0.0;0.0
3.3;155.8;0.8;0.0
7.5;155.9;0.0;0.0
8.3;155.9;0.0;0.0
8.3;155.9;0.0;0.0
8.3;155.9;0.0;0.0
8.3;155.9;0.0;0.0
8.3;155.9;0.0;0.0
9.2;156.1;1.3;0.0
7.5;156.6;0.1;0.0
0.0;156.6;0.0;0.0
0.0;156.6;0.0;0.0
0.0;156.6;0.0;0.0
0.0;156.6;0.0;0.0
0.0;156.6;0.0;0.0
0.0;156.6;0.0;0.0
0.0;156.6;1.8;0.0
0.0;156.6;0.0;0.0
0.0;156.6;0.0;0.0
0.0;156.6;0.0;0.0
7.5;156.9;0.9;0.0
7.5;189.8;26.9;4.0
8.3;189.8;800.3;0.0
7.5;189.9;742.3;0.0
8.3;190.2;298.7;0.0
8.3;190.2;338.1;0.0
9.1;190.2;346.5;0.0
8.3;190.7;306.2;0.0
8.3;190.7;268.6;0.0
8.3;190.7;363.7;0.0
8.3;190.7;368.3;0.0
9.1;190.7;366.7;0.0
8.3;190.7;350.6;0.0
8.3;221.9;200.6;0.0
8.3;221.9;0.2;68.0
8.3;221.9;0.6;192.0
8.3;221.9;0.4;128.0
8.3;191.6;0.5;108.0
8.3;191.6;0.0;0.0
5.0;0.0;0.0;0.0
