6.6;56.5;33.9;0.0
8.3;69.4;25.8;0.0
8.3;75.0;22.7;0.0
7.5;83.2;23.0;0.0
6.6;92.6;39.7;0.0
7.5;103.4;45.6;0.0
23.3;120.4;30.8;0.0
85.7;135.3;37.7;0.0
8.3;141.8;12.4;0.0
7.5;156.2;37.4;0.0
7.5;157.4;2.3;0.0
0.0;157.4;0.0;0.0
0.0;157.4;0.0;0.0
0.0;157.4;0.0;0.0
0.0;157.4;0.0;0.0
0.0;157.4;0.0;0.0
0.0;157.4;0.0;0.0
0.0;157.4;0.0;0.0
0.0;157.6;1.7;0.0
0.0;157.6;0.0;0.0
0.0;157.6;0.0;0.0
0.0;157.6;0.9;0.0
7.5;157.8;0.0;0.0
9.1;157.9;0.0;0.0
8.3;157.9;0.0;0.0
8.3;157.9;0.0;0.0
8.3;157.9;0.0;0.0
8.3;157.9;0.0;0.0
8.3;157.9;0.0;0.0
8.3;157.9;0.0;0.0
8.3;158.3;1.4;0.0
2.5;158.7;0.0;0.0
0.0;158.7;0.0;0.0
0.0;158.7;0.0;0.0
0.0;158.7;0.0;0.0
0.0;158.7;0.0;0.0
0.0;158.7;0.0;0.0
0.0;158.7;1.7;0.0
0.0;158.7;0.0;0.0
0.0;158.7;0.0;0.0
0.0;158.7;0.0;0.0
0.0;158.7;0.4;0.0
6.6;159.0;0.5;0.0
9.1;160.8;0.3;4.0
8.3;191.8;606.9;0.0
8.3;192.0;815.2;0.0
8.3;192.2;384.0;0.0
8.3;192.2;302.2;0.0
8.3;192.6;340.0;0.0
8.3;192.6;346.2;0.0
8.3;192.6;217.8;0.0
8.3;192.6;326.8;0.0
8.3;192.6;329.4;0.0
8.3;192.6;340.4;0.0
8.3;192.6;333.8;0.0
8.3;192.6;339.2;0.0
7.5;223.9;240.5;0.0
8.3;223.9;0.2;68.0
8.3;223.9;0.6;192.0
8.3;223.9;0.6;192.0
