6.6;46.4;32.3;0.0
7.5;58.7;24.4;0.0
6.7;69.1;22.4;0.0
7.5;78.5;24.6;0.0
7.5;88.5;42.3;0.0
6.6;98.8;43.8;0.0
25.0;117.8;33.9;0.0
84.8;130.2;33.8;0.0
8.3;136.8;12.6;0.0
7.5;151.4;37.2;0.0
5.0;152.7;2.3;0.0
0.0;152.7;0.0;0.0
0.0;152.7;0.0;0.0
0.0;152.7;0.0;0.0
0.0;152.7;0.0;0.0
0.0;152.7;0.0;0.0
0.0;152.7;0.0;0.0
0.0;152.7;0.0;0.0
0.8;152.7;1.7;0.0
0.0;152.7;0.0;0.0
0.0;152.7;0.0;0.0
1.7;153.0;0.8;0.0
8.3;153.1;0.0;0.0
8.3;153.1;0.0;0.0
8.3;153.1;0.0;0.0
8.3;153.1;0.0;0.0
8.3;153.1;0.0;0.0
8.3;153.1;0.0;0.0
8.3;153.1;0.0;0.0
8.3;153.3;1.4;0.0
5.8;153.9;0.0;0.0
0.0;153.9;0.0;0.0
0.0;153.9;0.0;0.0
0.0;153.9;0.0;0.0
0.0;153.9;0.0;0.0
0.0;153.9;0.0;0.0
0.0;153.9;0.0;0.0
0.8;153.9;1.7;0.0
0.0;153.9;0.0;0.0
0.0;153.9;0.0;0.0
0.0;153.9;0.9;0.0
8.3;154.2;0.0;0.0
7.5;155.5;0.3;4.0
8.3;186.9;530.6;0.0
8.3;187.1;759.4;0.0
8.3;187.4;475.1;0.0
8.3;187.4;288.8;0.0
8.3;187.4;322.6;0.0
8.3;187.8;346.6;0.0
8.3;187.8;226.0;0.0
8.3;187.8;346.4;0.0
8.3;187.8;354.5;0.0
8.3;187.8;343.9;0.0
8.3;187.8;368.8;0.0
8.3;187.8;345.1;0.0
8.3;219.2;215.2;0.0
8.3;219.2;0.2;68.0
8.3;219.2;0.6;192.0
8.3;219.2;0.6;192.0
8.3;188.9;0.3;56.0
