7.5;48.6;33.4;0.0
7.5;62.1;26.7;0.0
6.6;69.8;22.9;0.0
9.2;80.5;25.8;0.0
6.6;89.6;36.3;0.0
6.6;100.0;45.2;0.0
8.3;108.1;30.7;0.0
92.4;128.4;29.4;0.0
15.8;138.6;18.4;0.0
7.5;154.7;43.2;0.0
8.3;156.7;2.4;0.0
0.0;156.7;0.3;0.0
0.0;156.7;0.0;0.0
0.0;156.7;0.0;0.0
0.0;156.7;0.0;0.0
0.0;156.7;0.0;0.0
0.0;156.7;0.0;0.0
0.0;156.7;0.0;0.0
0.0;156.8;1.7;0.0
0.0;156.8;0.0;0.0
0.0;156.8;0.0;0.0
0.0;156.8;0.0;0.0
7.5;157.0;0.8;0.0
8.3;157.1;0.0;0.0
8.3;157.1;0.0;0.0
8.3;157.1;0.0;0.0
8.3;157.1;0.0;0.0
8.3;157.1;0.0;0.0
7.5;157.1;0.0;0.0
9.2;157.3;1.3;0.0
7.5;157.8;0.1;0.0
0.0;157.8;0.0;0.0
0.0;157.8;0.0;0.0
0.0;157.8;0.0;0.0
0.0;157.8;0.0;0.0
0.0;157.8;0.0;0.0
0.0;157.8;0.0;0.0
0.8;157.8;1.7;0.0
0.0;157.8;0.0;0.0
0.0;157.8;0.0;0.0
0.0;157.8;0.0;0.0
5.8;158.1;0.8;0.0
8.3;190.7;0.3;4.0
8.3;191.0;829.5;0.0
8.3;191.0;744.5;0.0
8.3;191.8;331.4;0.0
8.3;191.8;324.3;0.0
8.3;191.8;326.4;0.0
8.3;191.8;296.0;0.0
8.3;191.8;205.8;0.0
8.3;191.8;302.7;0.0
8.3;191.8;334.8;0.0
8.3;191.8;335.8;0.0
8.3;191.8;363.8;0.0
8.3;191.8;356.3;0.0
8.3;223.2;172.3;0.0
8.3;223.2;0.4;132.0
8.3;223.2;0.6;192.0
8.3;223.2;0.4;128.0
8.3;192.9;0.3;52.0
