15.8;45.9;27.8;0.0
7.5;60.1;27.9;0.0
7.5;64.5;31.4;0.0
8.3;78.1;26.8;0.0
7.5;87.1;37.2;0.0
6.6;96.4;41.2;0.0
6.6;106.9;37.1;0.0
95.7;130.0;40.7;0.0
15.8;137.5;10.5;0.0
7.5;152.0;40.2;0.0
6.6;153.6;2.0;0.0
0.0;153.6;0.3;0.0
0.0;153.6;0.0;0.0
0.0;153.6;0.0;0.0
0.0;153.6;0.0;0.0
0.0;153.6;0.0;0.0
0.0;153.6;0.0;0.0
0.0;153.6;0.0;0.0
0.8;153.8;1.7;0.0
0.0;153.8;0.0;0.0
0.0;153.8;0.0;0.0
0.0;153.8;0.0;0.0
0.0;153.8;0.4;0.0
7.5;154.0;0.6;0.0
8.3;154.2;0.0;0.0
8.3;154.2;0.0;0.0
8.3;154.2;0.0;0.0
8.3;154.2;0.0;0.0
8.3;154.2;0.0;0.0
8.3;154.2;0.0;0.0
8.3;154.6;1.4;0.0
3.3;154.9;0.0;0.0
0.0;154.9;0.0;0.0
0.0;154.9;0.0;0.0
0.0;154.9;0.0;0.0
0.0;154.9;0.0;0.0
0.0;154.9;0.0;0.0
0.0;154.9;1.8;0.0
0.0;154.9;0.0;0.0
0.0;154.9;0.0;0.0
0.0;154.9;0.0;0.0
3.3;155.2;0.8;0.0
7.5;157.8;0.3;4.0
8.3;189.9;275.4;0.0
8.3;190.1;771.9;0.0
8.3;190.4;586.0;0.0
8.3;190.4;278.4;0.0
8.3;190.4;333.4;0.0
8.3;190.4;327.4;0.0
8.3;190.9;288.2;0.0
9.2;190.9;253.2;0.0
8.3;190.9;336.6;0.0
8.3;190.9;327.6;0.0
8.3;190.9;349.0;0.0
8.3;190.9;313.8;0.0
8.3;205.0;337.1;0.0
8.3;222.1;1.6;0.0
8.3;222.1;0.6;196.0
8.3;222.1;0.6;192.0
8.3;191.8;0.7;132.0
