6.6;61.3;33.7;0.0
8.3;75.1;28.2;0.0
6.6;83.6;22.8;0.0
8.3;95.0;26.2;0.0
5.8;104.2;38.3;0.0
7.5;114.3;43.2;0.0
7.5;122.5;30.7;0.0
97.4;151.0;39.3;0.0
12.5;158.6;11.9;0.0
7.5;173.6;39.8;0.0
9.1;174.2;0.4;0.0
0.8;175.3;2.3;0.0
0.0;175.3;0.0;0.0
0.0;175.3;0.0;0.0
0.0;175.3;0.0;0.0
0.0;175.3;0.0;0.0
0.0;175.3;0.0;0.0
0.0;175.3;0.0;0.0
0.0;175.7;1.7;0.0
0.0;175.7;0.0;0.0
0.0;175.7;0.0;0.0
0.0;175.7;0.0;0.0
5.0;175.8;0.9;0.0
8.3;175.9;0.0;0.0
8.3;175.9;0.0;0.0
8.3;175.9;0.0;0.0
8.3;175.9;0.0;0.0
8.3;175.9;0.0;0.0
7.5;175.9;0.0;0.0
10.0;178.2;1.3;0.0
7.5;178.7;0.1;0.0
0.0;178.7;0.0;0.0
0.0;178.7;0.0;0.0
0.0;178.7;0.0;0.0
0.0;178.7;0.0;0.0
0.0;178.7;0.0;0.0
0.0;178.7;0.0;0.0
0.8;178.7;1.7;0.0
0.0;178.7;0.0;0.0
0.0;178.7;0.0;0.0
0.0;178.7;0.0;0.0
6.6;179.0;0.9;0.0
7.5;209.6;23.7;4.0
7.5;209.8;794.4;0.0
8.3;210.0;806.7;0.0
8.3;210.2;270.4;0.0
8.3;210.2;343.1;0.0
8.3;210.7;331.1;0.0
9.1;210.7;277.0;0.0
8.3;210.7;301.9;0.0
8.3;210.7;351.6;0.0
8.3;210.7;371.6;0.0
8.3;210.7;358.3;0.0
8.3;210.7;364.2;0.0
8.3;242.0;278.5;0.0
8.3;242.0;0.0;0.0
8.3;242.0;0.6;196.0
8.3;242.0;0.6;192.0
8.3;211.7;0.5;124.0
8.3;211.7;0.0;0.0
