6.6;56.3;33.0;0.0
8.3;67.5;23.5;0.0
6.6;69.8;22.4;0.0
7.5;78.0;25.0;0.0
6.6;87.6;39.7;0.0
6.6;98.0;43.2;0.0
23.3;116.6;34.5;0.0
85.6;130.0;34.4;0.0
8.3;136.3;13.0;0.0
7.5;150.9;36.8;0.0
5.8;152.1;2.3;0.0
0.0;152.1;0.0;0.0
0.0;152.1;0.0;0.0
0.0;152.1;0.0;0.0
0.0;152.1;0.0;0.0
0.0;152.1;0.0;0.0
0.0;152.1;0.0;0.0
0.0;152.1;0.0;0.0
0.0;152.4;1.8;0.0
0.0;152.4;0.0;0.0
0.0;152.4;0.0;0.0
2.5;152.6;1.0;0.0
8.3;152.7;0.0;0.0
8.3;152.7;0.0;0.0
8.3;152.7;0.0;0.0
8.3;152.7;0.0;0.0
8.3;152.7;0.0;0.0
8.3;152.7;0.0;0.0
8.3;152.7;0.0;0.0
8.3;152.9;1.4;0.0
5.8;153.5;0.0;0.0
0.0;153.5;0.0;0.0
0.0;153.5;0.0;0.0
0.0;153.5;0.0;0.0
0.0;153.5;0.0;0.0
0.0;153.5;0.0;0.0
0.0;153.5;0.0;0.0
0.0;153.5;1.7;0.0
0.0;153.5;0.0;0.0
0.0;153.5;0.0;0.0
0.0;153.5;0.9;0.0
7.5;153.9;0.3;4.0
8.3;190.6;123.3;0.0
8.3;190.6;756.1;0.0
8.3;190.8;757.0;0.0
8.3;191.1;249.4;0.0
8.3;191.1;314.1;0.0
8.3;191.5;314.9;0.0
8.3;191.5;342.3;0.0
9.2;191.5;226.2;0.0
8.3;191.5;354.8;0.0
8.3;191.5;350.8;0.0
8.3;191.5;368.9;0.0
8.3;191.5;366.3;0.0
8.3;216.6;349.5;0.0
8.3;222.8;1.6;0.0
8.3;222.8;0.6;196.0
8.3;222.8;0.6;192.0
8.3;206.9;0.7;132.0
8.3;192.4;0.0;0.0
