15.8;51.0;28.4;0.0
8.3;65.8;30.8;0.0
6.6;70.6;25.8;0.0
7.5;83.6;26.2;0.0
8.3;91.4;31.8;0.0
7.5;100.4;36.2;0.0
7.5;112.5;47.5;0.0
80.7;134.6;35.2;0.0
28.3;142.0;9.2;0.0
8.3;155.7;41.1;0.0
8.3;160.0;5.9;0.0
0.8;161.0;2.3;0.0
0.0;161.0;0.0;0.0
0.0;161.0;0.0;0.0
0.0;161.0;0.0;0.0
0.0;161.0;0.0;0.0
0.0;161.0;0.0;0.0
0.0;161.0;0.0;0.0
0.0;161.1;1.8;0.0
0.0;161.1;0.0;0.0
0.0;161.1;0.0;0.0
0.0;161.1;0.0;0.0
6.6;161.4;0.9;0.0
8.3;161.5;0.0;0.0
8.3;161.5;0.0;0.0
8.3;161.5;0.0;0.0
8.3;161.5;0.0;0.0
8.3;161.5;0.0;0.0
7.5;161.5;0.0;0.0
8.3;161.5;0.0;0.0
8.3;161.9;1.4;0.0
4.1;162.2;0.0;0.0
0.0;162.2;0.0;0.0
0.0;162.2;0.0;0.0
0.0;162.2;0.0;0.0
0.0;162.2;0.0;0.0
0.0;162.2;0.0;0.0
0.0;162.2;1.6;0.0
0.0;162.2;0.0;0.0
0.0;162.2;0.0;0.0
0.0;162.2;0.0;0.0
3.3;162.5;0.8;0.0
7.5;165.0;0.3;4.0
8.3;197.3;302.6;0.0
8.3;197.3;668.8;0.0
8.3;197.7;702.6;0.0
8.3;198.2;310.7;0.0
8.3;198.2;317.0;0.0
8.3;198.2;311.0;0.0
8.3;198.2;236.4;0.0
8.3;198.2;327.8;0.0
9.1;198.2;343.8;0.0
8.3;198.2;333.3;0.0
9.1;198.2;334.2;0.0
8.3;198.2;343.6;0.0
8.3;198.2;337.7;0.0
8.3;229.5;49.9;0.0
8.3;229.7;0.4;132.0
7.5;229.7;0.8;256.0
8.3;229.7;0.2;64.0
