7.5;51.3;28.0;0.0
6.6;66.5;29.9;0.0
8.3;61.8;27.5;0.0
7.5;74.8;21.0;0.0
6.6;81.6;31.1;0.0
7.5;92.6;39.2;0.0
7.5;101.2;38.4;0.0
43.3;124.8;29.1;0.0
66.6;135.8;30.0;0.0
6.7;143.1;21.2;0.0
8.3;156.1;28.7;0.0
5.8;157.4;2.3;0.0
0.0;157.4;0.0;0.0
0.0;157.4;0.0;0.0
0.0;157.4;0.0;0.0
0.0;157.4;0.0;0.0
0.0;157.4;0.0;0.0
0.0;157.4;0.0;0.0
0.0;157.4;0.0;0.0
0.0;157.7;1.6;0.0
0.0;157.7;0.0;0.0
0.0;157.7;0.0;0.0
0.8;157.7;0.4;0.0
0.0;157.7;0.0;0.0
0.0;157.7;0.0;0.0
0.0;157.7;0.0;0.0
0.0;157.7;0.0;0.0
0.0;157.7;0.0;0.0
0.0;157.7;0.0;0.0
0.0;157.7;0.0;0.0
0.0;157.7;0.0;0.0
0.0;157.7;0.0;0.0
0.0;157.7;0.0;0.0
0.0;157.7;0.3;0.0
2.5;157.8;0.2;0.0
8.3;157.9;0.0;0.0
8.3;157.9;0.0;0.0
8.3;157.9;0.0;0.0
8.3;157.9;0.0;0.0
8.3;157.9;0.0;0.0
8.3;157.9;0.0;0.0
8.3;157.9;0.0;0.0
8.3;158.2;1.4;0.0
5.8;158.7;0.0;0.0
0.0;158.7;0.0;0.0
0.0;158.7;0.0;0.0
0.0;158.7;0.0;0.0
0.0;158.7;0.0;0.0
0.0;158.7;0.0;0.0
0.0;158.7;0.0;0.0
0.0;158.7;1.8;0.0
0.0;158.7;0.0;0.0
0.0;158.7;0.0;0.0
1.7;159.0;0.8;0.0
7.5;163.5;0.3;4.0
8.3;195.9;188.5;0.0
8.3;195.9;778.4;0.0
8.3;196.2;690.9;0.0
8.3;196.3;268.1;0.0
8.3;196.3;305.0;0.0
