10.0;53.5;30.4;0.0
8.3;68.0;27.5;0.0
6.6;76.2;31.1;0.0
8.3;89.5;26.8;0.0
6.7;97.6;31.0;0.0
7.5;107.2;42.0;0.0
7.5;118.8;42.5;0.0
81.5;143.8;31.1;0.0
25.8;153.3;14.3;0.0
7.5;167.9;44.1;0.0
9.2;171.3;3.9;0.0
0.0;171.3;0.3;0.0
0.0;171.3;0.0;0.0
0.0;171.3;0.0;0.0
0.0;171.3;0.0;0.0
0.0;171.3;0.0;0.0
0.0;171.3;0.0;0.0
0.0;171.3;0.0;0.0
0.0;171.4;1.8;0.0
0.0;171.4;0.0;0.0
0.0;171.4;0.0;0.0
0.0;171.4;0.0;0.0
7.5;171.7;0.8;0.0
8.3;171.8;0.0;0.0
8.3;171.8;0.0;0.0
9.1;171.8;0.0;0.0
8.3;171.8;0.0;0.0
8.3;171.8;0.0;0.0
8.3;171.8;0.0;0.0
8.3;171.8;0.0;0.0
8.3;172.2;1.4;0.0
0.8;172.6;0.0;0.0
0.0;172.6;0.0;0.0
0.0;172.6;0.0;0.0
0.0;172.6;0.0;0.0
0.0;172.6;0.0;0.0
0.0;172.6;0.0;0.0
0.0;172.6;1.7;0.0
0.0;172.6;0.0;0.0
0.0;172.6;0.0;0.0
0.0;172.6;0.0;0.0
0.0;172.6;0.4;0.0
0.0;172.6;0.0;0.0
0.0;172.6;0.0;0.0
3.3;172.9;0.4;0.0
8.3;173.4;0.3;4.0
8.3;205.6;328.2;0.0
7.5;205.8;745.8;0.0
8.3;206.1;600.8;0.0
9.2;206.1;292.5;0.0
8.3;206.1;304.4;0.0
8.3;206.5;311.2;0.0
7.5;206.5;267.4;0.0
8.3;206.5;251.0;0.0
8.3;206.5;332.4;0.0
8.3;206.5;340.8;0.0
9.1;206.5;372.0;0.0
8.3;206.5;362.0;0.0
8.3;206.5;363.4;0.0
8.3;237.9;49.9;0.0
