6.6;53.6;33.5;0.0
8.3;65.3;24.2;0.0
6.6;76.0;23.0;0.0
9.2;84.8;28.2;0.0
5.8;96.2;46.9;0.0
8.3;105.7;41.5;0.0
40.8;127.7;31.8;0.0
68.1;138.6;27.8;0.0
7.5;145.4;20.6;0.0
9.1;158.9;29.2;0.0
2.5;160.2;2.3;0.0
0.0;160.2;0.0;0.0
0.0;160.2;0.0;0.0
0.0;160.2;0.0;0.0
0.0;160.2;0.0;0.0
0.0;160.2;0.0;0.0
0.0;160.2;0.0;0.0
0.8;160.2;1.8;0.0
0.0;160.2;0.0;0.0
0.0;160.2;0.0;0.0
0.0;160.2;0.0;0.0
0.0;160.2;0.4;0.0
0.0;160.2;0.0;0.0
0.0;160.2;0.0;0.0
6.6;160.5;0.6;0.0
8.3;160.6;0.0;0.0
8.3;160.6;0.0;0.0
8.3;160.6;0.0;0.0
8.3;160.6;0.0;0.0
8.3;160.6;0.0;0.0
8.3;160.6;0.0;0.0
8.3;160.8;1.4;0.0
6.6;161.4;0.0;0.0
0.0;161.4;0.0;0.0
0.0;161.4;0.0;0.0
0.0;161.4;0.0;0.0
0.0;161.4;0.0;0.0
0.0;161.4;0.0;0.0
0.0;161.4;0.0;0.0
0.0;161.4;1.8;0.0
0.0;161.4;0.0;0.0
0.0;161.4;0.0;0.0
0.0;161.4;0.9;0.0
8.3;161.6;0.0;0.0
7.5;165.3;0.3;4.0
8.3;196.5;690.1;0.0
8.3;196.5;790.4;0.0
8.3;196.9;330.2;0.0
8.3;196.9;319.5;0.0
8.3;196.9;323.5;0.0
8.3;197.4;328.2;0.0
8.3;197.4;197.4;0.0
8.3;197.4;338.4;0.0
8.3;197.4;307.6;0.0
8.3;197.4;372.2;0.0
8.3;197.4;347.7;0.0
8.3;197.4;343.3;0.0
8.3;228.7;88.7;0.0
8.3;228.7;0.4;132.0
8.3;228.7;0.6;192.0
