6.7;53.1;28.5;0.0
8.3;65.9;26.5;0.0
7.5;67.1;20.6;0.0
7.5;79.3;26.4;0.0
5.8;86.8;33.5;0.0
7.5;95.9;38.1;0.0
6.6;107.4;42.5;0.0
86.5;134.8;41.0;0.0
21.6;140.1;6.8;0.0
7.5;153.4;39.3;0.0
7.5;157.0;4.4;0.0
0.8;157.9;2.3;0.0
0.0;157.9;0.0;0.0
0.0;157.9;0.0;0.0
0.0;157.9;0.0;0.0
0.0;157.9;0.0;0.0
0.0;157.9;0.0;0.0
0.0;157.9;0.0;0.0
0.8;158.1;1.8;0.0
0.0;158.1;0.0;0.0
0.0;158.1;0.0;0.0
0.0;158.1;0.0;0.0
5.0;158.3;0.8;0.0
8.3;158.5;0.0;0.0
8.3;158.5;0.0;0.0
8.3;158.5;0.0;0.0
8.3;158.5;0.0;0.0
8.3;158.5;0.0;0.0
8.3;158.5;0.0;0.0
8.3;158.7;1.1;0.0
8.3;159.1;0.3;0.0
0.0;159.1;0.0;0.0
0.0;159.1;0.0;0.0
0.0;159.1;0.0;0.0
0.0;159.1;0.0;0.0
0.0;159.1;0.0;0.0
0.0;159.1;0.0;0.0
0.0;159.1;1.7;0.0
0.0;159.1;0.0;0.0
0.0;159.1;0.0;0.0
0.0;159.1;0.0;0.0
6.6;159.4;0.8;0.0
8.3;161.1;0.3;4.0
8.3;192.2;594.2;0.0
8.3;192.3;795.9;0.0
8.3;192.7;394.8;0.0
8.3;192.7;317.5;0.0
8.3;192.7;320.3;0.0
8.3;193.2;309.0;0.0
8.3;193.2;213.6;0.0
8.3;193.2;346.6;0.0
10.0;193.2;350.7;0.0
8.3;193.2;360.4;0.0
8.3;193.2;360.5;0.0
8.3;193.2;374.4;0.0
8.3;224.5;137.3;0.0
8.3;224.5;0.4;132.0
8.3;224.5;0.6;192.0
8.3;224.5;0.4;128.0
8.3;194.1;0.5;68.0
