5.8;55.0;35.7;0.0
8.3;68.5;27.3;0.0
7.5;70.9;23.8;0.0
8.3;80.4;24.6;0.0
6.6;91.3;47.3;0.0
6.6;101.6;45.2;0.0
37.4;125.5;31.1;0.0
70.7;136.3;30.2;0.0
9.2;142.5;13.0;0.0
8.3;157.1;36.8;0.0
5.0;158.4;2.3;0.0
0.0;158.4;0.0;0.0
0.0;158.4;0.0;0.0
0.0;158.4;0.0;0.0
0.0;158.4;0.0;0.0
0.0;158.4;0.0;0.0
0.0;158.4;0.0;0.0
0.0;158.4;0.0;0.0
0.0;158.5;1.6;0.0
0.0;158.5;0.0;0.0
0.0;158.5;0.0;0.0
1.7;158.7;0.9;0.0
8.3;158.8;0.0;0.0
8.3;158.8;0.0;0.0
8.3;158.8;0.0;0.0
8.3;158.8;0.0;0.0
8.3;158.8;0.0;0.0
8.3;158.8;0.0;0.0
8.3;158.8;0.0;0.0
8.3;159.0;1.3;0.0
8.3;159.6;0.1;0.0
0.0;159.6;0.0;0.0
0.0;159.6;0.0;0.0
0.0;159.6;0.0;0.0
0.0;159.6;0.0;0.0
0.0;159.6;0.0;0.0
0.0;159.6;0.0;0.0
0.8;159.6;1.7;0.0
0.0;159.6;0.0;0.0
0.0;159.6;0.0;0.0
0.0;159.6;0.0;0.0
7.5;159.9;0.9;0.0
7.5;163.6;0.3;4.0
8.3;194.7;674.3;0.0
7.5;194.8;770.9;0.0
8.3;195.1;356.3;0.0
8.3;195.1;317.1;0.0
8.3;195.6;346.1;0.0
9.2;195.6;333.1;0.0
8.3;195.6;242.5;0.0
8.3;195.6;329.4;0.0
9.2;195.6;316.2;0.0
8.3;195.6;369.6;0.0
8.3;195.6;357.0;0.0
8.3;195.6;358.2;0.0
8.3;226.9;104.5;0.0
8.3;226.9;0.4;132.0
8.3;226.9;0.8;256.0
8.3;226.9;0.2;64.0
8.3;196.6;0.5;68.0
