0.0;10.0;1.8;348.0
8.0;19.2;2.3;644.0
82.4;28.2;0.4;60.0
98.2;29.2;1.0;88.0
99.0;29.3;1.0;72.0
99.0;29.9;1.8;204.0
90.6;30.4;1.2;108.0
98.6;30.7;0.4;40.0
106.5;31.0;1.6;172.0
90.8;32.1;2.4;440.0
104.9;32.1;1.8;188.0
90.7;32.9;1.5;488.0
0.0;34.0;2.8;412.0
0.0;34.9;2.6;348.0
8.2;36.8;3.0;668.0
8.3;38.1;1.6;312.0
0.0;39.2;1.6;228.0
8.3;39.7;1.8;240.0
0.0;40.5;2.6;204.0
8.1;40.8;0.9;228.0
0.0;42.2;0.9;1564.0
8.2;43.1;1.6;1096.0
0.0;44.7;0.4;1696.0
0.0;45.2;1.3;468.0
8.2;46.5;1.5;808.0
0.0;48.3;1.4;1508.0
0.0;49.2;2.5;268.0
8.2;49.4;1.5;280.0
8.3;50.1;3.5;428.0
8.1;50.9;2.7;296.0
0.0;52.2;2.5;720.0
8.3;53.4;1.6;1076.0
0.0;54.3;2.2;228.0
8.2;55.1;2.0;244.0
0.0;56.2;1.6;812.0
8.1;57.4;1.5;644.0
0.0;57.9;1.1;168.0
0.0;58.6;1.9;248.0
8.1;60.0;1.7;588.0
8.2;61.3;1.4;344.0
0.0;61.5;0.5;616.0
8.1;62.3;0.5;324.0
8.3;63.4;2.8;180.0
0.0;64.1;3.3;624.0
8.1;64.8;3.1;264.0
8.2;65.9;2.4;356.0
0.0;66.6;1.5;296.0
8.2;67.2;1.2;244.0
0.0;68.0;1.3;144.0
0.0;68.8;2.0;220.0
8.3;69.3;3.6;192.0
8.2;69.8;1.6;196.0
0.0;67.2;1.7;228.0
0.0;67.5;3.2;1196.0
8.1;68.6;0.8;224.0
0.0;69.6;3.0;224.0
16.2;70.4;0.6;68.0
0.0;71.7;1.2;308.0
16.2;73.1;2.1;364.0
0.0;74.4;1.2;328.0
8.2;75.1;0.4;72.0
8.2;75.7;1.2;312.0
8.2;77.1;1.2;276.0
0.0;77.6;3.2;540.0
8.1;78.9;1.0;88.0
0.0;79.8;2.0;304.0
8.3;80.8;3.9;300.0
0.0;80.9;4.7;176.0
8.1;82.2;2.8;580.0
8.2;83.2;3.0;384.0
0.0;83.7;0.4;28.0
8.2;84.0;0.4;72.0
8.1;84.4;1.0;140.0
8.2;85.2;1.9;168.0
0.0;85.2;0.0;0.0
16.0;85.4;2.8;116.0
0.0;86.2;3.0;280.0
0.0;86.7;4.2;220.0
8.2;87.2;4.3;224.0
8.2;88.0;2.8;260.0
0.0;88.7;3.2;236.0
8.2;90.5;2.0;180.0
0.0;91.1;2.4;672.0
8.2;91.7;3.6;220.0
0.0;92.3;3.8;228.0
8.2;93.6;2.4;328.0
0.0;94.2;2.4;172.0
8.2;94.6;2.8;116.0
0.0;95.1;2.4;132.0
8.1;95.8;3.0;112.0
8.2;96.3;2.8;148.0
8.3;96.8;3.4;184.0
8.2;97.5;2.2;124.0
8.2;98.3;2.0;168.0
8.2;98.8;2.4;144.0
0.0;99.3;2.4;196.0
8.2;100.1;3.0;172.0
0.0;100.5;1.5;104.0
0.0;101.0;3.7;212.0
8.2;101.5;3.4;192.0
0.0;102.1;3.2;172.0
8.2;104.0;2.6;540.0
8.2;104.4;3.2;160.0
0.0;105.0;3.2;152.0
8.2;105.4;1.6;164.0
8.2;105.8;2.1;200.0
0.0;106.1;2.2;132.0
8.2;106.4;2.3;288.0
0.0;107.1;1.2;32.0
8.2;107.4;2.0;320.0
8.2;108.0;1.8;692.0
8.2;108.7;2.8;884.0
0.0;109.6;1.1;1112.0
0.0;110.5;1.2;860.0
8.2;111.1;3.9;212.0
0.0;111.6;4.0;228.0
8.2;112.6;1.6;304.0
8.1;112.6;0.0;0.0
8.2;112.6;0.0;0.0
0.0;113.0;0.9;1996.0
65.6;122.5;0.0;996.0
98.5;123.0;1.4;524.0
90.6;123.3;0.8;852.0
90.8;123.6;0.0;904.0
98.7;124.4;1.3;564.0
90.8;124.8;2.0;136.0
98.8;125.3;0.9;940.0
81.8;126.4;1.4;700.0
82.4;127.3;0.7;972.0
99.0;127.6;1.9;416.0
32.8;128.7;1.7;344.0
0.0;129.6;2.3;720.0
8.2;130.2;3.0;468.0
0.0;130.9;2.9;972.0
16.5;131.3;3.0;576.0
0.0;132.3;2.9;736.0
0.0;133.1;3.0;484.0
0.0;133.9;2.8;596.0
8.1;134.5;2.1;724.0
8.2;135.7;3.3;632.0
0.0;137.0;1.8;1228.0
8.2;138.4;1.6;1648.0
8.1;138.6;0.4;16.0
8.2;139.1;0.0;0.0
8.2;139.6;0.0;0.0
8.2;139.9;0.0;0.0
8.2;140.4;0.2;36.0
0.0;140.9;0.8;256.0
8.2;141.7;1.1;244.0
8.2;142.5;1.5;348.0
0.0;142.9;2.6;248.0
8.2;143.8;0.4;204.0
8.1;144.5;3.0;228.0
8.0;145.3;0.2;12.0
8.2;145.3;0.0;20.0
0.0;145.3;0.0;168.0
0.0;145.3;3.2;140.0
8.3;145.5;3.2;24.0
8.3;145.7;2.7;380.0
0.0;146.7;1.7;1200.0
8.1;147.5;2.2;552.0
0.0;147.8;1.8;792.0
8.1;148.6;2.9;504.0
0.0;149.6;2.6;700.0
8.2;150.2;2.8;548.0
0.0;151.0;1.6;1144.0
0.0;151.9;1.0;1548.0
8.2;152.4;2.0;392.0
0.0;153.1;2.2;724.0
8.2;154.1;1.2;1532.0
0.0;155.1;1.6;888.0
8.1;155.9;1.8;1092.0
0.0;156.7;1.8;776.0
8.2;157.8;1.4;1068.0
0.0;158.6;2.4;408.0
8.2;159.4;0.0;480.0
8.1;159.7;0.4;136.0
8.2;159.8;0.0;0.0
8.1;159.8;0.0;0.0
8.0;159.8;0.0;4.0
8.2;160.0;0.1;0.0
8.1;160.1;0.0;0.0
8.2;160.1;0.0;0.0
8.1;160.1;0.0;0.0
8.2;160.1;0.0;0.0
8.0;160.1;0.0;0.0
8.2;160.1;0.0;0.0
16.1;160.1;0.0;0.0
8.2;160.1;0.0;0.0
8.2;160.2;1.5;0.0
8.1;160.2;0.0;0.0
8.2;160.2;0.0;0.0
8.0;160.2;0.0;0.0
0.0;160.6;0.0;0.0
8.1;160.6;0.0;0.0
8.2;160.6;0.0;0.0
0.0;161.0;0.3;4.0
8.2;161.4;0.0;0.0
8.2;161.6;0.0;0.0
16.4;192.3;0.5;56.0
0.0;192.3;70.6;204.0
8.1;192.3;88.1;0.0
8.1;192.5;53.3;128.0
8.1;192.9;11.0;56.0
8.1;192.9;39.0;0.0
8.2;192.9;28.0;0.0
8.2;192.9;33.4;0.0
8.1;192.9;37.6;0.0
8.1;192.9;38.0;0.0
8.1;192.9;41.0;0.0
8.2;192.9;38.8;0.0
8.2;192.9;33.6;0.0
8.2;192.9;42.0;0.0
8.2;193.8;52.0;0.0
8.0;223.8;0.2;28.0
0.0;224.4;1.4;124.0
8.1;224.4;0.0;0.0
8.2;224.4;0.0;0.0
8.1;224.4;0.0;0.0
8.0;224.7;0.0;0.0
8.2;224.7;0.0;0.0
8.1;224.7;0.0;0.0
8.2;224.7;0.2;68.0
8.1;224.7;0.0;0.0
8.2;224.7;0.0;0.0
8.1;224.7;0.0;0.0
8.1;224.7;0.2;64.0
8.2;224.7;0.0;0.0
8.1;224.7;0.0;0.0
8.2;224.7;0.2;64.0
8.2;224.7;0.0;0.0
8.2;224.7;0.2;64.0
8.2;224.7;0.0;0.0
8.0;224.7;0.0;0.0
8.0;224.7;0.2;64.0
8.2;224.7;0.0;0.0
8.0;224.7;0.0;0.0
8.2;224.7;0.0;0.0
8.3;224.7;0.0;0.0
8.2;224.7;0.0;0.0
8.2;194.3;0.3;40.0
8.2;194.3;0.0;0.0
8.2;194.4;0.0;0.0
8.1;194.4;0.0;0.0
8.0;194.4;0.0;0.0
8.1;194.4;0.0;0.0
8.0;194.4;0.0;0.0
8.1;194.4;0.0;0.0
8.2;194.4;0.0;0.0
8.1;163.9;0.0;0.0
8.2;163.4;0.0;96.0
8.1;0.0;0.0;420.0
0.0;0.0;0.0;0.0
0.0;9.1;3.5;0.0
0.0;9.1;1.8;52.0
8.3;10.0;1.6;328.0
0.0;15.3;2.3;652.0
82.5;23.3;0.2;56.0
98.9;25.3;1.2;92.0
97.4;25.4;1.8;92.0
90.7;26.0;0.6;144.0
99.0;26.3;1.6;148.0
99.0;26.8;0.8;52.0
97.4;27.6;2.0;312.0
99.0;28.1;2.3;368.0
90.6;28.9;2.3;328.0
89.9;29.6;2.1;520.0
8.2;30.6;2.0;308.0
8.2;31.8;3.3;592.0
0.0;33.9;1.9;508.0
8.1;34.9;1.6;248.0
0.0;35.6;2.0;188.0
8.3;36.4;3.4;316.0
0.0;37.0;0.9;228.0
8.2;38.3;0.9;1580.0
0.0;39.2;1.6;1080.0
0.0;40.8;0.6;1704.0
8.2;41.3;1.1;460.0
0.0;42.9;1.6;876.0
0.0;44.4;1.9;1464.0
8.2;45.4;1.9;244.0
8.3;45.5;1.7;288.0
0.0;46.2;3.7;456.0
8.2;47.0;2.5;308.0
0.0;48.3;2.3;688.0
8.2;49.7;1.8;1060.0
0.0;50.3;2.6;268.0
8.2;51.7;1.9;420.0
8.2;52.9;1.9;920.0
0.0;53.7;1.8;488.0
8.2;54.2;1.2;128.0
0.0;56.0;2.2;700.0
8.2;57.1;1.2;336.0
8.3;57.6;0.7;604.0
8.1;58.0;0.7;352.0
0.0;59.1;2.4;112.0
8.2;59.7;3.1;600.0
8.2;60.6;3.3;312.0
0.0;61.7;2.4;304.0
8.2;62.7;1.9;392.0
8.1;63.3;1.1;192.0
0.0;63.8;1.4;196.0
16.5;64.8;2.4;276.0
0.0;65.6;3.8;236.0
8.2;66.1;1.6;180.0
0.0;59.9;1.1;144.0
8.3;60.5;3.7;1392.0
8.2;62.1;3.4;252.0
0.0;62.8;0.2;36.0
8.2;63.4;1.0;152.0
8.1;65.2;2.0;328.0
8.2;66.4;1.7;464.0
0.0;67.7;0.6;160.0
8.2;68.3;1.0;260.0
8.2;69.4;1.4;328.0
0.0;70.2;3.2;540.0
0.0;71.6;1.0;72.0
16.5;72.6;2.0;344.0
0.0;73.4;3.9;276.0
8.2;73.6;4.5;88.0
0.0;74.9;2.8;628.0
8.2;75.8;3.2;424.0
0.0;76.3;0.4;28.0
16.5;76.8;0.4;72.0
0.0;77.1;1.0;140.0
8.2;77.5;1.7;80.0
0.0;77.9;0.2;88.0
8.2;77.9;0.8;20.0
0.0;78.2;3.0;192.0
8.2;78.8;2.0;188.0
0.0;79.0;2.8;152.0
8.3;79.4;3.3;176.0
0.0;80.1;3.4;216.0
8.2;80.8;2.4;176.0
0.0;81.7;2.8;320.0
8.3;83.4;2.8;148.0
0.0;83.8;2.4;656.0
8.2;84.3;3.4;200.0
0.0;85.3;3.8;232.0
8.2;86.2;1.6;288.0
8.2;86.9;2.2;164.0
8.1;87.1;3.0;124.0
8.2;87.6;2.4;132.0
8.2;88.4;3.0;112.0
0.0;88.9;3.2;152.0
8.2;89.7;3.2;180.0
8.2;90.2;2.0;124.0
0.0;90.9;2.2;204.0
8.2;91.4;2.4;120.0
8.1;91.9;1.6;116.0
0.0;92.7;3.6;240.0
8.3;93.1;1.5;104.0
0.0;93.6;4.1;228.0
8.2;94.3;4.0;228.0
8.2;94.9;3.0;212.0
0.0;96.8;2.8;496.0
8.3;97.2;3.4;180.0
0.0;97.5;2.0;108.0
8.2;98.0;1.8;184.0
0.0;98.2;1.5;140.0
8.1;98.6;2.2;140.0
8.2;99.0;2.9;300.0
0.0;99.8;1.3;104.0
8.2;100.0;2.0;688.0
0.0;100.8;2.8;692.0
0.0;101.8;2.4;1072.0
8.2;102.8;0.8;1296.0
7.6;103.5;3.3;204.0
0.0;103.9;3.6;196.0
8.2;105.1;3.2;388.0
0.0;105.1;0.0;0.0
8.0;105.1;0.0;0.0
8.2;105.5;0.9;932.0
33.0;116.5;0.0;1944.0
90.6;117.1;0.1;268.0
94.6;117.4;0.7;340.0
98.6;118.0;1.4;772.0
90.3;118.8;0.4;1212.0
90.8;119.1;0.9;368.0
98.5;119.6;2.6;488.0
90.2;120.5;0.3;864.0
90.5;121.3;1.6;624.0
98.7;122.1;0.5;772.0
49.5;122.4;1.5;340.0
8.1;123.4;2.5;464.0
8.2;124.5;2.5;780.0
0.0;125.0;3.0;488.0
8.2;125.6;2.7;1004.0
0.0;126.4;3.8;580.0
8.2;127.0;2.5;652.0
0.0;128.1;3.2;532.0
0.0;128.7;2.8;624.0
8.2;129.4;1.4;712.0
0.0;131.2;3.6;652.0
0.0;132.1;1.5;1472.0
8.2;133.1;1.7;1260.0
0.0;133.6;0.0;0.0
8.2;134.1;0.0;0.0
8.0;134.3;0.0;0.0
8.2;134.8;0.2;36.0
8.0;135.4;0.8;128.0
8.2;136.4;0.6;332.0
8.2;137.0;2.0;380.0
0.0;137.7;2.2;248.0
8.1;137.9;0.6;212.0
8.2;139.2;3.2;228.0
8.1;139.7;0.2;12.0
8.1;140.1;0.0;8.0
0.0;140.1;0.0;180.0
8.2;140.1;2.8;136.0
0.0;140.1;3.0;12.0
8.2;140.5;2.8;352.0
0.0;141.4;2.2;1068.0
8.2;142.0;1.6;684.0
8.1;142.4;1.2;312.0
0.0;142.9;2.2;796.0
8.3;143.7;3.3;460.0
0.0;144.6;2.4;940.0
0.0;145.4;2.8;560.0
0.0;146.1;1.0;1604.0
8.3;147.2;2.2;1000.0
0.0;148.2;2.8;900.0
0.0;148.9;1.0;1388.0
0.0;150.1;2.0;1208.0
8.2;150.9;1.4;1340.0
8.3;151.7;2.6;784.0
0.0;152.9;2.4;608.0
0.0;154.0;0.4;732.0
8.2;154.6;0.4;144.0
8.2;154.7;0.0;0.0
8.1;154.7;0.0;0.0
8.2;154.7;0.0;0.0
8.2;154.8;0.0;4.0
8.2;154.8;0.1;0.0
8.0;154.9;0.0;0.0
8.2;154.9;0.0;0.0
8.1;154.9;0.0;0.0
8.2;154.9;0.0;0.0
8.1;154.9;0.0;0.0
8.0;154.9;0.0;0.0
8.2;154.9;0.0;0.0
16.5;155.0;1.6;0.0
0.0;155.0;0.0;0.0
8.2;155.0;0.0;0.0
8.1;155.0;0.0;0.0
8.2;155.0;0.0;0.0
8.1;155.4;0.0;0.0
8.2;155.4;0.0;0.0
8.1;155.4;0.0;0.0
16.1;155.4;0.0;0.0
0.0;155.8;0.3;4.0
8.1;158.2;0.0;0.0
8.0;158.3;0.0;0.0
8.1;176.2;0.0;0.0
8.0;189.2;32.7;260.0
8.0;189.2;70.8;0.0
8.2;189.2;91.4;0.0
8.2;189.6;17.6;128.0
8.1;189.6;24.0;56.0
8.2;189.9;35.2;0.0
8.1;189.9;33.2;0.0
8.1;189.9;36.2;0.0
8.2;189.9;37.0;0.0
8.2;189.9;34.8;0.0
8.1;189.9;34.8;0.0
8.1;189.9;46.0;0.0
8.0;189.9;39.2;0.0
8.2;189.9;42.0;0.0
8.2;206.5;32.0;0.0
8.1;220.9;0.8;104.0
8.2;221.4;0.8;48.0
8.3;221.4;0.0;0.0
8.2;221.4;0.0;0.0
7.9;221.4;0.0;0.0
8.2;221.4;0.0;0.0
8.1;221.4;0.0;0.0
8.2;221.4;0.0;0.0
8.1;221.4;0.0;0.0
8.1;221.4;0.2;68.0
8.2;221.4;0.0;0.0
8.2;221.6;0.0;0.0
8.1;221.6;0.0;0.0
8.2;221.6;0.2;64.0
8.2;221.6;0.0;0.0
8.0;221.6;0.0;0.0
8.1;221.6;0.2;64.0
8.1;221.6;0.0;0.0
8.2;221.6;0.2;64.0
8.1;221.6;0.0;0.0
15.9;221.6;0.0;0.0
8.2;221.6;0.0;0.0
8.2;221.6;0.2;64.0
8.2;221.6;0.0;0.0
8.3;221.6;0.0;0.0
8.1;221.6;0.0;0.0
8.2;221.6;0.0;0.0
8.1;221.6;0.0;0.0
8.3;221.6;0.0;0.0
8.2;221.6;0.0;0.0
8.2;191.2;0.3;44.0
8.2;191.2;0.0;0.0
8.1;191.2;0.0;0.0
8.2;191.2;0.0;0.0
8.1;191.2;0.0;0.0
8.2;191.2;0.0;0.0
8.2;160.7;0.0;0.0
8.2;159.8;0.0;96.0
8.2;0.0;0.0;420.0
0.0;0.0;0.0;0.0
0.0;10.1;1.6;336.0
8.2;17.4;2.3;644.0
82.2;18.9;1.0;128.0
99.0;19.4;1.0;60.0
107.2;20.1;2.0;232.0
98.9;20.4;1.4;112.0
98.1;20.9;0.6;52.0
89.5;21.4;2.0;288.0
90.7;22.2;1.8;312.0
90.4;22.3;0.5;80.0
90.7;22.3;1.0;68.0
73.5;22.9;1.2;144.0
8.2;24.2;2.6;728.0
0.0;25.1;2.6;308.0
0.0;26.1;3.1;620.0
0.0;28.4;1.3;388.0
0.0;28.8;1.4;248.0
0.0;29.5;1.6;144.0
8.2;30.0;2.0;228.0
0.0;30.9;2.0;132.0
16.5;31.1;0.9;524.0
0.0;32.6;1.0;1500.0
8.2;33.7;1.6;1132.0
0.0;35.4;0.7;1460.0
0.0;36.2;1.6;516.0
8.2;37.4;1.0;1104.0
0.0;38.6;1.8;1144.0
0.0;39.6;1.9;256.0
8.2;39.8;1.9;332.0
0.0;40.6;3.5;412.0
8.2;41.6;2.7;308.0
0.0;42.6;2.2;756.0
8.2;44.0;1.7;992.0
0.0;44.6;2.2;228.0
8.2;45.4;2.0;244.0
0.0;46.5;1.2;740.0
0.0;47.3;1.1;656.0
0.0;48.0;1.7;228.0
8.2;48.5;1.2;128.0
8.3;50.3;2.0;696.0
0.0;51.4;1.2;320.0
8.1;51.7;0.6;36.0
0.0;51.9;0.5;616.0
8.2;52.6;0.5;324.0
16.5;53.7;2.6;164.0
0.0;53.8;2.8;156.0
0.0;54.9;1.8;612.0
8.2;55.2;2.6;172.0
8.2;56.3;1.8;320.0
0.0;57.0;1.5;296.0
8.2;57.4;0.6;92.0
8.2;57.9;1.3;168.0
0.0;58.4;1.4;172.0
0.0;59.4;1.8;232.0
8.2;59.9;3.6;236.0
8.2;60.2;1.0;52.0
0.0;59.3;1.6;272.0
0.0;59.5;2.6;1148.0
8.1;60.6;1.4;272.0
0.0;61.7;3.0;224.0
8.3;62.3;0.6;68.0
8.2;63.1;1.1;232.0
8.3;64.8;1.7;268.0
0.0;65.8;1.5;500.0
8.0;67.1;0.6;72.0
8.2;67.8;1.0;232.0
8.2;68.9;1.2;356.0
0.0;69.7;3.4;540.0
8.1;71.0;1.0;72.0
0.0;72.1;2.2;344.0
8.2;72.8;3.7;276.0
8.1;73.0;4.5;176.0
8.2;74.3;3.0;580.0
0.0;75.3;3.0;384.0
8.2;75.8;0.4;28.0
8.2;76.1;0.4;72.0
0.0;76.5;1.0;140.0
8.1;77.3;1.9;168.0
0.0;77.3;0.0;0.0
16.4;77.4;1.8;56.0
8.2;78.2;2.8;280.0
0.0;78.5;4.0;216.0
0.0;79.0;4.5;224.0
8.3;79.5;3.6;244.0
0.0;80.9;3.4;292.0
7.7;82.6;1.6;192.0
0.0;83.2;2.8;676.0
8.3;83.8;3.4;180.0
0.0;84.2;3.5;220.0
8.2;84.4;0.7;56.0
0.0;85.3;2.2;236.0
8.3;86.2;1.4;232.0
0.0;86.5;2.8;108.0
8.2;87.0;3.2;144.0
8.2;87.5;2.0;80.0
0.0;87.8;2.4;96.0
8.2;88.5;2.8;148.0
0.0;89.0;3.0;188.0
8.2;89.8;1.6;96.0
8.2;90.3;2.0;192.0
8.1;90.8;2.2;104.0
8.2;91.3;2.0;132.0
0.0;92.0;3.2;220.0
0.0;92.5;1.8;124.0
8.3;93.0;3.6;184.0
8.1;93.5;3.4;192.0
0.0;94.1;3.0;188.0
0.0;94.6;2.8;552.0
16.5;96.4;2.8;136.0
0.0;96.8;2.6;124.0
8.2;97.2;2.0;196.0
0.0;97.5;1.7;172.0
8.2;97.9;2.4;124.0
8.2;98.3;2.5;284.0
0.0;99.1;2.0;92.0
8.3;99.4;2.3;764.0
0.0;100.1;2.6;664.0
8.3;101.1;2.6;1100.0
0.0;102.1;1.2;1304.0
8.2;102.9;3.5;216.0
0.0;103.4;4.0;244.0
0.0;104.4;2.2;320.0
8.2;104.4;0.0;0.0
16.4;104.8;0.9;1636.0
41.3;118.4;0.0;1356.0
90.7;118.6;0.8;484.0
90.6;118.9;1.0;404.0
98.7;119.6;0.4;1392.0
98.9;120.5;1.7;576.0
90.7;120.5;1.0;104.0
98.8;121.0;1.3;460.0
99.1;122.2;1.0;892.0
90.8;122.3;0.2;256.0
99.0;122.5;0.6;608.0
40.7;123.5;1.6;744.0
8.3;124.6;2.4;360.0
0.0;125.5;2.2;792.0
8.2;126.1;3.4;492.0
8.2;126.8;2.7;948.0
0.0;127.2;3.0;592.0
0.0;128.2;3.1;764.0
8.3;129.1;3.6;552.0
0.0;129.8;2.2;492.0
0.0;130.6;2.0;852.0
0.0;132.1;3.2;496.0
8.2;133.0;1.8;1292.0
0.0;134.3;1.6;1584.0
8.1;134.6;0.4;16.0
8.2;135.1;0.0;0.0
8.2;135.6;0.0;0.0
8.2;135.8;0.0;0.0
8.2;136.1;0.2;36.0
8.1;136.9;0.8;256.0
8.2;137.7;0.6;204.0
8.3;138.3;1.8;376.0
0.0;138.9;2.6;252.0
0.0;139.6;0.6;212.0
8.1;140.5;3.2;240.0
8.1;141.3;0.0;0.0
8.3;141.3;0.0;36.0
0.0;141.3;0.8;192.0
0.0;141.3;2.4;100.0
8.2;141.3;2.8;8.0
8.2;141.8;2.6;368.0
0.0;142.7;2.2;1052.0
8.1;143.3;2.0;692.0
0.0;143.9;1.6;792.0
8.2;144.6;2.9;524.0
0.0;145.7;3.0;716.0
8.2;146.3;2.8;540.0
8.1;147.1;1.6;1152.0
0.0;147.6;0.8;1224.0
0.0;148.7;2.6;908.0
0.0;149.4;2.4;1052.0
8.2;150.6;1.6;1088.0
0.0;151.3;1.2;1164.0
0.0;152.1;1.4;1268.0
8.2;152.9;2.4;532.0
0.0;154.1;1.6;900.0
8.2;154.6;1.5;584.0
8.2;155.6;0.4;324.0
0.0;155.8;0.0;0.0
8.2;156.0;0.0;0.0
8.0;156.0;0.0;0.0
8.1;156.0;0.0;4.0
8.2;156.3;0.1;0.0
8.1;156.3;0.0;0.0
8.1;156.4;0.0;0.0
8.0;156.4;0.0;0.0
8.2;156.4;0.0;0.0
8.1;156.4;0.0;0.0
16.4;156.4;0.0;0.0
8.3;156.4;0.0;0.0
8.2;156.4;0.0;0.0
8.0;156.4;0.0;0.0
8.2;156.5;1.5;0.0
8.2;156.5;0.0;0.0
8.1;156.5;0.0;0.0
8.1;156.9;0.0;0.0
8.2;156.9;0.0;0.0
8.1;156.9;0.0;0.0
8.2;157.3;0.3;4.0
8.2;157.4;0.0;0.0
8.0;157.8;0.0;0.0
8.1;157.9;0.0;0.0
8.2;188.4;0.6;148.0
0.0;188.7;77.0;112.0
8.2;188.7;73.6;0.0
8.2;188.7;59.8;0.0
16.4;188.9;2.1;128.0
8.2;189.3;21.2;56.0
8.2;189.3;28.8;0.0
8.2;189.3;28.0;0.0
8.2;189.3;21.6;0.0
8.1;189.3;32.0;0.0
8.1;189.3;34.4;0.0
8.2;189.3;34.8;0.0
8.2;189.3;28.4;0.0
8.2;189.3;40.9;0.0
8.2;189.3;38.1;0.0
8.1;189.3;39.2;0.0
8.2;189.3;44.6;0.0
8.2;220.0;3.6;0.0
0.0;221.0;1.6;152.0
8.1;221.0;0.0;0.0
8.2;221.0;0.0;0.0
8.3;221.0;0.0;0.0
8.2;221.0;0.0;0.0
8.1;221.0;0.0;0.0
8.2;221.0;0.0;0.0
8.3;221.0;0.2;68.0
8.2;221.0;0.0;0.0
7.8;221.0;0.0;0.0
8.2;221.2;0.2;64.0
8.2;221.2;0.0;0.0
8.0;221.2;0.0;0.0
8.2;221.2;0.2;64.0
8.2;221.2;0.0;0.0
8.2;221.2;0.2;64.0
8.2;221.2;0.0;0.0
8.2;221.2;0.2;64.0
8.2;221.2;0.0;0.0
8.0;221.2;0.0;0.0
16.2;221.2;0.0;0.0
8.2;221.2;0.0;0.0
8.2;190.7;0.3;44.0
8.1;190.7;0.0;0.0
8.2;190.7;0.0;0.0
8.1;190.8;0.0;0.0
8.2;190.8;0.0;0.0
8.0;190.8;0.0;0.0
8.1;190.8;0.0;0.0
8.2;190.8;0.0;0.0
8.1;190.8;0.0;0.0
8.0;190.8;0.0;0.0
8.1;160.3;0.0;0.0
8.1;157.3;0.0;252.0
8.1;0.0;0.0;264.0
0.0;0.0;0.0;0.0
0.0;11.6;1.6;304.0
24.7;25.2;1.5;620.0
89.9;27.3;1.2;132.0
98.6;27.3;1.2;88.0
98.3;27.9;1.8;204.0
98.9;28.5;1.2;108.0
98.5;28.8;1.6;52.0
87.9;29.3;1.0;288.0
98.9;30.0;1.8;312.0
98.5;30.1;1.7;156.0
98.0;31.3;1.6;548.0
65.2;32.0;2.4;340.0
8.3;32.7;1.9;244.0
0.0;33.9;3.6;660.0
8.3;36.1;1.3;440.0
0.0;36.9;1.8;232.0
8.2;37.5;1.8;160.0
0.0;38.0;2.4;224.0
8.3;38.6;0.8;92.0
0.0;39.7;1.4;1232.0
0.0;40.6;1.7;908.0
8.2;42.3;0.6;1752.0
0.0;43.3;1.2;1060.0
8.2;44.3;1.6;680.0
0.0;45.9;0.9;1668.0
0.0;47.0;2.6;316.0
8.2;47.4;1.8;280.0
0.0;48.2;3.5;408.0
8.2;48.9;2.3;248.0
0.0;49.6;2.8;392.0
8.2;51.4;1.7;1376.0
8.3;52.3;2.0;296.0
0.0;53.1;2.2;240.0
8.1;54.1;1.3;776.0
0.0;55.0;1.4;652.0
8.2;55.7;1.7;240.0
0.0;56.4;1.2;128.0
8.2;58.0;2.2;700.0
8.2;59.0;1.6;352.0
8.2;59.5;0.5;616.0
0.0;59.9;0.5;324.0
8.2;61.2;2.6;164.0
8.2;62.1;3.5;640.0
0.0;62.5;2.9;252.0
8.1;63.9;2.6;368.0
8.2;64.6;1.5;296.0
8.2;65.3;1.2;244.0
0.0;66.0;1.7;164.0
7.9;67.0;3.6;328.0
8.1;67.5;2.6;172.0
0.0;68.3;1.8;308.0
0.0;56.7;2.8;1140.0
8.1;57.6;1.6;260.0
8.1;58.3;0.4;140.0
8.2;59.4;3.0;148.0
8.1;60.0;0.6;104.0
0.0;61.9;1.6;276.0
8.2;63.0;1.9;436.0
0.0;64.1;0.8;216.0
16.4;64.5;0.4;124.0
0.0;65.8;1.6;388.0
8.1;66.8;1.8;276.0
0.0;68.4;3.2;484.0
8.2;69.1;1.4;264.0
8.2;70.0;3.1;300.0
8.2;70.4;3.8;104.0
0.0;71.6;3.9;544.0
8.3;72.2;3.4;324.0
0.0;73.0;1.2;252.0
0.0;73.5;0.2;68.0
0.0;73.9;1.2;144.0
8.3;74.4;1.7;168.0
8.2;74.7;0.2;0.0
8.2;74.9;1.8;52.0
0.0;75.5;2.6;260.0
8.2;75.9;2.8;164.0
8.2;76.3;3.9;240.0
0.0;77.0;4.0;212.0
8.2;77.7;2.2;180.0
0.0;78.2;3.0;228.0
8.0;80.0;1.8;180.0
0.0;80.6;2.4;664.0
0.0;81.2;3.2;172.0
0.0;81.6;3.1;204.0
7.9;82.4;3.5;316.0
0.0;83.7;1.4;236.0
8.2;84.1;3.2;120.0
8.2;84.5;2.8;128.0
8.1;85.0;2.4;104.0
0.0;85.8;3.2;164.0
8.3;86.3;3.0;92.0
8.2;87.0;2.4;200.0
8.2;87.8;2.6;204.0
8.2;88.1;2.0;128.0
0.0;88.6;1.6;108.0
8.2;89.3;2.8;212.0
0.0;90.0;3.0;168.0
8.3;90.4;3.4;152.0
0.0;90.9;3.4;224.0
8.2;91.4;3.0;168.0
0.0;92.1;2.8;176.0
8.2;93.9;2.8;528.0
8.3;94.3;3.2;136.0
0.0;94.8;1.8;196.0
8.2;95.0;1.7;164.0
8.2;95.4;1.8;104.0
8.2;95.7;1.8;88.0
0.0;96.4;2.3;284.0
8.2;96.8;2.2;244.0
0.0;97.4;2.4;780.0
0.0;98.2;2.2;880.0
0.0;99.1;1.7;1112.0
16.5;100.0;2.0;904.0
0.0;100.6;3.3;208.0
0.0;101.0;3.2;188.0
8.2;102.1;2.2;320.0
0.0;102.1;0.0;0.0
24.1;102.4;0.9;1000.0
16.4;107.4;0.0;1748.0
82.1;110.0;0.0;244.0
105.2;110.3;0.4;460.0
90.4;110.3;0.6;40.0
97.7;111.1;1.2;1488.0
98.3;111.9;1.1;836.0
98.6;112.3;2.2;180.0
94.5;113.3;0.9;1124.0
98.6;113.9;1.5;496.0
90.7;114.8;0.6;1096.0
73.3;115.4;2.3;464.0
0.0;116.2;1.9;224.0
0.0;117.3;2.5;772.0
8.3;117.8;3.4;628.0
0.0;118.7;3.1;880.0
8.1;119.2;3.0;616.0
0.0;120.1;3.0;788.0
0.0;120.9;2.7;364.0
8.2;121.5;2.6;600.0
8.2;122.4;2.6;840.0
0.0;124.1;2.9;768.0
0.0;125.1;1.9;1356.0
0.0;126.1;0.8;1132.0
8.2;126.3;0.0;0.0
8.1;126.8;0.0;0.0
16.1;127.3;0.0;0.0
8.2;127.6;0.2;36.0
8.2;128.1;0.8;128.0
0.0;129.2;0.6;304.0
8.2;129.8;1.8;404.0
8.2;130.4;2.0;232.0
8.1;130.6;0.8;28.0
0.0;131.9;3.4;432.0
8.1;132.4;0.2;12.0
8.2;132.7;0.0;0.0
8.1;132.7;0.0;172.0
0.0;132.7;2.8;148.0
0.0;132.7;3.0;8.0
8.3;133.2;2.8;360.0
0.0;134.1;2.2;1244.0
8.2;134.9;2.2;552.0
0.0;135.3;1.6;768.0
16.5;136.0;3.1;528.0
0.0;137.1;2.8;772.0
0.0;137.7;3.0;488.0
0.0;138.5;1.5;1288.0
8.2;139.4;0.9;1648.0
0.0;140.4;3.2;576.0
8.2;141.3;1.6;1284.0
0.0;142.2;1.8;1356.0
8.2;143.0;1.2;548.0
0.0;143.5;1.4;1240.0
0.0;144.3;2.2;640.0
8.2;145.5;1.8;700.0
0.0;146.1;1.0;592.0
8.2;146.8;0.4;172.0
8.2;147.1;0.0;132.0
8.1;147.3;0.0;0.0
8.2;147.3;0.0;0.0
8.1;147.3;0.0;4.0
8.2;147.5;0.1;0.0
8.2;147.5;0.0;0.0
8.1;147.5;0.0;0.0
8.2;147.5;0.0;0.0
8.1;147.5;0.0;0.0
8.2;147.5;0.0;0.0
16.4;147.6;1.5;0.0
8.2;147.6;0.0;0.0
8.0;147.6;0.0;0.0
8.3;147.6;0.0;0.0
8.1;147.6;0.0;0.0
0.0;148.1;0.0;0.0
8.1;148.1;0.0;0.0
8.2;148.1;0.0;0.0
7.9;148.1;0.0;0.0
8.1;148.1;0.0;0.0
16.4;148.4;0.3;8.0
0.0;150.9;0.0;0.0
8.1;151.0;0.0;0.0
8.1;151.2;0.0;0.0
16.1;181.7;0.6;148.0
0.0;181.9;77.9;112.0
8.1;181.9;97.6;0.0
8.2;182.1;37.0;128.0
8.2;182.1;14.0;56.0
8.0;182.6;21.6;0.0
8.1;182.6;37.4;0.0
8.1;182.6;36.6;0.0
16.3;182.6;39.8;0.0
8.2;182.6;41.0;0.0
8.1;182.6;38.8;0.0
8.2;182.6;32.4;0.0
8.2;182.6;40.0;0.0
8.2;182.6;41.0;0.0
8.2;182.6;42.2;0.0
8.2;205.1;10.8;0.0
0.0;213.6;1.0;124.0
8.2;214.0;0.6;28.0
8.2;214.0;0.0;0.0
8.1;214.0;0.0;0.0
8.2;214.0;0.0;0.0
8.1;214.0;0.0;0.0
8.2;214.0;0.0;0.0
8.1;214.0;0.0;0.0
8.2;214.0;0.0;0.0
8.1;214.0;0.2;68.0
8.2;214.0;0.0;0.0
8.0;214.3;0.0;0.0
8.2;214.3;0.2;64.0
8.2;214.3;0.0;0.0
8.3;214.3;0.0;0.0
8.1;214.3;0.2;64.0
8.2;214.3;0.0;0.0
8.2;214.3;0.2;64.0
8.2;214.3;0.0;0.0
8.1;214.3;0.0;0.0
8.2;214.3;0.0;0.0
8.2;214.3;0.2;64.0
8.1;214.3;0.0;0.0
8.2;214.3;0.0;0.0
8.2;183.8;0.3;44.0
8.2;183.8;0.0;0.0
8.1;183.8;0.0;0.0
8.1;183.9;0.0;0.0
16.2;183.9;0.0;0.0
8.2;183.9;0.0;0.0
8.1;183.9;0.0;0.0
8.2;183.9;0.0;0.0
8.3;183.9;0.0;0.0
8.2;153.4;0.0;0.0
8.2;150.6;0.0;104.0
8.1;0.0;0.0;412.0
0.0;0.0;0.0;0.0
8.2;15.3;2.3;652.0
99.0;20.9;0.6;68.0
90.7;21.3;1.4;120.0
107.3;22.0;2.0;232.0
90.1;22.2;1.2;112.0
98.5;22.8;0.6;44.0
98.0;23.3;1.8;172.0
98.8;23.8;2.0;436.0
90.8;24.5;2.3;200.0
90.6;24.9;0.9;208.0
90.7;25.3;0.7;328.0
0.0;26.5;2.8;380.0
8.2;27.3;3.1;500.0
0.0;29.9;2.5;704.0
8.2;30.7;1.6;204.0
0.0;31.4;1.6;204.0
8.2;31.9;2.0;196.0
0.0;32.9;2.0;164.0
8.2;33.5;1.0;852.0
0.0;34.6;1.3;1224.0
8.3;36.2;1.3;1456.0
0.0;37.4;1.2;1100.0
8.2;38.6;1.6;592.0
0.0;39.9;0.5;1904.0
0.0;41.0;2.7;384.0
8.3;41.7;1.6;360.0
8.3;42.2;2.9;388.0
0.0;43.0;2.6;220.0
8.3;43.6;3.3;276.0
0.0;45.3;1.7;1460.0
8.2;46.0;1.2;276.0
0.0;46.7;3.0;360.0
8.3;48.3;1.3;752.0
0.0;49.2;1.8;640.0
8.2;49.9;1.7;288.0
8.1;50.4;1.0;128.0
0.0;52.2;2.2;696.0
8.2;53.3;1.2;340.0
8.1;53.7;0.8;112.0
8.2;54.2;0.4;840.0
0.0;55.2;2.6;116.0
8.2;55.9;3.3;592.0
0.0;56.8;2.1;256.0
8.1;57.9;3.0;300.0
8.2;58.5;2.1;408.0
8.2;59.2;0.8;116.0
0.0;59.8;1.3;188.0
8.2;60.8;2.2;300.0
0.0;61.6;3.4;224.0
8.2;62.1;2.4;176.0
8.0;57.3;1.6;272.0
0.0;57.5;3.1;1172.0
8.2;58.6;1.0;248.0
0.0;59.6;3.0;224.0
8.2;60.3;0.6;68.0
8.3;61.6;1.2;308.0
16.5;63.0;1.8;244.0
0.0;64.3;1.5;448.0
0.0;65.1;0.4;72.0
16.1;65.7;1.2;260.0
0.0;66.6;1.0;328.0
8.3;67.6;3.4;540.0
8.1;68.9;1.0;88.0
0.0;70.0;2.6;388.0
0.0;70.8;3.5;220.0
8.2;71.4;5.3;436.0
0.0;72.5;2.6;360.0
8.2;73.4;2.6;356.0
0.0;73.9;0.2;12.0
16.5;74.5;1.2;212.0
8.0;74.9;0.7;28.0
0.0;75.2;1.4;140.0
8.2;75.2;0.0;0.0
8.2;75.6;3.2;160.0
8.2;76.2;2.6;236.0
0.0;76.6;3.2;168.0
0.0;77.0;3.5;188.0
8.2;77.3;2.8;200.0
0.0;78.3;2.8;232.0
8.2;79.0;2.4;264.0
0.0;80.8;2.6;100.0
8.2;81.1;1.6;644.0
0.0;81.7;3.2;168.0
8.3;82.1;2.7;168.0
0.0;82.9;3.5;280.0
8.2;83.9;1.2;288.0
0.0;84.5;3.0;112.0
8.3;84.8;3.0;140.0
8.2;85.3;1.6;60.0
0.0;85.9;2.6;100.0
8.2;86.3;2.0;120.0
8.2;86.6;1.8;56.0
0.0;87.1;3.0;196.0
8.2;87.6;1.2;72.0
8.2;88.3;2.2;204.0
8.2;88.8;2.2;120.0
0.0;89.3;1.6;96.0
8.2;89.9;2.4;204.0
0.0;90.5;2.8;160.0
8.2;90.8;2.2;104.0
8.1;91.1;1.8;108.0
0.0;91.4;2.8;160.0
8.2;91.7;2.2;124.0
0.0;92.6;2.4;172.0
8.2;94.2;2.0;468.0
8.2;94.5;2.0;104.0
0.0;94.8;2.8;136.0
8.2;95.1;1.8;156.0
0.0;95.5;1.6;140.0
8.2;95.8;1.5;128.0
8.2;96.2;2.4;128.0
0.0;96.6;2.5;288.0
8.2;97.3;2.2;248.0
0.0;97.6;1.8;704.0
8.2;98.2;2.2;876.0
0.0;99.3;2.2;864.0
8.2;100.2;0.5;980.0
0.0;100.9;3.3;360.0
8.2;101.3;4.0;228.0
0.0;101.6;2.8;380.0
8.1;102.5;0.2;0.0
8.2;102.5;0.0;0.0
16.4;102.5;0.0;4.0
0.0;102.9;0.9;1360.0
32.8;117.9;0.0;1384.0
90.2;118.4;0.1;268.0
98.7;118.4;0.2;284.0
90.6;118.7;0.5;176.0
98.6;118.9;0.4;28.0
90.4;118.9;0.6;376.0
90.4;119.2;0.4;616.0
106.7;119.6;0.0;776.0
91.4;120.0;0.0;176.0
89.2;120.3;0.6;136.0
49.1;120.4;1.5;292.0
8.2;121.2;2.1;1244.0
0.0;123.0;1.7;1368.0
0.0;124.0;2.9;688.0
8.2;124.5;2.2;308.0
8.2;125.7;2.4;736.0
0.0;126.2;2.8;576.0
0.0;126.8;2.3;864.0
8.2;127.4;3.2;464.0
0.0;128.1;2.3;648.0
8.2;128.8;2.8;460.0
0.0;129.3;1.7;492.0
8.2;129.8;2.5;380.0
0.0;130.4;2.2;748.0
8.2;132.3;2.8;576.0
0.0;133.2;1.3;1444.0
0.0;134.1;1.7;1272.0
8.2;134.5;0.0;0.0
8.2;134.9;0.0;0.0
8.0;135.5;0.0;0.0
8.2;135.7;0.0;0.0
8.2;136.0;0.2;36.0
8.2;136.5;0.8;128.0
8.2;137.4;0.6;304.0
8.2;138.2;1.8;404.0
0.0;138.4;1.8;204.0
8.2;139.0;1.0;56.0
8.2;140.4;3.4;432.0
8.2;140.6;0.2;12.0
8.2;141.2;0.0;0.0
0.0;141.2;0.0;100.0
8.2;141.2;1.2;152.0
0.0;141.2;2.0;76.0
8.2;141.4;4.0;236.0
0.0;141.9;2.6;572.0
8.1;142.9;1.6;1216.0
8.1;143.5;1.8;188.0
8.3;144.1;2.6;1008.0
0.0;144.5;1.9;232.0
0.0;145.6;2.6;700.0
0.0;145.8;1.6;488.0
8.2;146.8;2.6;752.0
0.0;147.5;1.0;1580.0
8.2;148.4;1.0;752.0
0.0;148.9;2.8;516.0
8.2;149.6;1.4;1224.0
0.0;150.6;1.2;624.0
0.0;151.5;1.4;1192.0
8.2;152.1;1.4;1340.0
0.0;152.9;2.4;348.0
8.2;153.8;0.8;940.0
0.0;154.4;2.3;300.0
8.2;155.4;0.0;536.0
0.0;155.8;0.4;144.0
8.1;155.8;0.0;0.0
8.2;156.0;0.0;0.0
8.2;156.2;0.1;4.0
8.2;156.3;0.0;0.0
8.1;156.3;0.0;0.0
8.2;156.3;0.0;0.0
8.1;156.3;0.0;0.0
8.2;156.3;0.0;0.0
8.1;156.3;0.0;0.0
16.5;158.4;1.5;0.0
8.2;158.4;0.0;0.0
8.2;158.9;0.0;0.0
16.0;158.9;0.0;0.0
0.0;157.2;0.3;4.0
8.2;161.3;0.0;0.0
8.1;161.7;0.0;0.0
8.1;170.3;0.0;0.0
8.2;192.4;0.9;156.0
8.2;192.7;53.4;104.0
8.0;192.7;84.2;0.0
0.0;192.7;74.0;128.0
8.1;193.2;7.2;56.0
8.2;193.2;28.4;0.0
8.2;193.2;20.5;0.0
8.2;193.2;26.8;0.0
8.1;193.2;32.5;0.0
8.2;193.2;33.2;0.0
8.1;193.2;37.0;0.0
8.2;193.2;35.1;0.0
8.2;193.2;29.7;0.0
8.1;193.2;37.6;0.0
16.0;193.2;32.4;0.0
8.1;193.2;42.0;0.0
8.2;198.0;32.0;0.0
8.2;218.0;0.0;0.0
8.2;224.4;1.2;140.0
0.0;224.8;0.4;12.0
8.2;224.8;0.0;0.0
8.1;224.8;0.2;68.0
8.2;224.8;0.0;0.0
16.4;224.8;0.0;0.0
8.2;224.8;0.0;0.0
8.2;225.1;0.2;64.0
8.2;225.1;0.0;0.0
8.2;225.1;0.2;64.0
8.2;225.1;0.0;0.0
8.2;225.1;0.2;64.0
8.2;225.1;0.0;0.0
8.2;225.1;0.2;64.0
8.2;225.1;0.0;0.0
8.0;225.1;0.0;0.0
8.2;225.1;0.0;0.0
8.2;194.6;0.3;40.0
8.1;194.6;0.0;0.0
8.2;194.6;0.0;0.0
8.1;194.7;0.0;0.0
8.2;194.7;0.0;0.0
8.1;194.6;0.0;0.0
8.2;194.6;0.0;0.0
8.1;194.6;0.0;0.0
8.2;194.6;0.0;0.0
8.1;164.1;0.0;0.0
8.2;0.0;0.0;516.0
8.1;0.0;0.0;0.0
0.0;0.0;0.0;0.0
0.0;9.0;3.3;0.0
8.3;9.2;2.2;72.0
0.0;10.1;1.4;316.0
8.2;17.2;2.3;644.0
90.8;22.9;0.6;68.0
90.7;23.3;1.4;120.0
99.0;24.0;1.6;164.0
90.1;24.3;1.6;176.0
90.7;24.9;0.8;48.0
98.0;25.1;1.4;168.0
98.7;25.9;2.2;440.0
99.0;26.2;2.1;188.0
98.9;27.4;1.4;488.0
90.7;28.0;2.2;344.0
0.0;28.5;1.8;244.0
8.2;29.7;3.3;620.0
8.2;32.1;1.7;504.0
0.0;33.0;1.8;204.0
0.0;33.5;2.0;184.0
8.3;34.1;2.6;232.0
0.0;34.7;1.0;104.0
8.2;36.1;1.2;1540.0
0.0;37.3;1.8;1008.0
0.0;38.9;0.4;2012.0
8.2;39.4;1.5;488.0
0.0;41.1;1.5;924.0
8.0;42.4;1.8;1384.0
0.0;43.5;1.9;256.0
8.2;43.6;1.9;332.0
0.0;44.4;2.9;364.0
8.2;45.2;2.5;236.0
0.0;46.1;2.8;384.0
8.2;47.5;1.5;1376.0
0.0;48.4;1.8;272.0
0.0;49.1;2.2;264.0
8.2;50.7;1.1;740.0
0.0;50.3;0.9;56.0
8.2;50.9;0.8;400.0
8.2;51.7;1.1;380.0
0.0;52.0;0.7;92.0
8.2;52.5;1.6;156.0
0.0;54.0;1.8;672.0
8.2;55.1;1.2;336.0
8.1;55.5;0.7;112.0
0.0;56.0;0.3;816.0
8.1;57.1;1.8;96.0
8.2;57.7;3.0;192.0
0.0;58.6;2.7;600.0
16.4;59.2;3.3;380.0
0.0;60.3;1.8;288.0
0.0;61.0;0.9;192.0
0.0;61.5;1.3;244.0
0.0;62.2;1.6;164.0
0.0;63.2;2.2;256.0
8.2;63.7;3.6;236.0
0.0;64.0;1.0;52.0
0.0;63.0;1.6;272.0
8.2;63.2;2.4;1140.0
0.0;64.3;1.6;280.0
8.1;65.3;3.0;224.0
8.1;66.0;0.6;68.0
8.3;66.7;0.8;120.0
0.0;68.3;1.6;328.0
8.2;69.4;1.7;464.0
8.1;70.8;0.8;160.0
8.2;71.3;0.8;232.0
8.2;72.4;1.4;260.0
0.0;73.2;2.0;304.0
0.0;74.7;2.4;404.0
8.3;75.6;1.6;280.0
0.0;76.3;3.1;300.0
8.3;76.6;3.4;84.0
8.3;77.7;3.9;468.0
0.0;78.3;2.8;332.0
8.1;79.3;2.0;324.0
0.0;79.5;0.0;0.0
8.2;80.3;1.4;212.0
8.1;80.5;0.5;36.0
0.0;81.1;1.4;132.0
16.4;81.2;0.2;4.0
0.0;81.4;3.6;168.0
16.5;82.0;3.0;248.0
0.0;82.6;3.3;224.0
0.0;82.8;2.8;112.0
8.1;83.2;2.6;200.0
0.0;84.1;3.0;260.0
0.0;86.7;2.2;232.0
8.2;86.6;3.0;144.0
8.1;87.0;2.0;652.0
0.0;87.5;2.8;164.0
0.0;88.1;3.2;188.0
8.1;89.1;2.6;276.0
8.2;90.0;1.2;224.0
0.0;90.2;2.4;100.0
8.2;90.6;2.8;120.0
8.2;91.1;2.0;80.0
0.0;91.7;2.4;108.0
8.2;91.9;1.6;112.0
0.0;92.4;2.2;56.0
16.4;92.6;2.4;156.0
8.1;93.4;1.4;96.0
0.0;93.6;1.8;88.0
8.2;94.4;1.8;172.0
8.2;94.7;2.0;96.0
8.1;95.2;2.0;212.0
0.0;96.0;3.0;152.0
8.2;96.4;3.2;168.0
0.0;96.9;2.2;136.0
8.2;97.4;3.2;192.0
0.0;97.9;3.2;200.0
8.2;100.0;2.6;516.0
8.2;100.3;3.4;160.0
0.0;100.8;3.0;148.0
8.1;101.1;1.6;208.0
0.0;101.5;1.7;144.0
8.2;101.9;2.6;144.0
8.1;102.4;2.7;292.0
0.0;103.0;2.1;200.0
8.2;103.7;2.5;828.0
0.0;104.3;2.8;904.0
8.2;105.4;1.3;1292.0
0.0;106.3;2.6;756.0
8.2;106.8;3.7;196.0
0.0;107.3;3.4;196.0
0.0;108.2;0.8;268.0
8.2;108.2;0.0;0.0
8.2;108.2;0.5;128.0
8.2;109.6;0.4;2364.0
65.3;116.1;0.1;524.0
106.9;116.4;0.9;476.0
90.3;116.7;0.6;40.0
90.5;116.7;0.4;616.0
89.9;117.4;0.2;960.0
98.1;118.0;0.6;476.0
90.5;118.1;0.5;240.0
98.1;118.5;2.2;172.0
98.4;118.7;0.7;544.0
98.9;119.5;0.8;672.0
16.5;120.6;1.1;1044.0
0.0;121.6;2.7;920.0
8.3;122.4;1.5;204.0
0.0;123.5;2.4;728.0
8.3;124.1;3.3;676.0
0.0;124.6;2.5;840.0
0.0;125.3;3.6;520.0
8.2;126.0;2.3;716.0
0.0;126.9;3.4;552.0
8.2;127.6;2.6;492.0
0.0;128.4;1.8;816.0
8.3;130.0;3.4;620.0
0.0;130.9;1.6;1204.0
0.0;132.1;1.8;1600.0
8.2;132.4;0.2;0.0
8.2;132.9;0.0;0.0
8.0;133.4;0.0;0.0
8.1;133.9;0.0;0.0
8.2;134.4;0.6;140.0
8.1;135.1;0.4;260.0
8.2;135.6;1.4;228.0
0.0;136.4;1.4;376.0
8.2;136.7;2.4;128.0
8.2;137.8;0.4;220.0
0.0;138.5;3.2;224.0
8.0;139.1;0.0;0.0
0.0;139.1;0.0;36.0
8.3;139.1;0.4;176.0
0.0;139.1;2.8;116.0
8.3;139.4;4.2;236.0
0.0;140.1;2.8;676.0
8.2;140.8;1.4;1140.0
8.3;141.6;2.0;372.0
0.0;142.2;2.5;924.0
8.2;143.2;3.4;420.0
8.2;143.8;2.4;872.0
0.0;144.7;2.6;752.0
0.0;145.5;1.0;1676.0
0.0;146.3;1.6;696.0
8.2;147.0;2.8;712.0
8.2;148.1;1.2;1564.0
0.0;149.1;2.0;916.0
0.0;150.0;1.6;1480.0
8.2;150.8;2.4;596.0
0.0;152.0;1.6;948.0
8.2;152.5;1.5;372.0
8.2;153.5;0.4;404.0
0.0;153.7;0.0;132.0
8.1;153.9;0.0;0.0
8.0;154.1;0.1;4.0
8.2;154.1;0.0;0.0
8.1;154.2;0.0;0.0
8.2;154.2;0.0;0.0
8.1;154.2;0.0;0.0
8.2;154.2;0.0;0.0
8.1;154.2;0.0;0.0
8.2;154.2;0.0;0.0
8.2;156.3;1.5;0.0
8.2;156.3;0.0;0.0
8.1;156.3;0.0;0.0
8.2;156.3;0.0;0.0
8.1;156.3;0.0;0.0
0.0;156.8;0.0;0.0
8.1;156.8;0.0;0.0
8.2;156.8;0.0;0.0
8.1;156.8;0.0;0.0
8.2;155.1;0.3;8.0
8.3;155.5;0.0;0.0
8.3;155.6;0.0;0.0
0.0;155.7;0.0;0.0
16.5;186.2;0.0;0.0
0.0;186.5;42.8;260.0
8.2;186.5;85.9;0.0
8.1;186.5;79.6;0.0
8.2;186.7;9.0;128.0
8.2;187.1;18.8;56.0
8.1;187.1;27.0;0.0
8.1;187.1;31.8;0.0
8.1;187.1;32.4;0.0
8.2;187.1;35.6;0.0
8.1;187.1;33.6;0.0
8.1;187.1;38.2;0.0
8.1;187.1;28.8;0.0
8.1;187.1;38.0;0.0
8.2;187.1;33.2;0.0
8.2;187.1;42.0;0.0
8.1;197.9;32.0;0.0
16.4;217.9;0.6;104.0
0.0;218.6;1.0;48.0
8.0;218.6;0.0;0.0
8.3;218.6;0.0;0.0
8.2;218.6;0.0;0.0
8.1;218.6;0.0;0.0
8.3;218.6;0.0;0.0
8.1;218.6;0.0;0.0
8.3;218.6;0.0;0.0
8.3;218.8;0.2;68.0
8.2;218.8;0.0;0.0
8.1;218.8;0.0;0.0
8.2;218.8;0.0;0.0
8.3;218.8;0.2;64.0
8.2;218.8;0.0;0.0
8.0;218.8;0.2;64.0
8.2;218.8;0.0;0.0
8.1;218.8;0.2;64.0
8.1;218.8;0.0;0.0
8.2;218.8;0.0;0.0
8.2;218.8;0.2;64.0
16.4;218.8;0.0;0.0
8.2;218.8;0.0;0.0
8.3;218.8;0.0;0.0
8.2;218.8;0.0;0.0
8.0;218.8;0.0;0.0
8.2;218.8;0.0;0.0
8.2;188.4;0.3;44.0
8.1;188.4;0.0;0.0
8.0;188.4;0.0;0.0
8.1;188.4;0.0;0.0
8.2;188.4;0.0;0.0
8.1;188.4;0.0;0.0
8.0;188.4;0.0;0.0
8.2;188.4;0.0;0.0
8.1;188.4;0.0;0.0
8.2;188.4;0.0;0.0
8.1;157.9;0.0;0.0
8.2;150.0;0.0;380.0
0.0;0.0;0.0;136.0
0.0;0.0;0.0;0.0
