8.2;17.3;2.1;644.0
90.4;21.3;0.0;56.0
90.6;23.3;1.3;76.0
98.9;23.4;0.7;56.0
89.6;24.0;1.8;232.0
90.7;24.3;1.6;112.0
98.6;24.8;0.6;48.0
98.9;25.3;2.0;220.0
90.5;26.1;1.9;448.0
99.0;26.5;2.2;140.0
73.8;27.0;0.8;472.0
8.2;28.1;3.0;412.0
0.0;29.0;2.2;284.0
8.2;30.9;3.4;732.0
8.2;32.2;1.0;292.0
0.0;33.3;2.2;308.0
8.3;33.8;2.4;220.0
0.0;34.7;2.0;164.0
0.0;35.3;1.0;948.0
8.2;36.7;1.5;1156.0
0.0;37.9;1.1;1540.0
0.0;39.1;1.0;988.0
8.2;40.3;1.6;592.0
8.2;41.7;0.7;1888.0
0.0;42.8;2.5;392.0
8.2;43.5;1.6;356.0
0.0;43.9;2.7;380.0
8.2;44.8;3.1;252.0
0.0;45.3;3.0;264.0
8.1;47.1;1.9;1460.0
8.2;47.8;1.2;276.0
0.0;48.6;2.6;224.0
0.0;50.1;1.5;888.0
0.0;50.6;1.8;232.0
16.3;51.7;1.4;604.0
0.0;52.3;0.9;136.0
8.2;53.6;1.7;528.0
0.0;54.0;1.5;264.0
0.0;55.4;1.4;344.0
8.1;55.6;0.5;616.0
0.0;56.4;0.7;328.0
8.1;57.4;2.8;204.0
0.0;58.2;2.9;592.0
16.5;58.6;2.7;216.0
0.0;59.7;2.2;252.0
8.1;60.3;1.7;400.0
0.0;61.0;1.0;116.0
8.3;61.6;1.3;192.0
8.2;62.8;2.2;300.0
0.0;63.1;3.0;184.0
8.2;63.6;2.2;168.0
0.0;64.1;1.4;192.0
0.0;57.3;0.9;124.0
8.1;57.9;3.5;1196.0
8.2;58.9;0.6;224.0
0.0;59.6;3.0;224.0
8.2;60.4;0.6;68.0
8.2;62.4;1.2;308.0
8.2;63.1;2.1;364.0
0.0;63.8;1.0;240.0
8.0;65.0;0.6;160.0
0.0;65.5;0.6;200.0
8.2;66.6;1.6;292.0
16.5;67.5;2.6;444.0
0.0;68.9;1.8;264.0
8.1;69.8;1.6;308.0
0.0;70.5;3.3;276.0
8.2;71.0;3.8;96.0
0.0;72.1;3.7;592.0
8.2;72.7;3.4;388.0
0.0;73.5;1.0;128.0
16.3;73.8;0.2;24.0
0.0;74.5;1.2;188.0
16.5;75.3;1.9;168.0
0.0;75.3;0.0;0.0
8.2;75.4;2.2;64.0
8.3;76.2;2.4;272.0
0.0;76.4;3.6;196.0
8.3;76.8;3.1;188.0
0.0;77.5;4.0;224.0
8.2;78.2;2.4;212.0
0.0;79.2;2.8;284.0
8.2;80.8;2.8;148.0
0.0;81.2;2.6;664.0
8.2;81.7;3.0;176.0
0.0;82.4;3.8;248.0
8.2;83.6;2.0;308.0
0.0;84.4;2.8;196.0
8.2;84.9;3.2;120.0
8.2;85.3;2.0;100.0
0.0;85.8;2.8;108.0
8.2;86.3;2.8;140.0
8.2;86.6;1.8;64.0
0.0;87.5;2.6;204.0
8.2;88.0;2.2;124.0
8.3;88.5;2.0;172.0
0.0;89.1;1.8;144.0
8.2;89.9;2.6;184.0
0.0;90.4;3.0;184.0
8.2;90.7;2.6;116.0
0.0;91.1;2.2;148.0
8.1;91.7;3.2;160.0
0.0;92.1;3.0;208.0
8.2;94.2;2.8;516.0
0.0;94.6;3.4;184.0
8.1;94.9;2.6;108.0
8.2;95.3;1.6;208.0
0.0;95.6;1.7;140.0
8.2;96.0;2.0;120.0
0.0;96.3;2.3;256.0
8.2;97.0;1.8;92.0
0.0;97.4;1.8;316.0
8.2;98.0;2.0;684.0
0.0;98.7;2.2;880.0
0.0;99.6;1.7;1112.0
8.3;100.7;2.2;924.0
0.0;101.1;3.5;208.0
8.2;101.5;3.6;192.0
0.0;102.6;1.4;296.0
8.0;102.6;0.0;0.0
16.2;102.7;0.5;128.0
0.0;104.0;0.4;2364.0
57.6;112.0;0.0;384.0
90.5;112.5;0.3;424.0
90.5;112.9;0.5;184.0
98.3;113.8;1.4;1496.0
98.7;114.3;0.2;472.0
90.8;114.6;2.1;436.0
98.8;115.5;1.9;780.0
98.3;115.9;0.2;536.0
90.6;116.6;1.3;412.0
90.7;117.8;0.9;1192.0
41.3;118.3;2.2;368.0
0.0;118.9;1.9;248.0
8.3;120.0;2.7;780.0
0.0;120.7;3.4;884.0
0.0;121.4;2.7;592.0
0.0;122.1;3.5;776.0
0.0;123.1;3.1;684.0
8.2;123.7;2.4;584.0
0.0;124.2;2.3;364.0
0.0;124.8;1.8;704.0
8.2;125.9;2.6;460.0
0.0;127.0;1.5;912.0
0.0;127.8;1.5;1104.0
8.1;128.8;0.8;876.0
0.0;129.3;0.0;0.0
16.4;129.5;0.0;0.0
8.2;129.8;0.0;0.0
8.2;130.3;0.0;0.0
8.1;130.5;0.4;124.0
8.2;131.1;0.6;168.0
8.1;131.9;0.6;204.0
8.2;132.7;2.0;388.0
0.0;133.1;2.6;248.0
8.2;134.1;0.4;204.0
8.2;134.7;3.2;240.0
8.1;135.5;0.0;0.0
0.0;135.5;0.0;56.0
8.3;135.5;1.2;180.0
0.0;135.5;2.0;92.0
8.2;135.8;4.2;236.0
8.1;136.5;2.8;704.0
0.0;137.1;1.8;1140.0
8.2;137.9;1.6;280.0
0.0;138.3;1.9;672.0
8.1;139.2;3.0;512.0
0.0;140.0;2.6;1008.0
8.2;140.6;3.0;304.0
0.0;141.6;1.2;1912.0
0.0;142.6;2.0;1012.0
8.2;143.6;3.0;904.0
0.0;144.4;1.4;1404.0
0.0;145.6;1.6;1192.0
8.2;146.4;1.8;1372.0
0.0;147.3;2.4;928.0
8.2;148.5;2.7;436.0
0.0;149.5;0.0;728.0
8.2;150.0;0.4;144.0
0.0;150.0;0.0;0.0
16.4;150.2;0.0;0.0
8.2;150.2;0.0;0.0
0.0;150.2;0.0;0.0
8.1;150.2;0.0;0.0
8.2;150.2;0.0;4.0
8.2;150.3;0.1;0.0
8.1;150.4;0.0;0.0
8.2;150.4;0.0;0.0
8.1;150.4;0.0;0.0
8.2;150.4;0.0;0.0
8.1;150.4;0.0;0.0
8.2;150.4;0.0;0.0
8.0;150.4;0.0;0.0
24.8;150.5;1.5;0.0
0.0;150.5;0.0;0.0
8.2;150.5;0.0;0.0
8.0;150.5;0.0;0.0
8.1;150.5;0.0;0.0
8.0;150.9;0.0;0.0
8.2;150.9;0.0;0.0
8.1;150.9;0.0;0.0
16.4;150.9;0.0;0.0
8.2;150.9;0.0;0.0
8.0;151.4;0.3;4.0
8.1;155.4;0.0;0.0
8.1;155.8;0.0;0.0
8.1;168.4;0.0;0.0
0.0;186.7;16.4;260.0
8.2;186.7;72.8;0.0
8.1;186.7;83.7;0.0
8.2;186.9;39.6;128.0
8.1;187.1;21.2;56.0
8.1;187.1;30.6;0.0
8.2;187.1;33.0;0.0
8.2;187.1;41.4;0.0
8.1;187.1;38.6;0.0
8.0;187.1;34.8;0.0
8.2;187.1;33.7;0.0
8.1;187.1;47.1;0.0
8.0;187.1;40.0;0.0
8.1;187.1;42.0;0.0
8.2;208.6;32.0;0.0
8.1;218.3;1.0;140.0
8.2;218.8;0.6;12.0
8.1;218.8;0.0;0.0
8.2;218.8;0.0;0.0
8.1;218.8;0.0;0.0
8.0;218.8;0.0;0.0
8.2;218.8;0.0;0.0
8.2;219.1;0.0;0.0
8.1;219.1;0.0;0.0
8.2;219.1;0.2;68.0
8.1;219.1;0.0;0.0
8.2;219.1;0.0;0.0
8.2;219.1;0.2;64.0
8.2;219.1;0.0;0.0
8.2;219.1;0.2;64.0
8.2;219.1;0.0;0.0
8.2;219.1;0.2;64.0
8.1;219.1;0.0;0.0
16.1;219.1;0.0;0.0
8.2;219.1;0.0;0.0
8.0;219.1;0.0;0.0
8.1;219.1;0.2;64.0
8.0;219.1;0.0;0.0
8.2;219.1;0.0;0.0
8.1;219.1;0.0;0.0
8.2;219.1;0.0;0.0
8.2;188.6;0.3;44.0
8.2;188.6;0.0;0.0
8.2;188.7;0.0;0.0
8.1;188.7;0.0;0.0
8.2;188.7;0.0;0.0
0.0;188.7;0.0;0.0
8.2;188.7;0.0;0.0
8.1;188.7;0.0;0.0
8.2;188.7;0.0;0.0
8.2;158.2;0.0;0.0
8.3;145.2;0.0;516.0
0.0;0.0;0.0;0.0
0.0;9.3;1.8;324.0
8.3;11.9;2.3;344.0
49.4;22.3;0.4;420.0
99.0;23.2;1.6;100.0
90.8;25.6;1.4;172.0
90.9;26.2;1.2;156.0
99.1;26.4;1.0;48.0
98.9;27.0;2.0;104.0
99.0;27.5;2.0;340.0
99.0;28.1;1.7;356.0
90.7;28.5;1.0;64.0
98.8;29.4;1.0;464.0
49.2;30.1;2.6;400.0
0.0;31.0;2.8;312.0
0.0;32.9;3.0;716.0
8.2;34.3;1.6;312.0
0.0;35.4;1.8;288.0
0.0;35.9;1.6;192.0
8.2;36.5;2.6;192.0
8.3;36.8;0.8;32.0
0.0;38.2;0.9;1708.0
0.0;39.3;1.7;944.0
8.1;40.7;0.3;1616.0
0.0;41.4;1.4;752.0
0.0;43.0;1.5;808.0
16.5;44.2;0.6;1448.0
0.0;45.0;2.4;220.0
0.0;45.7;1.4;332.0
8.1;46.2;3.1;384.0
0.0;47.0;2.6;236.0
8.2;47.5;3.3;276.0
0.0;49.3;1.7;1544.0
8.1;50.2;1.6;224.0
0.0;51.2;2.8;328.0
0.0;52.3;1.7;788.0
8.2;53.2;1.2;652.0
0.0;53.8;1.5;240.0
8.1;54.4;1.4;128.0
8.2;56.2;2.0;696.0
0.0;57.3;1.2;340.0
8.3;57.8;0.9;184.0
8.2;58.1;0.7;772.0
8.0;59.2;2.4;112.0
0.0;59.9;3.1;592.0
0.0;60.7;3.3;320.0
16.4;61.9;2.6;400.0
0.0;62.9;1.7;296.0
8.2;63.5;1.2;244.0
0.0;64.2;1.3;144.0
8.3;65.0;2.0;224.0
0.0;65.5;4.0;192.0
0.0;66.1;1.2;148.0
8.2;66.8;1.6;272.0
8.3;66.9;2.6;1156.0
0.0;68.1;1.4;264.0
8.2;69.1;3.0;224.0
8.1;69.7;0.6;68.0
8.0;71.2;1.1;232.0
0.0;72.5;1.9;352.0
8.2;73.8;1.5;416.0
0.0;74.6;0.4;72.0
16.3;75.5;1.4;440.0
0.0;76.6;1.4;256.0
8.2;78.2;3.4;484.0
8.1;79.1;1.0;196.0
0.0;80.0;3.6;316.0
8.2;80.3;2.9;156.0
0.0;81.4;4.7;484.0
8.2;82.0;2.6;316.0
8.3;83.0;2.4;340.0
0.0;83.3;0.0;0.0
8.1;84.0;1.4;212.0
8.3;84.4;0.5;28.0
8.1;84.7;1.4;140.0
8.1;84.7;0.6;16.0
0.0;85.2;3.0;156.0
8.1;85.7;2.4;236.0
0.0;85.9;3.2;168.0
0.0;86.5;3.7;180.0
8.2;86.8;2.8;204.0
0.0;87.8;2.8;248.0
8.2;88.8;2.0;240.0
8.2;90.0;1.8;68.0
0.0;90.5;2.2;400.0
8.1;91.0;2.6;368.0
0.0;91.5;2.4;204.0
8.2;91.9;3.2;168.0
0.0;93.1;1.8;308.0
8.2;93.8;2.2;172.0
8.2;94.3;3.0;120.0
8.3;94.6;2.6;132.0
0.0;95.3;2.8;116.0
8.2;95.8;2.4;124.0
8.2;96.3;3.4;124.0
0.0;97.0;1.8;164.0
0.0;97.6;2.0;116.0
16.5;98.1;2.8;216.0
8.1;98.9;1.8;116.0
0.0;99.4;3.2;240.0
8.1;100.1;2.2;132.0
0.0;100.4;2.8;140.0
8.1;100.9;3.4;216.0
0.0;101.4;3.4;188.0
8.1;102.1;3.0;172.0
8.1;103.9;2.6;508.0
0.0;104.4;3.0;148.0
8.2;104.8;2.0;200.0
0.0;105.0;1.5;124.0
8.2;105.3;2.0;148.0
8.2;105.7;1.8;84.0
0.0;106.4;2.5;292.0
8.2;106.7;2.1;212.0
0.0;107.3;2.5;812.0
0.0;108.1;2.4;888.0
0.0;109.4;1.7;1536.0
8.2;110.1;2.2;508.0
8.1;110.5;3.3;196.0
0.0;111.1;4.0;216.0
8.1;112.0;1.0;268.0
0.0;112.0;0.0;0.0
16.2;112.0;0.2;40.0
0.0;112.4;0.8;1956.0
66.0;120.0;0.0;996.0
90.5;120.5;1.4;524.0
90.6;120.5;0.3;20.0
90.3;120.8;0.5;1088.0
90.7;121.9;0.6;908.0
101.4;122.0;0.9;316.0
82.3;122.4;2.3;472.0
90.6;122.8;0.4;592.0
90.7;123.9;1.2;676.0
98.8;124.6;0.7;916.0
16.5;125.4;2.5;520.0
8.2;126.1;2.1;400.0
8.2;127.4;2.9;880.0
0.0;127.8;3.0;552.0
0.0;128.7;2.5;816.0
0.0;129.2;3.2;624.0
8.1;130.0;3.2;784.0
0.0;130.7;2.7;368.0
8.2;131.4;2.6;640.0
8.1;132.3;2.6;824.0
0.0;134.1;3.0;820.0
0.0;135.0;1.8;1520.0
0.0;136.1;0.8;892.0
8.0;136.5;0.0;0.0
16.3;136.8;0.0;0.0
8.2;137.3;0.0;0.0
8.2;137.6;0.2;36.0
8.0;138.4;0.8;256.0
0.0;139.2;1.0;240.0
8.2;140.1;1.8;464.0
0.0;140.4;2.2;128.0
8.1;141.1;0.6;212.0
7.6;142.0;3.0;228.0
8.2;142.8;0.2;12.0
8.2;142.8;0.0;28.0
0.0;142.8;0.0;164.0
0.0;142.8;3.2;136.0
8.0;143.0;3.4;24.0
0.0;143.5;2.6;492.0
8.2;144.5;2.0;1256.0
0.0;145.1;1.8;384.0
16.4;145.4;2.4;832.0
0.0;146.1;2.9;556.0
0.0;147.2;2.7;704.0
8.2;148.0;2.7;524.0
0.0;148.7;1.4;1600.0
8.2;149.4;1.2;1336.0
0.0;150.6;3.6;704.0
0.0;151.7;1.2;1500.0
0.0;152.7;2.0;1028.0
8.3;153.6;1.6;1496.0
8.3;154.4;2.6;792.0
0.0;155.5;2.1;772.0
0.0;156.9;0.7;744.0
8.2;157.4;0.4;144.0
8.2;157.4;0.0;0.0
8.2;157.6;0.0;0.0
8.1;157.6;0.0;0.0
8.2;157.6;0.0;0.0
8.1;157.8;0.1;4.0
8.2;157.8;0.0;0.0
8.2;157.9;0.0;0.0
8.1;157.9;0.0;0.0
8.2;157.9;0.0;0.0
8.0;157.9;0.0;0.0
8.2;157.9;0.0;0.0
8.1;157.9;0.0;0.0
8.2;157.9;0.0;0.0
8.2;158.0;1.5;0.0
8.3;158.0;0.0;0.0
8.2;158.0;0.0;0.0
8.0;158.0;0.0;0.0
8.2;158.0;0.0;0.0
8.2;158.5;0.0;0.0
8.1;158.5;0.0;0.0
8.2;158.5;0.0;0.0
8.1;158.5;0.0;0.0
8.1;158.7;0.0;0.0
0.0;160.9;0.3;8.0
8.1;160.9;0.0;0.0
8.1;161.3;0.0;0.0
8.1;191.9;0.0;0.0
0.0;192.2;55.9;260.0
8.1;192.2;82.8;0.0
8.2;192.2;74.0;0.0
0.0;192.7;0.4;128.0
8.2;192.7;21.2;56.0
8.2;192.7;35.6;0.0
8.1;192.7;35.6;0.0
8.1;192.7;37.0;0.0
16.4;192.7;33.8;0.0
8.2;192.7;37.6;0.0
8.2;192.7;28.0;0.0
8.1;192.7;32.2;0.0
8.2;192.7;40.6;0.0
8.1;192.7;41.0;0.0
8.2;192.7;46.1;0.0
16.5;223.7;6.9;8.0
0.0;224.4;1.6;144.0
8.1;224.4;0.0;0.0
8.0;224.4;0.0;0.0
8.2;224.4;0.0;0.0
8.1;224.4;0.0;0.0
8.1;224.6;0.0;0.0
8.0;224.6;0.0;0.0
8.2;224.6;0.2;68.0
8.2;224.6;0.0;0.0
15.2;224.6;0.0;0.0
8.2;224.6;0.2;64.0
8.2;224.6;0.0;0.0
8.1;224.6;0.0;0.0
8.0;224.6;0.0;0.0
8.1;224.6;0.2;64.0
8.1;224.6;0.0;0.0
8.2;224.6;0.2;64.0
8.1;224.6;0.0;0.0
8.2;224.6;0.0;0.0
8.0;224.6;0.2;64.0
8.1;224.6;0.0;0.0
8.2;224.6;0.0;0.0
8.1;224.6;0.0;0.0
8.2;224.6;0.0;0.0
8.2;224.6;0.1;0.0
8.2;194.2;0.2;44.0
16.1;194.2;0.0;0.0
8.2;194.2;0.0;0.0
8.2;194.3;0.0;0.0
8.1;194.3;0.0;0.0
8.2;194.3;0.0;0.0
8.1;194.3;0.0;0.0
8.0;194.3;0.0;0.0
8.0;163.8;0.0;0.0
8.1;151.2;0.0;180.0
8.0;0.0;0.0;336.0
0.0;0.0;0.0;0.0
8.3;12.0;2.5;616.0
41.1;21.4;0.0;92.0
91.1;23.0;0.4;64.0
90.5;23.5;1.2;84.0
90.7;23.5;0.4;40.0
98.8;24.1;1.6;164.0
98.2;24.4;1.2;156.0
98.9;24.8;0.9;60.0
90.7;25.2;1.9;176.0
98.8;25.9;1.8;272.0
99.0;26.2;0.9;244.0
41.2;26.9;2.2;216.0
0.0;28.2;3.0;752.0
8.2;29.1;2.0;284.0
0.0;31.0;3.8;776.0
8.2;32.4;1.6;312.0
8.2;33.6;2.0;288.0
0.0;34.1;2.2;252.0
0.0;35.0;2.0;132.0
8.3;35.6;1.0;964.0
8.2;37.1;1.7;1156.0
0.0;38.7;0.9;1764.0
0.0;39.6;1.3;1076.0
16.5;40.6;1.6;680.0
0.0;42.3;1.1;1672.0
0.0;43.3;2.6;312.0
0.0;43.8;1.6;280.0
8.2;44.2;3.3;408.0
8.2;45.1;2.3;204.0
0.0;45.5;2.2;228.0
0.0;46.9;1.2;956.0
16.4;47.7;1.7;736.0
0.0;48.3;1.2;152.0
8.2;48.8;2.0;164.0
0.0;50.0;1.3;524.0
0.0;50.8;1.4;484.0
8.2;51.9;1.6;680.0
8.3;52.2;0.9;108.0
0.0;53.0;1.9;420.0
8.1;54.3;1.5;400.0
0.0;55.7;1.4;344.0
8.2;55.9;0.5;616.0
8.2;56.6;0.9;336.0
8.2;57.9;3.0;216.0
0.0;58.6;2.9;600.0
8.3;59.2;3.9;412.0
0.0;60.3;1.4;184.0
8.2;61.0;1.5;296.0
0.0;61.8;1.2;244.0
8.2;62.4;1.7;164.0
0.0;63.4;2.8;296.0
8.2;63.9;3.4;204.0
8.2;64.5;1.0;160.0
0.0;61.9;1.3;156.0
0.0;62.4;3.3;1196.0
0.0;63.3;0.6;224.0
16.5;64.5;3.2;260.0
8.2;65.1;0.4;100.0
8.2;67.0;1.3;256.0
0.0;67.6;1.7;260.0
8.3;68.4;1.3;416.0
8.0;69.7;0.6;72.0
8.2;70.4;1.0;260.0
0.0;71.3;1.2;328.0
8.2;72.3;3.4;540.0
0.0;73.6;1.0;88.0
8.2;74.9;2.6;420.0
0.0;75.4;3.7;196.0
8.1;76.4;5.1;436.0
8.3;77.2;2.8;356.0
0.0;78.1;2.4;364.0
8.2;78.4;0.2;0.0
8.1;79.1;1.4;212.0
8.3;79.4;0.5;36.0
0.0;79.9;1.4;132.0
16.5;80.0;0.4;16.0
8.2;80.2;2.8;144.0
0.0;80.8;2.0;212.0
0.0;81.1;3.4;180.0
0.0;81.6;4.3;208.0
8.3;82.1;3.4;236.0
8.2;83.3;3.2;276.0
0.0;85.2;2.2;224.0
8.2;85.8;2.8;684.0
0.0;86.1;2.8;124.0
8.2;86.7;2.5;200.0
0.0;87.5;3.9;268.0
8.1;88.5;1.2;220.0
0.0;88.8;2.4;156.0
16.4;89.3;3.2;148.0
0.0;89.8;1.8;92.0
8.2;90.5;2.8;108.0
0.0;91.0;3.0;152.0
0.0;91.5;3.0;108.0
8.2;92.2;2.0;184.0
8.1;93.0;2.4;216.0
0.0;93.5;2.2;104.0
8.2;93.8;2.2;140.0
0.0;94.6;3.2;232.0
8.1;95.2;1.6;104.0
8.2;95.5;3.4;184.0
0.0;96.2;3.6;192.0
8.1;96.8;3.6;228.0
0.0;98.8;2.6;532.0
8.2;99.1;3.0;144.0
8.2;99.6;3.0;128.0
0.0;100.0;1.8;184.0
8.2;100.3;1.7;184.0
0.0;100.7;2.0;120.0
8.3;101.0;2.7;308.0
8.2;101.8;1.9;120.0
0.0;102.4;1.9;784.0
8.3;102.9;2.9;608.0
0.0;104.1;2.3;1284.0
0.0;105.2;1.9;1136.0
8.3;105.9;4.5;244.0
0.0;106.4;3.6;208.0
8.1;107.3;0.8;268.0
8.0;107.3;0.0;0.0
8.2;107.4;0.5;240.0
0.0;110.8;0.4;2508.0
98.7;119.4;0.1;268.0
90.7;119.9;1.3;488.0
90.4;120.2;0.8;864.0
98.0;121.3;0.6;1164.0
90.7;121.4;1.1;316.0
90.7;121.7;1.6;124.0
98.4;122.2;0.9;940.0
98.6;123.2;0.8;392.0
98.9;123.6;0.8;864.0
82.3;124.3;0.5;608.0
8.2;125.1;2.5;400.0
8.2;125.6;2.1;308.0
0.0;126.9;2.7;948.0
8.2;127.5;3.2;784.0
0.0;128.2;3.5;824.0
0.0;129.0;3.1;608.0
8.2;129.8;2.7;508.0
0.0;130.6;2.9;632.0
8.3;131.4;2.8;780.0
0.0;131.9;2.8;400.0
0.0;133.8;2.1;1008.0
8.2;134.7;1.7;1832.0
0.0;135.6;0.6;336.0
8.0;136.0;0.0;0.0
8.0;136.5;0.0;0.0
8.1;136.8;0.0;0.0
16.4;137.5;0.4;140.0
0.0;137.9;0.6;152.0
8.1;138.7;0.8;224.0
0.0;139.3;1.6;356.0
8.3;139.9;2.0;232.0
0.0;140.1;0.8;28.0
8.2;141.4;3.4;432.0
8.2;141.9;0.2;12.0
8.2;142.3;0.0;0.0
8.3;142.3;0.0;116.0
0.0;142.3;2.2;192.0
8.2;142.3;1.0;20.0
8.1;142.5;5.0;288.0
0.0;143.5;2.4;864.0
0.0;144.3;1.8;932.0
8.3;144.9;1.6;816.0
8.2;145.5;3.3;536.0
0.0;146.6;3.0;604.0
8.3;147.2;2.8;660.0
0.0;148.1;2.0;1428.0
0.0;148.9;1.0;1560.0
0.0;149.9;3.6;592.0
8.1;151.3;1.4;1760.0
0.0;152.2;2.1;920.0
0.0;153.2;1.5;1660.0
8.2;154.0;2.6;828.0
0.0;155.6;2.8;568.0
8.2;156.5;0.0;728.0
8.1;156.7;0.4;144.0
0.0;156.9;0.0;0.0
8.0;157.1;0.0;0.0
8.2;157.1;0.0;0.0
8.0;157.1;0.0;0.0
16.2;157.1;0.0;4.0
0.0;157.2;0.1;0.0
8.0;157.3;0.0;0.0
8.1;157.3;0.0;0.0
8.2;157.3;0.0;0.0
15.8;157.3;0.0;0.0
8.2;157.3;0.0;0.0
8.3;157.3;0.0;0.0
8.1;157.3;0.0;0.0
16.5;157.4;1.6;0.0
0.0;157.4;0.0;0.0
8.2;157.4;0.0;0.0
8.0;157.4;0.0;0.0
8.2;157.8;0.0;0.0
8.1;157.8;0.0;0.0
8.2;157.8;0.0;0.0
8.1;157.8;0.0;0.0
8.2;158.2;0.3;8.0
0.0;158.6;0.0;0.0
8.2;158.7;0.0;0.0
8.2;165.3;0.0;0.0
16.3;189.6;11.1;260.0
0.0;189.6;67.8;0.0
16.3;189.6;74.2;0.0
8.1;189.6;60.0;128.0
8.2;190.2;11.4;56.0
8.1;190.2;38.6;0.0
8.0;190.2;31.8;0.0
8.2;190.2;40.2;0.0
8.2;190.2;44.0;0.0
8.2;190.2;36.2;0.0
8.1;190.2;41.4;0.0
8.0;190.2;39.4;0.0
8.2;190.2;38.8;0.0
8.1;190.2;41.8;0.0
8.2;206.4;32.0;0.0
16.4;221.4;0.8;124.0
0.0;221.8;0.8;28.0
8.2;221.8;0.0;0.0
8.1;221.8;0.0;0.0
8.2;221.8;0.0;0.0
8.1;221.8;0.0;0.0
8.2;221.8;0.0;0.0
8.2;221.8;0.2;68.0
8.1;221.8;0.0;0.0
8.2;221.8;0.0;0.0
8.0;222.1;0.2;64.0
8.0;222.1;0.0;0.0
8.1;222.1;0.0;0.0
8.0;222.1;0.0;0.0
8.1;222.1;0.2;64.0
8.0;222.1;0.0;0.0
8.2;222.1;0.2;64.0
8.2;222.1;0.0;0.0
8.0;222.1;0.0;0.0
8.1;222.1;0.0;0.0
8.1;222.1;0.2;64.0
8.2;222.1;0.0;0.0
16.1;222.1;0.0;0.0
8.2;222.1;0.0;0.0
8.2;191.6;0.3;44.0
8.1;191.6;0.0;0.0
8.1;191.7;0.0;0.0
8.2;191.7;0.0;0.0
8.2;191.6;0.0;0.0
8.1;191.6;0.0;0.0
8.1;161.1;0.0;0.0
8.2;0.0;0.0;516.0
0.0;0.0;0.0;0.0
0.0;9.1;3.4;0.0
8.2;9.1;1.5;16.0
0.0;10.0;1.8;360.0
0.0;11.8;2.4;420.0
57.8;19.2;0.1;236.0
90.7;21.3;1.2;128.0
98.9;21.4;1.0;64.0
99.0;22.0;1.2;160.0
90.9;22.2;1.0;92.0
90.8;22.5;1.0;88.0
99.0;22.8;1.6;96.0
90.7;23.6;1.6;280.0
90.7;24.1;1.7;356.0
98.7;24.5;2.0;132.0
32.8;25.6;2.0;636.0
0.0;26.4;2.4;388.0
8.3;27.5;3.5;536.0
0.0;29.7;1.9;564.0
8.1;30.9;1.8;272.0
8.3;31.7;2.4;276.0
0.0;32.6;2.8;204.0
8.2;32.9;0.9;524.0
0.0;34.4;1.4;1552.0
0.0;36.0;1.3;1456.0
8.3;37.2;1.3;1188.0
0.0;38.4;1.6;704.0
8.2;40.1;0.7;1864.0
0.0;41.1;2.8;320.0
8.2;41.6;1.8;296.0
0.0;42.0;3.1;388.0
8.3;43.1;2.9;276.0
0.0;44.0;2.8;400.0
0.0;45.5;1.5;1364.0
0.0;46.3;2.4;300.0
8.3;47.1;2.0;276.0
16.5;48.6;1.9;852.0
0.0;49.4;1.4;664.0
0.0;49.9;0.9;124.0
8.2;51.6;2.1;556.0
8.2;52.3;1.5;528.0
0.0;53.4;1.4;80.0
8.2;53.5;0.5;616.0
8.2;55.0;1.9;372.0
8.2;55.5;3.6;224.0
0.0;56.5;2.6;688.0
8.2;57.4;3.0;300.0
8.2;58.3;1.7;340.0
0.0;59.0;0.8;132.0
8.2;59.5;1.4;240.0
8.2;60.8;2.5;300.0
0.0;61.1;3.0;188.0
0.0;61.6;2.2;168.0
8.2;62.1;1.4;232.0
0.0;60.8;0.9;84.0
8.2;61.4;3.4;1204.0
8.1;62.5;1.2;328.0
8.2;63.7;2.6;148.0
8.2;64.1;0.8;136.0
0.0;65.9;1.4;244.0
8.2;67.1;1.9;504.0
0.0;68.5;1.2;220.0
16.0;69.0;0.4;184.0
0.0;70.1;1.2;268.0
0.0;70.8;1.8;264.0
8.1;72.4;3.2;484.0
8.3;73.3;1.6;280.0
0.0;74.0;3.7;316.0
8.3;74.5;5.1;112.0
0.0;75.8;3.2;668.0
8.2;76.8;2.8;384.0
0.0;77.3;0.4;28.0
16.6;77.5;0.6;80.0
8.3;78.0;0.8;132.0
0.0;78.8;1.9;168.0
8.2;78.8;0.0;0.0
16.5;78.9;2.6;100.0
0.0;79.7;3.2;296.0
0.0;80.2;3.6;212.0
0.0;80.7;4.7;212.0
8.2;81.5;3.0;280.0
0.0;82.2;3.2;236.0
8.2;84.1;2.2;188.0
8.3;84.7;2.0;664.0
0.0;85.2;3.8;220.0
8.2;85.9;3.8;228.0
8.2;87.1;2.4;328.0
0.0;87.7;2.2;164.0
8.2;88.1;3.0;124.0
0.0;88.6;2.4;132.0
8.3;89.1;2.8;112.0
8.1;89.9;3.0;148.0
0.0;90.5;3.6;212.0
8.2;91.0;2.0;96.0
8.2;91.9;1.8;168.0
0.0;92.1;2.2;140.0
8.3;92.7;1.8;104.0
8.3;93.4;3.4;244.0
0.0;94.1;2.0;128.0
8.2;94.6;4.0;212.0
0.0;95.0;3.0;164.0
8.2;95.6;3.4;200.0
0.0;97.5;2.6;540.0
8.3;98.0;3.2;164.0
8.1;98.5;3.2;148.0
0.0;99.0;1.8;208.0
8.2;99.2;1.7;156.0
8.2;99.7;2.4;132.0
0.0;100.2;2.7;292.0
8.2;100.8;2.2;248.0
0.0;101.5;2.4;780.0
0.0;102.2;2.4;888.0
16.2;103.5;1.7;1376.0
0.0;104.2;2.4;688.0
0.0;104.7;3.7;184.0
8.2;105.2;3.6;208.0
0.0;106.1;0.8;268.0
8.2;106.1;0.0;0.0
16.2;106.1;0.2;4.0
0.0;106.4;0.7;1992.0
57.8;119.4;0.0;880.0
99.0;120.2;0.8;600.0
90.6;120.5;1.0;656.0
98.9;121.6;0.6;1316.0
98.9;121.9;2.1;444.0
90.7;122.6;1.7;520.0
88.1;123.3;0.4;792.0
90.1;124.1;1.4;608.0
90.3;124.6;0.1;676.0
99.0;125.1;1.9;436.0
8.2;126.0;2.0;348.0
16.4;127.1;2.4;792.0
0.0;127.7;3.4;508.0
0.0;128.7;2.9;1088.0
0.0;129.2;3.6;500.0
0.0;130.2;2.7;740.0
8.3;131.0;3.2;524.0
0.0;131.6;2.4;524.0
8.2;132.2;2.0;844.0
8.2;134.1;3.6;636.0
0.0;135.0;1.7;1484.0
0.0;136.0;1.3;1232.0
8.1;136.5;0.0;0.0
8.2;136.9;0.0;0.0
8.0;137.2;0.0;0.0
16.5;137.7;0.2;36.0
8.2;138.3;0.4;104.0
0.0;139.2;0.8;316.0
0.0;139.7;1.8;388.0
8.2;140.5;2.2;256.0
0.0;140.7;0.8;32.0
8.2;142.1;3.4;432.0
8.2;142.8;0.2;12.0
8.3;142.8;0.0;28.0
0.0;142.8;0.0;156.0
8.2;143.1;2.8;140.0
8.2;143.1;3.2;16.0
0.0;143.4;2.4;344.0
0.0;144.1;2.3;944.0
8.2;144.9;1.7;812.0
8.3;145.5;1.6;668.0
0.0;146.2;3.1;628.0
8.2;147.1;2.6;360.0
0.0;147.5;2.4;896.0
8.2;148.6;2.6;1004.0
0.0;149.5;1.0;1548.0
0.0;150.3;2.4;824.0
8.1;151.0;2.5;992.0
0.0;152.1;1.7;1280.0
0.0;153.0;1.4;1100.0
8.3;153.9;2.0;1284.0
0.0;154.6;1.8;1132.0
8.2;155.9;2.7;380.0
0.0;156.7;0.0;536.0
8.2;157.3;0.4;144.0
8.2;157.3;0.0;0.0
8.2;157.5;0.0;0.0
8.1;157.5;0.0;0.0
8.1;157.5;0.1;4.0
8.2;157.7;0.0;0.0
8.2;157.8;0.0;0.0
8.1;157.8;0.0;0.0
8.2;157.8;0.0;0.0
16.4;157.9;1.5;0.0
0.0;157.9;0.0;0.0
8.1;157.9;0.0;0.0
8.2;157.9;0.0;0.0
8.1;157.9;0.0;0.0
16.0;157.9;0.0;0.0
8.2;158.3;0.0;0.0
8.1;158.3;0.0;0.0
8.2;158.3;0.0;0.0
8.1;158.3;0.0;0.0
0.0;158.8;0.3;4.0
8.2;158.8;0.0;0.0
8.2;159.1;0.0;0.0
8.1;177.8;0.0;0.0
8.0;190.0;24.1;260.0
8.0;190.0;80.0;0.0
8.0;190.0;98.4;0.0
8.1;190.5;17.6;128.0
8.1;190.5;28.4;56.0
8.2;190.5;32.2;0.0
8.1;190.5;34.0;0.0
8.2;190.5;37.0;0.0
8.2;190.5;40.6;0.0
8.1;190.5;34.6;0.0
8.1;190.5;28.8;0.0
8.2;190.5;38.0;0.0
8.2;190.5;40.4;0.0
8.2;190.5;42.0;0.0
8.1;203.4;32.0;0.0
8.2;221.6;1.0;124.0
0.0;222.1;0.6;28.0
8.2;222.1;0.0;0.0
8.1;222.4;0.0;0.0
8.2;222.4;0.0;0.0
8.2;222.4;0.2;68.0
8.2;222.4;0.0;0.0
8.2;222.4;0.2;64.0
8.0;222.4;0.0;0.0
8.2;222.4;0.0;0.0
7.5;222.4;0.0;0.0
16.2;222.4;0.2;64.0
8.3;222.4;0.0;0.0
8.2;222.4;0.2;64.0
8.2;222.4;0.0;0.0
8.2;222.4;0.2;64.0
8.2;222.4;0.0;0.0
8.1;222.4;0.0;0.0
8.2;222.4;0.0;0.0
8.2;191.9;0.3;44.0
8.0;191.9;0.0;0.0
8.2;191.9;0.0;0.0
8.2;192.0;0.0;0.0
8.1;192.0;0.0;0.0
8.2;192.0;0.0;0.0
8.1;192.0;0.0;0.0
8.2;192.0;0.0;0.0
8.1;161.5;0.0;0.0
8.2;144.7;0.0;448.0
0.0;0.0;0.0;68.0
0.0;0.0;0.0;0.0
8.3;10.1;1.4;316.0
0.0;15.3;2.3;644.0
90.9;22.4;0.2;60.0
90.4;23.5;1.4;88.0
107.5;23.5;0.6;60.0
98.2;24.1;1.6;176.0
98.9;24.4;0.8;100.0
98.9;24.6;0.8;48.0
98.2;24.9;1.6;96.0
98.6;25.7;1.6;296.0
98.7;26.2;1.3;324.0
57.0;26.6;2.0;136.0
8.2;27.8;2.2;648.0
0.0;28.7;2.6;360.0
8.2;29.4;3.1;508.0
0.0;32.1;2.3;620.0
8.2;33.2;1.6;256.0
0.0;33.8;1.8;172.0
8.2;34.4;3.2;252.0
8.3;35.0;0.8;88.0
0.0;36.3;1.2;1548.0
8.2;37.4;1.7;940.0
0.0;38.9;0.4;1824.0
0.0;39.6;1.4;724.0
8.3;41.1;1.6;860.0
0.0;42.6;1.7;1464.0
8.3;43.5;2.1;260.0
0.0;43.7;1.3;280.0
0.0;44.5;3.5;396.0
8.2;45.2;2.7;264.0
0.0;46.3;2.6;376.0
8.1;47.6;1.5;1376.0
8.2;48.5;2.0;296.0
0.0;49.3;2.2;260.0
8.2;50.4;1.8;836.0
0.0;51.5;1.5;644.0
8.1;52.1;1.1;168.0
8.2;52.7;1.9;248.0
0.0;54.2;1.7;588.0
8.2;55.5;1.4;344.0
8.2;55.7;0.5;616.0
8.1;56.5;0.5;328.0
0.0;57.7;2.8;176.0
8.2;57.9;2.9;620.0
0.0;58.7;3.1;224.0
8.3;59.9;2.6;304.0
0.0;60.6;1.7;392.0
8.2;61.2;0.6;92.0
8.2;61.7;1.3;168.0
0.0;63.0;2.0;296.0
8.1;63.3;2.4;164.0
0.0;63.8;2.4;180.0
8.2;64.0;1.0;52.0
0.0;57.0;1.6;272.0
8.3;57.2;2.9;1172.0
0.0;58.3;1.2;248.0
8.2;59.3;3.0;224.0
8.1;60.1;0.6;68.0
8.1;62.0;1.4;348.0
0.0;63.2;2.3;436.0
8.2;64.1;0.8;216.0
8.2;64.7;0.4;72.0
8.1;66.1;1.6;440.0
8.2;66.8;1.4;256.0
0.0;68.4;3.4;484.0
8.1;69.1;0.8;196.0
0.0;70.0;3.0;296.0
8.2;70.5;2.5;156.0
0.0;70.9;4.7;172.0
8.3;71.9;2.8;596.0
0.0;72.9;2.8;364.0
15.2;73.4;0.4;28.0
0.0;74.1;1.2;200.0
0.0;74.5;0.7;40.0
8.2;74.9;1.4;140.0
8.1;74.9;0.2;12.0
16.3;75.2;3.4;152.0
0.0;75.9;2.6;244.0
0.0;76.3;3.8;208.0
0.0;76.7;4.1;204.0
8.3;77.1;2.8;280.0
8.1;78.3;3.2;212.0
0.0;80.2;2.2;204.0
0.0;80.8;2.2;672.0
16.4;81.4;4.0;220.0
0.0;82.0;3.2;192.0
0.0;83.1;2.8;364.0
8.2;84.0;2.2;164.0
8.2;84.2;3.0;124.0
0.0;84.7;2.4;132.0
8.2;85.2;2.8;112.0
8.2;86.0;3.0;140.0
0.0;86.4;3.0;116.0
8.3;87.2;2.2;184.0
8.2;87.9;2.2;184.0
0.0;88.2;2.0;100.0
8.2;89.0;2.0;144.0
0.0;89.5;2.6;204.0
8.2;90.2;2.8;168.0
0.0;90.6;3.0;140.0
8.1;91.0;3.0;192.0
8.2;91.6;3.6;204.0
0.0;92.3;3.0;184.0
8.2;94.1;2.6;520.0
0.0;94.5;3.4;144.0
8.2;95.0;1.6;192.0
0.0;95.2;1.9;168.0
8.2;95.6;2.2;124.0
8.2;95.8;2.1;108.0
0.0;96.7;2.4;268.0
8.2;97.1;1.8;320.0
8.2;97.7;2.2;708.0
0.0;98.4;2.6;868.0
8.1;99.7;1.3;1528.0
0.0;100.4;2.8;544.0
0.0;100.9;3.7;188.0
8.2;101.4;3.4;200.0
0.0;102.3;0.6;256.0
8.2;102.3;0.0;0.0
16.2;102.4;0.5;128.0
0.0;102.7;0.4;1868.0
56.4;110.3;0.1;1020.0
90.7;110.6;0.5;460.0
88.5;110.9;1.2;272.0
95.7;111.2;0.4;876.0
90.5;111.6;0.0;356.0
106.5;112.1;0.4;488.0
94.6;112.4;1.9;424.0
89.7;112.8;1.6;432.0
90.7;113.7;0.6;880.0
90.6;114.5;1.3;836.0
16.5;115.5;1.8;884.0
0.0;116.5;2.3;420.0
8.2;117.4;2.3;744.0
0.0;118.0;3.0;444.0
8.2;118.7;2.9;972.0
0.0;119.4;3.2;608.0
0.0;120.1;2.7;704.0
0.0;120.8;2.6;400.0
16.4;121.4;2.6;620.0
0.0;122.1;2.4;636.0
0.0;122.9;3.4;780.0
0.0;124.6;1.9;912.0
0.0;125.5;1.5;1312.0
0.0;126.3;0.6;668.0
8.2;126.8;0.0;0.0
8.1;127.1;0.0;0.0
8.2;127.3;0.0;0.0
8.2;127.8;0.2;36.0
8.2;128.4;0.4;104.0
8.2;128.7;0.4;152.0
0.0;129.8;1.8;448.0
0.0;130.3;2.2;336.0
0.0;130.8;1.2;56.0
8.1;132.2;3.4;432.0
8.2;132.5;0.2;12.0
8.2;133.0;0.0;0.0
0.0;133.0;0.0;144.0
8.2;133.0;2.8;176.0
8.2;133.0;3.2;16.0
0.0;133.5;2.6;352.0
8.2;134.4;2.2;1244.0
0.0;135.3;2.2;552.0
8.3;135.6;2.2;796.0
8.2;136.3;3.1;516.0
0.0;137.6;2.8;908.0
8.3;138.1;2.8;464.0
0.0;139.0;1.4;1680.0
0.0;140.1;1.6;1224.0
8.2;140.8;3.2;880.0
0.0;142.0;1.2;1424.0
8.3;143.1;2.0;1232.0
0.0;143.9;1.6;1344.0
0.0;144.7;2.4;824.0
8.3;145.9;2.9;568.0
8.2;147.1;0.0;728.0
0.0;147.6;0.4;144.0
8.0;147.6;0.0;0.0
8.1;147.8;0.0;0.0
8.2;147.8;0.0;0.0
8.1;147.8;0.0;0.0
8.2;147.9;0.1;4.0
8.1;147.9;0.0;0.0
8.2;148.0;0.0;0.0
8.1;148.0;0.0;0.0
8.2;148.0;0.0;0.0
8.1;148.0;0.0;0.0
8.2;148.0;0.0;0.0
16.5;148.1;1.5;0.0
8.2;148.1;0.0;0.0
0.0;148.1;0.0;0.0
8.1;148.1;0.0;0.0
8.3;148.1;0.0;0.0
8.2;148.5;0.0;0.0
8.1;148.5;0.0;0.0
0.0;148.9;0.3;4.0
8.2;153.2;0.0;0.0
8.2;153.4;0.0;0.0
8.1;184.0;0.0;0.0
8.2;184.3;53.3;260.0
8.1;184.3;94.4;0.0
8.1;184.3;65.0;128.0
8.2;184.9;9.0;56.0
0.0;184.9;36.0;0.0
8.3;184.9;33.0;0.0
8.2;184.9;31.2;0.0
8.2;184.9;26.0;0.0
8.2;184.9;31.8;0.0
8.1;184.9;33.0;0.0
8.2;184.9;28.0;0.0
8.2;184.9;37.0;0.0
8.1;184.9;38.2;0.0
8.2;184.9;38.8;0.0
8.3;185.7;52.8;0.0
8.2;215.8;0.2;28.0
8.2;216.5;1.4;124.0
8.2;216.5;0.0;0.0
8.0;216.5;0.0;0.0
8.2;216.5;0.0;0.0
8.2;216.5;0.2;68.0
8.2;216.5;0.0;0.0
8.1;216.5;0.0;0.0
8.2;216.7;0.0;0.0
8.1;216.7;0.2;64.0
8.0;216.7;0.0;0.0
8.1;216.7;0.0;0.0
8.2;216.7;0.0;0.0
8.2;216.7;0.2;64.0
8.2;216.7;0.0;0.0
8.2;216.7;0.2;64.0
8.2;216.7;0.0;0.0
8.2;216.7;0.2;64.0
8.2;216.7;0.0;0.0
8.1;216.7;0.0;0.0
8.2;216.7;0.0;0.0
8.1;216.7;0.0;0.0
8.2;216.7;0.0;0.0
8.1;186.2;0.3;44.0
8.2;186.2;0.0;0.0
8.2;186.3;0.0;0.0
8.1;186.3;0.0;0.0
8.2;186.4;0.0;0.0
8.1;186.4;0.0;0.0
16.4;186.4;0.0;0.0
8.2;186.4;0.0;0.0
8.0;186.4;0.0;0.0
8.2;155.1;0.0;96.0
0.0;0.0;0.0;420.0
0.0;0.0;0.0;0.0
0.0;8.8;2.1;0.0
0.0;9.2;2.8;0.0
8.1;9.2;1.6;116.0
0.0;11.7;2.2;380.0
33.0;25.3;0.5;536.0
95.0;26.8;0.6;68.0
98.9;27.2;1.0;80.0
97.8;27.2;0.8;60.0
98.2;27.9;1.4;212.0
99.0;28.1;1.6;112.0
98.8;28.7;0.6;44.0
98.9;29.2;1.8;172.0
90.7;29.5;1.4;228.0
90.7;30.0;0.7;272.0
48.7;30.0;1.8;136.0
0.0;31.6;2.8;704.0
0.0;32.6;2.2;332.0
8.2;33.7;3.3;536.0
0.0;35.9;2.1;564.0
8.2;36.7;1.4;248.0
0.0;37.6;1.8;144.0
8.0;37.9;1.8;228.0
0.0;38.9;2.0;132.0
8.2;39.5;1.0;852.0
0.0;40.6;1.1;1176.0
0.0;41.7;1.4;944.0
8.2;43.1;0.5;1644.0
0.0;43.6;1.3;456.0
8.2;45.3;1.5;924.0
0.0;46.6;1.8;1384.0
8.1;47.6;1.9;256.0
8.2;47.8;1.7;288.0
0.0;48.6;3.7;456.0
8.2;49.6;2.7;312.0
0.0;50.8;2.2;1008.0
8.3;52.0;1.7;736.0
8.2;52.5;2.0;228.0
0.0;53.5;2.2;244.0
8.2;54.7;1.7;856.0
0.0;55.5;1.6;660.0
8.2;56.1;0.7;108.0
0.0;57.0;2.1;324.0
8.2;58.2;1.5;512.0
8.1;59.7;1.4;344.0
0.0;59.8;0.5;616.0
8.2;60.6;0.5;324.0
8.2;61.7;3.0;208.0
0.0;62.4;3.1;596.0
8.1;63.1;3.1;276.0
8.2;64.2;2.4;344.0
0.0;64.9;1.5;296.0
8.1;65.5;1.1;192.0
8.2;65.8;1.0;136.0
0.0;66.5;1.6;132.0
0.0;67.3;2.2;256.0
8.1;67.8;3.2;192.0
8.2;68.3;1.0;160.0
0.0;66.9;1.3;156.0
0.0;67.2;3.5;1196.0
8.1;68.3;0.6;224.0
0.0;69.3;3.0;224.0
24.2;70.1;0.6;68.0
8.2;71.3;1.2;308.0
0.0;72.7;2.1;380.0
8.2;74.1;1.2;312.0
8.2;74.7;0.4;72.0
8.1;75.7;1.4;440.0
8.2;76.8;1.2;160.0
0.0;77.3;3.4;572.0
8.2;78.7;1.0;168.0
0.0;79.9;2.6;320.0
8.1;80.4;3.3;172.0
0.0;81.4;5.1;436.0
8.2;82.2;2.6;356.0
8.2;83.1;2.6;364.0
0.0;83.6;0.2;0.0
7.9;84.1;1.4;212.0
8.2;84.6;0.5;28.0
0.0;84.9;1.4;140.0
8.2;84.9;0.0;0.0
8.2;85.1;2.6;116.0
8.3;85.9;2.6;264.0
0.0;86.1;3.4;172.0
8.2;86.7;4.3;204.0
0.0;87.2;2.8;204.0
0.0;88.1;3.0;256.0
8.2;90.2;2.2;244.0
0.0;90.5;3.4;172.0
16.4;91.1;2.8;672.0
0.0;91.8;2.9;204.0
8.2;92.6;4.1;364.0
0.0;93.9;1.6;236.0
8.2;94.3;3.6;136.0
8.2;94.7;2.4;112.0
8.2;95.0;1.6;64.0
0.0;95.6;2.2;88.0
8.2;96.3;3.2;164.0
0.0;96.8;3.3;196.0
8.2;97.5;1.7;96.0
8.2;98.0;2.0;192.0
0.0;98.3;1.8;104.0
0.0;98.8;1.8;104.0
8.2;99.6;2.8;212.0
8.2;100.2;2.4;156.0
0.0;100.5;2.2;108.0
8.2;100.8;2.0;108.0
0.0;101.1;2.8;160.0
8.2;101.4;2.2;124.0
0.0;102.1;2.2;148.0
8.1;103.9;2.2;492.0
0.0;104.3;3.4;184.0
8.2;104.7;2.6;132.0
8.3;105.2;1.8;196.0
0.0;105.4;1.7;144.0
8.2;105.8;2.4;132.0
0.0;106.3;2.7;292.0
8.3;106.9;2.1;216.0
8.2;107.3;1.9;740.0
0.0;107.9;2.2;872.0
0.0;108.9;2.2;972.0
8.3;110.1;1.7;1120.0
0.0;110.7;3.3;176.0
8.2;111.1;3.4;216.0
0.0;112.2;2.4;328.0
8.2;112.2;0.0;0.0
8.1;112.2;0.0;0.0
8.2;112.5;0.9;1364.0
33.0;119.6;0.0;1512.0
90.7;120.4;0.6;600.0
96.8;120.9;1.6;780.0
90.3;121.7;0.2;1196.0
98.9;122.1;1.9;424.0
98.3;122.5;1.7;428.0
90.3;123.4;0.4;884.0
98.6;124.0;1.4;424.0
90.7;124.2;0.2;556.0
90.5;124.9;0.5;608.0
49.4;125.5;1.9;224.0
8.2;126.2;2.1;400.0
0.0;127.4;2.7;768.0
0.0;127.9;2.8;616.0
8.2;128.5;2.7;840.0
8.2;129.2;3.6;536.0
0.0;129.9;2.7;740.0
0.0;130.9;3.2;524.0
8.2;131.7;3.2;764.0
0.0;132.5;2.4;732.0
8.2;134.1;2.6;732.0
0.0;134.9;1.7;1268.0
0.0;135.9;1.1;1224.0
8.1;136.5;0.0;0.0
8.1;136.9;0.0;0.0
8.2;137.2;0.0;0.0
8.2;137.7;0.0;0.0
8.1;138.3;0.6;140.0
8.2;138.9;0.4;260.0
8.2;139.7;1.8;340.0
0.0;140.2;2.0;332.0
8.2;140.7;1.4;60.0
8.2;142.1;3.4;432.0
0.0;142.3;0.2;12.0
16.4;142.9;0.0;0.0
0.0;142.9;0.0;136.0
8.1;142.9;2.6;184.0
0.0;142.9;0.6;8.0
8.3;143.2;5.0;288.0
0.0;144.2;2.4;992.0
8.2;145.0;1.8;832.0
8.1;145.6;1.6;796.0
0.0;146.3;3.5;528.0
8.2;147.3;2.8;588.0
0.0;147.9;3.0;676.0
0.0;148.7;1.4;1276.0
8.2;149.7;1.0;1648.0
0.0;150.6;3.4;612.0
0.0;152.0;1.8;1368.0
16.4;153.0;2.0;1324.0
0.0;153.9;1.8;1436.0
0.0;154.5;2.3;492.0
0.0;155.5;1.1;1056.0
8.3;156.2;2.0;296.0
0.0;157.1;0.0;536.0
8.2;157.6;0.4;144.0
8.2;157.6;0.0;0.0
8.2;157.8;0.0;0.0
8.1;157.8;0.0;0.0
8.2;157.8;0.0;0.0
8.2;157.8;0.0;4.0
8.2;158.0;0.1;0.0
8.0;158.0;0.0;0.0
8.2;158.1;0.0;0.0
8.1;158.1;0.0;0.0
8.2;158.1;0.0;0.0
8.1;158.1;0.0;0.0
8.2;158.1;0.1;0.0
8.2;158.2;1.5;0.0
8.1;158.2;0.0;0.0
8.2;158.2;0.0;0.0
8.2;158.6;0.0;0.0
8.1;158.6;0.0;0.0
8.0;158.6;0.0;0.0
8.2;158.6;0.0;0.0
8.2;158.9;0.3;8.0
16.1;159.1;0.0;0.0
8.1;159.4;0.0;0.0
8.1;159.6;0.0;0.0
0.0;190.3;1.3;172.0
8.2;190.3;81.4;88.0
8.2;190.3;85.8;0.0
8.2;190.5;44.4;128.0
7.8;190.8;9.0;56.0
8.1;190.8;26.6;0.0
8.1;190.8;30.2;0.0
8.1;190.8;33.8;0.0
8.0;190.8;41.8;0.0
8.2;190.8;41.6;0.0
8.2;190.8;31.4;0.0
8.1;190.8;29.0;0.0
8.2;190.8;37.8;0.0
8.1;190.8;40.0;0.0
8.2;190.8;42.0;0.0
8.0;210.2;32.0;0.0
8.0;221.9;0.8;104.0
0.0;222.4;0.8;48.0
16.0;222.4;0.0;0.0
8.2;222.4;0.0;0.0
8.1;222.4;0.0;0.0
8.2;222.4;0.0;0.0
8.2;222.7;0.0;0.0
8.2;222.7;0.2;68.0
8.2;222.7;0.0;0.0
8.1;222.7;0.0;0.0
8.2;222.7;0.2;64.0
8.1;222.7;0.0;0.0
8.2;222.7;0.0;0.0
8.2;222.7;0.2;64.0
8.2;222.7;0.0;0.0
8.0;222.7;0.2;64.0
8.1;222.7;0.0;0.0
8.0;222.7;0.0;0.0
8.2;222.7;0.0;0.0
8.3;222.7;0.2;64.0
8.2;222.7;0.0;0.0
8.1;192.2;0.3;44.0
8.1;192.2;0.0;0.0
8.2;192.2;0.0;0.0
8.2;192.3;0.0;0.0
8.1;192.3;0.0;0.0
8.2;192.3;0.0;0.0
8.1;192.3;0.0;0.0
8.2;192.3;0.0;0.0
16.3;161.5;0.0;0.0
0.0;0.0;0.0;516.0
8.2;0.0;0.0;0.0
0.0;0.0;0.0;0.0
