0.0;11.8;2.5;564.0
57.7;23.3;0.0;148.0
90.6;24.8;1.0;28.0
98.6;25.3;0.6;64.0
90.8;25.4;1.6;92.0
98.4;26.2;1.2;244.0
98.9;26.5;1.0;48.0
98.0;26.8;0.4;44.0
98.2;27.3;2.0;224.0
98.9;27.8;1.6;176.0
98.9;28.1;1.9;356.0
24.7;29.4;2.0;556.0
16.5;30.5;3.2;424.0
0.0;31.4;2.9;488.0
8.3;33.9;2.5;704.0
0.0;34.7;1.6;204.0
0.0;35.6;2.0;240.0
0.0;36.2;2.6;228.0
8.2;36.8;1.0;100.0
0.0;37.6;1.1;1028.0
8.2;38.7;1.4;1072.0
8.2;40.0;1.1;1540.0
0.0;41.2;1.0;980.0
0.0;42.1;1.2;540.0
0.0;43.7;1.1;1616.0
8.2;44.6;2.1;672.0
8.2;45.4;1.9;216.0
0.0;45.9;2.2;556.0
8.2;46.8;3.4;244.0
0.0;47.3;2.7;248.0
8.3;48.6;2.2;1120.0
8.2;49.9;1.3;616.0
8.2;50.6;2.8;264.0
0.0;52.7;1.7;888.0
8.3;53.1;1.8;528.0
0.0;53.8;1.7;400.0
8.2;54.3;1.2;128.0
0.0;56.1;2.2;700.0
8.2;57.2;1.2;336.0
8.2;57.6;0.7;604.0
8.2;58.0;0.7;352.0
8.2;59.1;2.2;112.0
0.0;59.8;3.3;592.0
8.3;60.6;3.1;312.0
0.0;61.7;2.2;256.0
8.2;62.0;0.8;152.0
0.0;62.7;1.5;296.0
16.2;63.4;1.2;244.0
0.0;63.8;1.3;144.0
0.0;64.9;1.8;208.0
8.2;65.4;3.0;180.0
8.2;65.6;1.8;132.0
0.0;66.2;1.6;284.0
0.0;64.7;0.7;32.0
8.1;65.4;3.4;1392.0
8.2;66.4;1.0;252.0
0.0;67.6;2.6;36.0
8.2;68.2;1.0;136.0
8.2;69.9;1.8;244.0
0.0;71.0;1.3;504.0
0.0;72.5;1.2;220.0
8.2;72.7;0.4;144.0
8.2;74.0;1.2;308.0
8.2;74.9;2.6;344.0
0.0;76.4;2.4;404.0
8.2;77.0;0.6;176.0
8.2;77.7;2.0;228.0
8.2;78.2;3.3;216.0
0.0;78.4;3.5;68.0
8.2;79.1;2.2;388.0
0.0;79.9;2.4;344.0
8.2;80.6;2.4;340.0
8.1;81.1;0.4;28.0
8.2;81.9;1.0;200.0
8.2;82.3;0.9;40.0
0.0;82.7;1.4;140.0
8.0;82.7;0.0;0.0
8.2;83.1;4.0;212.0
0.0;83.7;2.6;208.0
8.3;84.1;3.0;188.0
0.0;84.5;4.3;188.0
8.1;84.9;2.4;204.0
0.0;86.1;3.0;272.0
0.0;88.0;1.8;212.0
8.1;88.2;3.0;144.0
8.2;88.9;2.8;648.0
8.1;89.4;2.4;184.0
0.0;89.8;3.2;196.0
0.0;91.1;2.0;308.0
8.2;91.7;2.2;164.0
8.2;92.2;3.0;128.0
8.2;92.4;2.6;132.0
0.0;92.9;2.8;108.0
8.2;93.7;2.4;132.0
0.0;94.1;3.4;124.0
8.2;94.9;1.8;172.0
8.2;95.5;2.4;180.0
8.2;96.0;2.2;144.0
0.0;96.5;1.4;68.0
8.1;97.2;2.0;180.0
8.2;97.5;2.6;136.0
0.0;97.9;1.5;104.0
8.2;98.3;2.9;144.0
0.0;98.8;3.4;224.0
0.0;99.5;3.4;176.0
8.2;100.0;3.0;572.0
8.2;101.8;2.8;136.0
0.0;102.3;3.6;176.0
8.2;102.7;1.6;160.0
0.0;103.1;1.9;188.0
8.2;103.4;2.0;120.0
0.0;103.8;2.5;300.0
8.2;104.6;2.1;192.0
0.0;105.1;1.9;760.0
8.2;105.7;3.0;896.0
0.0;106.8;2.2;864.0
8.2;107.7;1.1;1204.0
0.0;108.5;3.7;196.0
8.2;109.0;3.6;220.0
0.0;110.0;2.4;328.0
8.2;110.0;0.0;0.0
8.2;110.4;0.9;1472.0
41.3;116.0;0.0;1404.0
99.0;116.3;0.8;600.0
90.5;116.5;0.9;60.0
90.1;117.2;0.5;1444.0
90.8;117.7;0.0;420.0
92.6;118.0;2.1;476.0
82.3;118.5;1.7;444.0
98.9;119.4;0.6;884.0
90.0;120.2;1.4;496.0
98.9;120.7;0.3;804.0
32.6;121.2;1.9;496.0
0.0;122.3;2.3;388.0
8.3;123.4;2.7;780.0
0.0;123.9;3.2;628.0
8.2;124.8;3.1;880.0
0.0;125.3;3.2;636.0
0.0;125.9;2.9;624.0
8.3;126.9;2.6;488.0
0.0;127.6;3.1;684.0
8.2;128.3;1.5;700.0
0.0;130.1;3.2;604.0
8.2;131.0;1.9;1500.0
0.0;132.0;1.3;1232.0
8.2;132.5;0.0;0.0
8.2;133.0;0.0;0.0
8.2;133.2;0.0;0.0
8.1;133.7;0.2;36.0
8.2;134.3;0.4;112.0
8.2;135.2;1.0;320.0
8.2;135.7;1.4;376.0
0.0;136.2;2.2;232.0
8.0;136.8;1.0;56.0
8.2;138.1;3.4;432.0
0.0;138.6;0.2;12.0
8.3;138.9;0.0;0.0
8.1;138.9;0.0;176.0
0.0;138.9;2.8;148.0
8.2;138.9;3.0;12.0
8.1;139.4;3.3;396.0
0.0;140.5;1.9;1236.0
8.1;141.2;2.0;516.0
8.1;141.7;2.5;876.0
0.0;142.4;3.0;512.0
8.3;143.5;2.6;1008.0
0.0;144.1;3.0;288.0
0.0;145.0;1.2;1856.0
0.0;146.1;1.8;1068.0
8.3;146.8;2.8;840.0
0.0;147.8;1.2;1436.0
8.3;149.0;2.2;1112.0
0.0;149.8;1.4;1468.0
8.2;150.6;2.6;784.0
0.0;151.8;1.4;576.0
8.2;152.3;1.4;584.0
0.0;152.9;0.0;180.0
8.2;153.5;0.4;144.0
8.1;153.5;0.0;0.0
8.2;153.6;0.0;0.0
8.1;153.6;0.0;0.0
8.2;153.6;0.0;4.0
8.1;153.8;0.1;0.0
8.2;153.8;0.0;0.0
8.1;153.8;0.0;0.0
8.2;153.8;0.0;0.0
8.1;153.8;0.0;0.0
8.2;153.8;0.0;0.0
8.1;153.8;0.0;0.0
8.2;153.8;0.0;0.0
16.3;155.9;1.5;0.0
8.2;155.9;0.0;0.0
8.1;155.9;0.0;0.0
8.2;155.9;0.0;0.0
8.2;156.3;0.0;0.0
8.1;156.3;0.0;0.0
0.0;154.7;0.3;4.0
8.2;155.1;0.0;0.0
8.2;155.2;0.0;0.0
8.1;159.8;0.0;0.0
16.4;186.1;11.1;260.0
0.0;186.1;82.2;0.0
8.2;186.1;87.0;0.0
8.1;186.4;32.4;128.0
8.2;186.4;21.2;56.0
8.1;186.8;30.6;0.0
8.1;186.8;35.2;0.0
16.3;186.8;27.6;0.0
8.2;186.8;34.6;0.0
8.2;186.8;28.8;0.0
8.2;186.8;32.2;0.0
8.1;186.8;33.4;0.0
8.2;186.8;37.8;0.0
8.1;186.8;36.6;0.0
8.1;186.8;40.2;0.0
8.0;197.6;36.6;0.0
8.2;217.6;0.4;48.0
0.0;218.2;1.2;104.0
8.2;218.2;0.0;0.0
8.1;218.2;0.0;0.0
8.2;218.5;0.2;68.0
8.2;218.5;0.0;0.0
16.4;218.5;0.0;0.0
8.2;218.5;0.0;0.0
8.2;218.5;0.2;64.0
8.2;218.5;0.0;0.0
8.1;218.5;0.0;0.0
8.2;218.5;0.0;0.0
8.1;218.5;0.2;64.0
8.1;218.5;0.0;0.0
8.2;218.5;0.2;64.0
8.1;218.5;0.0;0.0
8.2;218.5;0.0;0.0
8.2;218.5;0.2;64.0
8.2;218.5;0.0;0.0
8.2;188.0;0.3;44.0
16.4;188.0;0.0;0.0
8.2;188.0;0.0;0.0
8.2;188.1;0.0;0.0
8.1;188.1;0.0;0.0
8.2;188.1;0.0;0.0
8.1;188.1;0.0;0.0
8.2;188.1;0.0;0.0
8.1;188.1;0.0;0.0
16.1;156.8;0.0;68.0
0.0;0.0;0.0;448.0
0.0;0.0;0.0;0.0
8.2;10.1;1.8;324.0
20.1;19.4;1.9;636.0
82.4;22.4;0.2;56.0
98.2;23.4;1.6;100.0
90.7;23.9;1.4;84.0
89.8;24.4;1.2;244.0
98.0;24.7;1.0;48.0
106.9;25.0;0.6;48.0
90.7;25.5;2.0;220.0
98.6;26.3;1.9;448.0
98.7;26.3;1.6;92.0
74.2;27.5;1.6;520.0
0.0;28.2;2.8;412.0
8.3;29.0;2.2;284.0
0.0;31.1;3.0;716.0
8.2;32.2;1.4;304.0
0.0;33.4;2.4;312.0
8.3;34.2;3.0;288.0
8.2;34.8;1.2;96.0
8.2;35.7;1.1;1128.0
0.0;36.9;2.0;1020.0
0.0;38.7;0.6;1936.0
8.2;39.5;1.2;904.0
0.0;40.9;1.7;736.0
0.0;42.2;1.0;1592.0
8.2;43.2;2.6;316.0
8.2;43.7;1.6;284.0
8.1;44.5;3.5;416.0
0.0;45.3;2.9;308.0
8.2;46.5;2.5;736.0
0.0;48.0;1.8;1060.0
8.3;48.5;2.6;268.0
8.2;49.6;1.8;336.0
0.0;50.8;1.5;724.0
8.2;51.8;2.0;692.0
8.2;52.4;1.1;188.0
0.0;54.0;2.1;532.0
8.3;55.2;1.1;476.0
8.2;55.5;1.0;140.0
8.2;56.1;0.6;620.0
0.0;57.2;1.8;308.0
8.3;57.6;3.4;196.0
0.0;58.7;2.8;696.0
7.8;59.8;3.0;300.0
8.2;60.6;2.1;412.0
8.2;61.2;0.6;112.0
0.0;61.6;1.0;180.0
8.1;62.2;1.5;156.0
0.0;63.0;2.4;264.0
8.2;63.8;3.6;236.0
8.2;64.0;1.4;168.0
0.0;61.3;1.3;156.0
0.0;61.8;3.3;1196.0
8.1;62.7;0.6;224.0
8.1;63.9;3.2;260.0
8.2;64.4;0.4;100.0
8.2;66.4;1.5;280.0
0.0;67.2;2.2;436.0
8.2;67.9;0.6;216.0
8.2;69.2;0.6;72.0
8.2;69.8;1.0;260.0
8.2;70.8;1.2;232.0
0.0;71.6;2.2;380.0
8.2;73.1;2.2;328.0
8.2;73.6;1.0;184.0
0.0;74.3;2.0;276.0
8.2;74.6;2.9;160.0
0.0;75.0;3.5;68.0
8.2;76.3;3.2;592.0
8.2;77.0;3.4;380.0
0.0;77.6;0.8;128.0
8.2;77.8;0.2;68.0
8.2;78.5;1.2;144.0
8.2;79.0;1.7;168.0
0.0;79.3;0.2;0.0
8.2;79.5;1.6;48.0
8.2;80.3;2.8;288.0
8.2;80.5;4.2;216.0
0.0;81.1;4.7;224.0
0.0;81.6;2.6;216.0
8.2;82.5;3.0;228.0
8.2;84.6;2.0;240.0
0.0;84.9;3.4;172.0
8.2;85.5;2.8;652.0
0.0;86.0;2.6;204.0
8.1;86.7;3.6;208.0
0.0;87.9;1.4;288.0
8.3;88.3;3.0;212.0
0.0;88.8;3.0;120.0
8.2;89.3;2.2;92.0
8.2;89.9;2.6;100.0
0.0;90.6;3.0;144.0
8.2;91.1;3.0;204.0
8.2;91.6;2.0;96.0
8.1;92.3;2.2;208.0
0.0;92.9;2.4;120.0
8.2;93.4;2.2;180.0
0.0;94.1;3.0;172.0
8.2;94.6;1.5;104.0
8.1;95.0;3.7;196.0
0.0;95.6;3.4;200.0
8.2;96.1;3.4;208.0
0.0;98.2;2.4;516.0
0.0;98.5;3.0;156.0
16.4;98.9;3.0;132.0
8.1;99.4;1.6;172.0
0.0;99.7;1.9;196.0
8.2;100.1;2.2;120.0
0.0;100.4;2.7;300.0
8.2;101.2;1.7;120.0
8.2;101.6;2.1;832.0
0.0;102.2;3.0;896.0
0.0;103.3;2.2;956.0
8.2;104.4;1.7;1136.0
8.2;105.0;3.3;184.0
0.0;105.4;3.6;216.0
0.0;106.5;2.2;320.0
8.2;106.5;0.0;0.0
8.1;106.5;0.0;0.0
8.1;106.9;0.9;1256.0
24.7;115.9;0.0;1620.0
98.2;116.5;0.1;396.0
106.9;117.0;1.1;224.0
90.5;117.4;1.0;872.0
98.6;118.2;0.5;1104.0
90.7;118.5;1.4;388.0
90.7;119.0;1.9;224.0
89.9;119.9;0.6;1120.0
90.3;120.5;0.8;356.0
107.1;121.0;0.7;732.0
49.5;121.7;1.9;632.0
0.0;122.7;2.1;420.0
8.3;123.6;2.3;744.0
0.0;124.3;3.2;448.0
8.1;124.6;2.6;880.0
0.0;125.3;3.1;680.0
8.2;126.1;2.8;604.0
0.0;127.1;3.1;572.0
0.0;128.0;3.0;624.0
8.2;128.7;2.0;824.0
0.0;129.3;3.0;532.0
8.2;130.9;1.7;912.0
0.0;131.8;1.7;1956.0
8.2;132.8;0.6;24.0
8.2;133.2;0.0;0.0
8.1;133.5;0.0;0.0
8.2;134.0;0.0;0.0
8.2;134.3;0.2;36.0
16.4;134.8;0.8;128.0
0.0;135.8;0.3;256.0
8.3;136.3;1.5;320.0
0.0;136.8;1.4;304.0
8.1;137.2;2.0;88.0
8.2;138.2;1.5;432.0
8.2;139.0;2.1;12.0
8.1;139.6;0.0;0.0
0.0;139.6;0.0;64.0
0.0;139.6;1.0;172.0
8.3;139.6;2.2;92.0
8.1;139.8;4.0;200.0
0.0;140.3;2.4;596.0
0.0;141.2;1.8;1220.0
8.1;141.8;2.0;212.0
8.2;142.5;2.4;1008.0
0.0;143.4;3.3;444.0
8.3;144.2;2.2;936.0
0.0;145.0;3.0;564.0
0.0;145.8;1.1;1608.0
0.0;146.8;2.3;996.0
8.1;147.5;2.4;900.0
0.0;148.6;1.2;1364.0
8.2;149.7;2.0;1232.0
0.0;150.4;1.6;1344.0
0.0;151.3;2.4;824.0
8.1;152.4;2.2;552.0
0.0;152.9;0.7;564.0
8.2;153.8;0.4;192.0
8.1;154.1;0.0;132.0
0.0;154.1;0.0;0.0
8.0;154.3;0.0;0.0
8.2;154.3;0.0;0.0
16.4;154.3;0.0;4.0
8.2;154.5;0.1;0.0
8.2;154.5;0.0;0.0
8.1;154.5;0.0;0.0
8.0;154.5;0.0;0.0
8.2;154.5;0.0;0.0
8.1;154.5;0.0;0.0
8.2;154.5;0.0;0.0
8.2;154.6;1.5;0.0
16.4;156.6;0.0;0.0
0.0;156.6;0.0;0.0
8.1;156.6;0.0;0.0
8.2;156.6;0.0;0.0
8.1;156.6;0.0;0.0
8.2;157.1;0.0;0.0
8.1;157.1;0.0;0.0
8.2;157.1;0.0;0.0
8.1;157.1;0.0;0.0
8.2;155.4;0.3;4.0
8.2;155.8;0.0;0.0
8.2;155.9;0.0;0.0
8.2;156.1;0.0;0.0
8.1;186.3;0.0;0.0
0.0;186.8;48.3;260.0
16.3;186.8;93.3;0.0
8.2;186.8;71.1;128.0
8.2;187.0;7.2;56.0
8.2;187.4;32.4;0.0
8.2;187.4;38.4;0.0
8.1;187.4;31.6;0.0
8.1;187.4;39.6;0.0
8.2;187.4;44.4;0.0
8.0;187.4;35.8;0.0
8.2;187.4;42.2;0.0
8.2;187.4;44.3;0.0
8.2;187.4;44.1;0.0
8.1;198.0;34.8;0.0
8.2;218.4;0.8;104.0
8.2;218.9;0.8;48.0
0.0;218.9;0.0;0.0
8.2;218.9;0.0;0.0
8.1;218.9;0.0;0.0
8.2;218.9;0.0;0.0
8.2;218.9;0.2;68.0
8.2;218.9;0.0;0.0
8.1;218.9;0.0;0.0
8.2;219.1;0.0;0.0
8.2;219.1;0.2;64.0
8.1;219.1;0.0;0.0
8.2;219.1;0.0;0.0
8.2;219.1;0.2;64.0
8.2;219.1;0.0;0.0
8.2;219.1;0.2;64.0
8.1;219.1;0.0;0.0
8.0;219.1;0.0;0.0
8.1;219.1;0.2;64.0
8.1;219.1;0.0;0.0
16.2;219.1;0.0;0.0
8.3;219.1;0.0;0.0
8.2;219.1;0.0;0.0
8.2;188.7;0.3;44.0
8.2;188.7;0.0;0.0
8.1;188.7;0.0;0.0
8.0;188.7;0.0;0.0
8.2;188.7;0.0;0.0
8.1;188.7;0.0;0.0
16.5;157.5;0.0;68.0
0.0;0.0;0.0;448.0
0.0;0.0;0.0;0.0
0.0;8.6;1.0;0.0
0.0;9.1;3.9;0.0
0.0;9.1;1.6;116.0
16.5;11.8;2.6;756.0
33.0;25.2;0.1;160.0
115.2;26.8;0.6;64.0
90.7;27.3;0.8;68.0
97.6;27.3;1.0;76.0
106.1;27.9;1.4;212.0
99.0;28.2;1.6;112.0
99.3;28.8;0.6;44.0
98.6;29.0;1.4;168.0
90.2;29.6;1.2;164.0
89.4;30.1;1.3;340.0
8.2;30.5;2.4;228.0
8.2;32.0;2.8;700.0
0.0;32.5;2.0;272.0
8.1;33.2;2.7;384.0
0.0;34.8;1.9;460.0
8.2;36.1;1.0;292.0
0.0;36.9;1.2;208.0
8.2;37.4;1.6;156.0
0.0;38.0;2.4;224.0
0.0;38.6;1.2;100.0
8.2;39.2;1.0;964.0
0.0;40.6;1.3;1140.0
16.4;41.8;1.2;1360.0
0.0;43.1;0.7;1156.0
0.0;44.0;2.0;592.0
0.0;45.6;0.7;1568.0
8.2;46.5;1.9;612.0
0.0;47.3;1.7;244.0
8.2;47.4;1.9;332.0
8.2;48.2;3.5;412.0
0.0;48.9;2.1;196.0
0.0;50.0;2.6;376.0
16.2;51.5;1.5;1376.0
0.0;52.3;2.0;296.0
0.0;53.1;2.2;240.0
0.0;54.2;1.6;784.0
8.1;55.1;1.3;712.0
0.0;56.0;1.5;172.0
15.7;56.5;1.2;128.0
0.0;58.0;2.2;700.0
8.3;59.1;1.2;336.0
8.1;59.5;0.7;296.0
8.1;59.9;0.3;420.0
0.0;61.0;1.4;284.0
8.1;61.5;3.4;208.0
0.0;62.4;2.5;592.0
8.2;62.8;3.3;268.0
8.1;63.9;1.4;312.0
0.0;64.6;1.5;296.0
8.3;65.2;1.2;244.0
8.2;65.5;0.9;88.0
0.0;66.8;2.0;224.0
8.3;67.0;3.0;220.0
0.0;67.6;2.0;132.0
8.1;68.1;1.6;284.0
0.0;65.4;0.7;32.0
0.0;66.1;3.3;1196.0
8.2;67.0;0.6;224.0
8.0;68.0;3.2;260.0
8.0;68.7;0.6;104.0
8.2;70.5;1.0;252.0
0.0;71.3;2.3;364.0
8.1;72.5;1.0;312.0
0.0;73.2;0.4;72.0
16.3;73.8;1.0;260.0
0.0;74.8;1.2;232.0
8.1;75.7;3.0;556.0
0.0;77.2;1.4;152.0
8.3;78.2;1.8;308.0
8.3;78.7;3.9;312.0
7.8;79.2;4.7;176.0
0.0;80.5;3.0;576.0
8.2;81.4;3.0;388.0
8.2;81.9;0.4;28.0
8.2;82.4;0.4;68.0
0.0;82.7;1.0;144.0
8.2;83.1;1.5;76.0
8.1;83.5;0.4;92.0
8.1;83.5;1.2;44.0
0.0;84.2;3.0;252.0
16.5;84.7;3.6;220.0
0.0;85.2;4.5;224.0
0.0;85.7;3.4;220.0
0.0;86.7;3.2;260.0
8.3;88.8;2.0;240.0
8.2;89.0;3.4;172.0
0.0;89.7;2.8;652.0
8.2;90.2;2.4;176.0
0.0;90.6;3.2;216.0
8.2;91.8;1.8;288.0
8.2;92.5;1.8;156.0
0.0;92.8;2.8;124.0
8.2;93.3;2.6;112.0
8.1;93.5;1.8;76.0
0.0;94.0;2.2;88.0
8.2;94.8;2.6;128.0
8.2;95.0;2.6;104.0
0.0;95.8;2.0;184.0
16.5;96.3;2.2;168.0
0.0;96.8;1.2;84.0
8.2;97.3;2.4;128.0
8.3;98.1;2.2;188.0
0.0;98.3;2.6;164.0
0.0;98.8;1.3;68.0
8.1;99.2;3.7;212.0
0.0;99.8;3.4;184.0
8.2;100.1;2.4;140.0
0.0;100.8;3.2;188.0
16.5;102.6;2.2;500.0
0.0;103.1;3.6;160.0
8.2;103.6;2.0;196.0
0.0;103.9;1.5;188.0
8.2;104.2;2.2;112.0
0.0;104.6;2.9;308.0
8.2;105.2;1.9;80.0
8.2;105.9;2.1;872.0
8.2;106.5;2.9;576.0
0.0;107.6;2.2;1104.0
0.0;108.6;1.0;1256.0
8.2;109.2;3.5;200.0
0.0;109.5;2.4;124.0
8.2;109.8;2.8;160.0
0.0;110.9;1.2;296.0
8.2;110.9;0.0;0.0
8.1;110.9;0.0;0.0
8.2;111.2;0.7;576.0
0.0;120.2;0.2;2172.0
98.7;120.8;0.1;524.0
90.0;121.3;1.3;244.0
98.9;121.3;0.7;636.0
90.5;121.9;0.1;1120.0
106.5;122.5;0.8;328.0
90.4;122.7;0.9;260.0
98.5;123.1;1.4;112.0
90.4;123.3;0.9;440.0
90.5;123.6;0.2;396.0
82.3;124.7;1.0;668.0
8.2;125.6;1.1;1300.0
0.0;126.7;2.5;400.0
8.2;127.0;1.9;248.0
0.0;128.1;1.9;740.0
0.0;128.5;3.2;492.0
8.1;129.2;2.3;936.0
8.2;129.9;3.4;532.0
0.0;130.4;1.9;480.0
0.0;131.4;3.2;608.0
8.2;132.0;2.6;628.0
0.0;132.7;2.4;632.0
8.2;133.5;3.4;500.0
0.0;135.1;1.7;1004.0
0.0;136.0;1.7;1628.0
8.2;136.8;0.6;540.0
8.2;137.3;0.0;0.0
8.3;137.6;0.0;0.0
8.2;138.1;0.0;0.0
8.0;138.3;0.2;36.0
8.2;139.1;0.8;256.0
0.0;139.9;0.6;176.0
8.2;140.5;1.6;404.0
8.2;141.1;2.6;244.0
8.2;141.3;0.6;220.0
0.0;142.7;3.2;228.0
8.2;143.5;0.2;12.0
8.2;143.5;0.0;20.0
0.0;143.5;0.0;164.0
8.2;143.5;2.8;136.0
0.0;143.5;2.8;8.0
8.1;144.0;2.8;356.0
0.0;144.7;2.2;924.0
8.2;145.1;1.6;804.0
8.2;145.9;1.4;488.0
8.2;146.5;2.7;788.0
0.0;147.5;3.4;408.0
0.0;148.1;2.4;872.0
8.3;149.0;2.4;688.0
0.0;149.9;1.0;1556.0
8.2;150.7;1.8;880.0
0.0;151.4;2.6;712.0
0.0;152.1;0.8;1032.0
8.3;152.8;1.8;984.0
0.0;153.9;1.6;948.0
0.0;154.3;1.0;1212.0
8.3;155.3;2.4;928.0
0.0;156.4;2.6;436.0
16.3;157.4;0.0;728.0
0.0;157.9;0.4;144.0
8.1;157.9;0.0;0.0
8.2;158.0;0.0;0.0
8.0;158.0;0.0;0.0
16.1;158.0;0.0;4.0
0.0;158.2;0.1;0.0
8.2;158.3;0.0;0.0
8.0;158.3;0.0;0.0
8.2;158.3;0.0;0.0
8.1;158.3;0.0;0.0
8.0;158.3;0.0;0.0
8.2;158.3;0.0;0.0
8.0;158.3;0.0;0.0
8.1;158.3;0.0;0.0
8.2;158.4;1.2;0.0
8.2;158.4;0.4;0.0
8.2;158.4;0.0;0.0
8.1;158.4;0.0;0.0
8.1;158.8;0.0;0.0
8.2;158.8;0.0;0.0
8.0;158.8;0.0;0.0
8.2;158.8;0.0;0.0
8.2;159.1;0.3;4.0
0.0;159.3;0.0;0.0
8.2;159.3;0.0;0.0
8.2;159.7;0.0;0.0
8.2;162.1;0.0;0.0
16.4;190.6;1.9;260.0
0.0;190.6;87.5;0.0
8.2;190.6;84.5;0.0
8.2;190.6;39.2;128.0
8.2;191.2;11.0;56.0
8.1;191.2;39.0;0.0
8.1;191.2;29.8;0.0
8.2;191.2;35.1;0.0
0.0;191.2;34.3;0.0
8.2;191.2;34.2;0.0
8.2;191.2;38.2;0.0
8.0;191.2;39.4;0.0
8.2;191.2;43.0;0.0
8.1;191.2;46.9;0.0
8.2;192.0;44.7;0.0
16.2;222.1;0.3;28.0
0.0;222.7;1.3;124.0
8.2;222.7;0.0;0.0
8.1;222.7;0.0;0.0
8.2;222.7;0.0;0.0
8.1;222.7;0.0;0.0
16.4;222.7;0.0;0.0
8.2;223.0;0.0;0.0
8.1;223.0;0.0;0.0
8.1;223.0;0.2;68.0
8.0;223.0;0.0;0.0
8.2;223.0;0.0;0.0
8.1;223.0;0.2;64.0
8.1;223.0;0.0;0.0
8.2;223.0;0.0;0.0
8.2;223.0;0.2;64.0
8.2;223.0;0.0;0.0
8.1;223.0;0.2;64.0
8.2;223.0;0.0;0.0
8.1;223.0;0.0;0.0
8.1;223.0;0.2;64.0
8.0;223.0;0.0;0.0
8.2;223.0;0.0;0.0
8.1;223.0;0.0;0.0
8.2;223.0;0.0;0.0
8.3;223.0;0.0;0.0
8.2;192.6;0.3;44.0
8.2;192.6;0.0;0.0
8.1;192.6;0.0;0.0
8.2;192.6;0.0;0.0
8.1;192.6;0.0;0.0
8.1;162.1;0.0;0.0
8.2;152.7;0.0;252.0
8.2;0.0;0.0;264.0
0.0;0.0;0.0;0.0
0.0;10.1;1.2;308.0
16.4;17.3;2.1;636.0
82.4;22.4;0.4;60.0
107.0;25.0;1.2;92.0
98.9;25.2;1.6;88.0
90.7;26.2;1.4;244.0
98.8;26.4;0.8;48.0
90.5;27.0;2.0;104.0
90.7;27.5;1.6;296.0
98.7;28.1;1.3;332.0
98.4;28.4;2.0;212.0
74.0;29.5;1.6;520.0
8.3;30.4;2.8;396.0
0.0;31.2;3.1;440.0
7.9;33.8;2.1;688.0
0.0;34.8;1.8;248.0
0.0;35.5;2.2;196.0
8.2;36.1;3.0;236.0
0.0;36.7;0.6;88.0
8.2;37.8;1.0;1224.0
0.0;39.0;1.8;1192.0
8.3;40.7;0.5;1868.0
0.0;41.5;1.4;688.0
0.0;42.9;1.5;736.0
8.1;44.1;1.2;1592.0
0.0;45.4;2.7;320.0
8.2;45.6;1.5;280.0
8.2;46.5;3.3;416.0
0.0;47.2;2.9;248.0
0.0;48.5;2.5;572.0
16.5;49.6;1.6;1180.0
0.0;50.5;2.2;300.0
0.0;51.5;2.2;276.0
8.2;52.7;1.7;852.0
0.0;53.7;1.8;696.0
8.2;54.3;1.1;128.0
8.2;55.9;2.3;592.0
0.0;57.2;1.1;476.0
8.2;57.5;1.2;140.0
16.5;58.0;0.4;832.0
8.2;59.1;2.4;108.0
0.0;59.8;3.5;312.0
8.3;60.6;2.9;592.0
0.0;61.8;2.4;284.0
8.2;62.5;2.1;428.0
8.2;63.1;1.0;116.0
0.0;63.6;1.3;236.0
8.1;64.9;2.4;280.0
0.0;65.4;3.8;196.0
0.0;66.0;1.4;192.0
8.2;66.0;1.7;228.0
0.0;66.3;2.9;1184.0
8.1;67.4;1.0;236.0
8.2;68.4;3.0;224.0
8.0;69.2;0.6;136.0
0.0;71.2;1.4;280.0
8.2;72.3;2.3;436.0
0.0;73.5;0.8;216.0
8.1;73.9;0.6;124.0
8.1;75.2;1.4;388.0
8.1;76.1;1.4;256.0
0.0;77.5;3.2;484.0
8.0;78.2;1.0;196.0
0.0;79.1;2.0;260.0
8.2;79.6;3.3;184.0
0.0;79.8;4.5;88.0
8.3;81.1;2.8;628.0
8.2;82.1;3.0;424.0
0.0;82.5;0.6;28.0
8.3;83.1;0.4;72.0
8.2;83.3;1.0;140.0
8.3;83.8;1.7;168.0
0.0;84.1;0.2;0.0
8.2;84.3;1.8;52.0
8.2;85.1;2.6;284.0
8.2;85.3;3.8;200.0
8.2;85.9;4.1;212.0
0.0;86.4;3.0;200.0
8.3;87.1;2.4;208.0
0.0;87.9;2.8;284.0
8.2;89.4;2.4;100.0
0.0;90.0;1.6;648.0
8.1;90.5;3.4;172.0
0.0;90.9;3.3;204.0
8.2;91.8;3.1;308.0
0.0;93.0;1.6;244.0
8.2;93.4;3.4;128.0
8.1;93.9;2.4;128.0
0.0;94.4;2.6;88.0
8.2;95.1;3.2;168.0
8.2;95.6;2.8;92.0
0.0;96.3;2.4;204.0
8.2;96.8;2.2;116.0
8.2;97.3;2.2;176.0
0.0;98.1;2.0;148.0
8.1;98.8;3.0;212.0
8.1;99.3;2.6;160.0
0.0;99.7;3.0;140.0
8.1;100.2;3.2;216.0
0.0;100.5;3.0;140.0
8.1;101.4;3.0;216.0
0.0;103.1;2.2;472.0
8.2;103.6;3.2;176.0
0.0;104.1;2.4;172.0
8.2;104.3;1.7;164.0
0.0;104.6;1.8;124.0
8.2;105.0;2.2;124.0
0.0;105.7;2.3;276.0
0.0;106.0;2.1;212.0
0.0;106.5;2.3;792.0
8.2;107.4;2.2;876.0
0.0;108.5;2.0;1224.0
0.0;109.4;1.9;832.0
16.4;109.8;3.5;200.0
0.0;110.2;4.0;228.0
0.0;111.3;1.2;272.0
8.1;111.3;0.0;0.0
8.3;111.6;0.9;1588.0
43.7;124.7;0.0;1288.0
98.8;125.5;1.0;616.0
89.7;125.8;0.8;640.0
90.7;126.5;0.4;1140.0
98.6;127.3;1.1;552.0
98.4;127.7;2.7;480.0
90.4;128.1;0.4;504.0
98.7;129.1;0.9;568.0
90.6;129.8;0.8;880.0
98.6;130.4;1.4;592.0
41.0;131.2;1.7;336.0
8.1;132.1;2.6;756.0
0.0;133.0;2.7;540.0
8.2;133.4;3.1;916.0
0.0;134.1;3.5;684.0
0.0;134.8;2.1;432.0
8.2;135.4;2.9;628.0
0.0;136.3;2.6;584.0
8.2;137.0;2.7;528.0
0.0;137.8;2.6;676.0
0.0;139.5;2.6;804.0
8.2;140.2;1.1;1180.0
0.0;141.2;1.5;1232.0
8.2;141.8;0.0;0.0
8.1;142.2;0.0;0.0
8.2;142.5;0.0;0.0
8.2;143.0;0.2;36.0
8.2;143.6;0.4;112.0
8.2;144.5;0.8;320.0
8.2;145.0;1.6;276.0
0.0;145.5;1.4;304.0
0.0;146.1;1.8;84.0
16.4;147.2;3.0;432.0
0.0;147.7;0.6;12.0
8.2;148.2;0.0;0.0
8.3;148.2;0.0;76.0
0.0;148.2;0.4;144.0
8.2;148.2;2.8;108.0
0.0;148.5;3.4;28.0
8.2;149.0;2.6;552.0
0.0;149.7;1.6;1024.0
8.2;150.5;2.2;552.0
0.0;150.9;1.6;768.0
8.3;151.6;3.1;520.0
0.0;152.6;2.6;708.0
8.1;153.2;2.8;548.0
0.0;154.0;1.6;1144.0
0.0;154.9;1.0;1548.0
0.0;155.7;2.4;648.0
0.0;156.1;2.0;584.0
8.3;156.8;0.8;980.0
0.0;157.7;1.6;1016.0
8.2;158.6;1.4;792.0
0.0;159.0;1.2;1260.0
8.2;159.9;2.2;732.0
0.0;161.0;2.5;608.0
8.2;162.2;0.4;732.0
0.0;162.6;0.4;144.0
8.1;162.6;0.0;0.0
8.2;162.9;0.0;0.0
8.1;162.9;0.0;0.0
8.2;162.9;0.0;0.0
16.5;162.9;0.0;4.0
0.0;163.1;0.1;0.0
8.2;163.2;0.0;0.0
8.1;163.2;0.0;0.0
8.2;163.2;0.0;0.0
8.1;163.2;0.0;0.0
8.0;163.2;0.0;0.0
8.3;163.2;0.0;0.0
8.2;163.2;0.0;0.0
8.2;163.3;1.5;0.0
8.2;163.3;0.0;0.0
8.1;163.3;0.0;0.0
8.2;163.3;0.0;0.0
8.1;163.3;0.0;0.0
8.2;163.8;0.0;0.0
8.1;163.8;0.0;0.0
8.2;163.8;0.0;0.0
0.0;166.2;0.3;4.0
8.2;166.2;0.0;0.0
8.2;166.6;0.0;0.0
8.2;197.2;0.0;0.0
8.1;197.4;53.7;260.0
8.1;197.4;62.0;0.0
8.2;197.4;89.4;0.0
8.1;197.6;7.6;128.0
16.4;198.0;26.2;56.0
8.3;198.0;37.8;0.0
8.2;198.0;28.4;0.0
8.2;198.0;36.2;0.0
8.2;198.0;29.4;0.0
8.2;198.0;35.2;0.0
8.1;198.0;34.8;0.0
8.2;198.0;32.2;0.0
8.2;198.0;40.6;0.0
8.2;198.0;41.0;0.0
8.1;198.0;42.2;0.0
0.0;228.7;10.8;0.0
8.2;229.6;1.6;152.0
0.0;229.6;0.0;0.0
8.1;229.6;0.0;0.0
8.2;229.6;0.0;0.0
8.1;229.6;0.0;0.0
8.2;229.6;0.0;0.0
8.1;229.6;0.0;0.0
8.2;229.6;0.0;0.0
8.1;229.6;0.0;0.0
8.2;229.6;0.2;68.0
8.1;229.6;0.0;0.0
8.2;229.6;0.0;0.0
16.2;229.9;0.0;0.0
8.2;229.9;0.2;64.0
8.1;229.9;0.0;0.0
8.2;229.9;0.0;0.0
8.2;229.9;0.2;64.0
8.0;229.9;0.0;0.0
8.2;229.9;0.2;64.0
8.2;229.9;0.0;0.0
8.0;229.9;0.0;0.0
8.2;229.9;0.2;64.0
8.2;229.9;0.0;0.0
8.2;199.4;0.3;44.0
8.2;199.4;0.0;0.0
8.3;199.5;0.0;0.0
8.1;199.5;0.0;0.0
8.2;199.5;0.0;0.0
8.1;199.5;0.0;0.0
8.2;199.5;0.0;0.0
8.1;199.5;0.0;0.0
8.0;199.5;0.0;0.0
8.2;199.5;0.0;0.0
8.2;168.9;0.0;0.0
0.0;0.0;0.0;516.0
16.4;0.0;0.0;0.0
0.0;0.0;0.0;0.0
8.3;9.1;3.9;0.0
0.0;9.2;1.7;124.0
0.0;11.8;2.4;544.0
49.4;23.3;0.2;420.0
107.2;24.8;0.4;8.0
90.7;25.4;1.6;124.0
98.5;26.0;1.6;196.0
89.5;26.3;1.6;144.0
98.7;26.8;0.6;48.0
106.9;27.3;2.0;224.0
90.5;27.8;1.6;216.0
98.6;28.1;0.7;244.0
98.8;28.5;2.2;216.0
41.3;30.1;2.8;700.0
0.0;30.6;1.8;272.0
0.0;31.8;3.3;564.0
0.0;33.9;1.9;508.0
16.2;35.1;1.8;272.0
0.0;35.6;1.6;164.0
8.2;36.1;2.8;232.0
0.0;36.7;1.0;92.0
0.0;37.6;0.9;1120.0
0.0;38.7;1.4;976.0
8.3;39.9;1.1;1736.0
0.0;41.1;1.2;808.0
8.2;42.3;1.6;592.0
8.2;43.7;0.5;1872.0
0.0;44.5;2.3;392.0
8.3;45.5;1.8;356.0
0.0;45.9;2.9;384.0
8.2;46.7;2.6;224.0
0.0;47.2;2.9;252.0
8.3;49.1;2.2;1172.0
0.0;49.8;0.9;560.0
8.0;50.6;3.0;264.0
0.0;52.1;1.7;888.0
8.3;52.9;1.7;440.0
0.0;53.7;1.5;428.0
8.3;54.3;1.1;172.0
8.2;55.6;1.7;524.0
0.0;57.1;1.3;464.0
8.1;57.4;1.4;160.0
8.2;57.6;0.3;552.0
8.2;59.0;1.5;352.0
0.0;59.5;3.0;204.0
8.3;60.5;2.5;584.0
0.0;60.9;3.7;408.0
8.2;62.2;2.0;288.0
0.0;62.9;0.9;192.0
8.2;63.4;1.3;244.0
8.2;64.1;1.6;164.0
8.2;65.1;2.4;260.0
0.0;65.6;3.4;236.0
8.2;66.1;1.4;164.0
0.0;58.7;1.3;156.0
0.0;59.1;3.5;1196.0
8.2;60.3;0.6;224.0
8.2;61.4;3.2;260.0
8.2;61.8;0.4;100.0
8.2;63.9;1.8;280.0
0.0;65.0;1.9;436.0
8.2;66.3;1.2;288.0
8.2;66.9;0.4;184.0
8.2;68.0;1.6;308.0
8.2;68.7;1.6;228.0
0.0;70.3;3.0;480.0
8.1;71.2;1.6;280.0
0.0;71.9;3.1;300.0
8.3;72.4;3.2;84.0
8.2;73.3;4.1;512.0
0.0;74.1;3.2;340.0
7.9;74.9;1.6;272.0
8.2;75.4;0.0;24.0
0.0;75.9;1.4;188.0
8.1;76.3;1.5;72.0
0.0;76.7;0.4;96.0
16.5;76.7;0.2;12.0
0.0;77.1;3.0;148.0
8.2;77.6;2.0;220.0
0.0;77.9;2.6;136.0
0.0;78.2;2.7;164.0
8.3;78.7;4.4;200.0
0.0;79.6;2.4;224.0
8.1;80.1;3.0;336.0
0.0;82.0;2.0;80.0
8.2;82.6;2.2;660.0
0.0;83.1;3.8;212.0
8.2;83.8;3.6;228.0
0.0;85.1;2.6;344.0
8.2;85.7;2.4;176.0
8.3;86.2;3.8;156.0
0.0;86.7;2.0;112.0
8.3;87.2;2.8;108.0
8.2;88.0;3.2;148.0
0.0;88.5;3.0;196.0
8.1;89.0;2.0;104.0
8.2;89.7;2.4;220.0
0.0;90.2;2.0;92.0
0.0;91.1;2.8;228.0
8.2;91.9;3.4;228.0
0.0;92.3;3.0;128.0
8.2;92.7;3.0;180.0
8.2;93.1;3.6;204.0
8.2;93.9;2.4;180.0
0.0;95.7;2.8;496.0
8.1;96.2;3.0;160.0
0.0;96.6;2.6;188.0
8.1;96.9;1.7;148.0
8.2;97.2;1.8;140.0
0.0;97.6;2.6;132.0
0.0;98.3;2.7;292.0
8.2;98.7;1.4;288.0
8.2;99.4;2.4;724.0
0.0;100.1;3.0;900.0
0.0;101.4;1.1;1512.0
8.2;102.1;2.6;536.0
0.0;102.5;2.9;164.0
8.2;102.9;3.4;184.0
0.0;104.0;1.6;304.0
8.2;104.0;0.0;0.0
8.2;104.3;1.0;724.0
8.2;111.4;0.0;2024.0
82.2;118.0;0.0;244.0
98.6;118.2;0.4;468.0
98.9;118.5;1.4;160.0
98.7;118.5;0.0;496.0
86.1;118.5;0.3;36.0
90.7;119.2;0.1;1120.0
90.5;119.8;0.8;328.0
99.1;120.0;0.5;236.0
90.6;120.0;0.8;52.0
82.1;120.4;1.7;416.0
0.0;121.9;1.3;1072.0
0.0;122.9;1.2;1400.0
8.2;124.1;2.7;408.0
0.0;124.5;2.4;756.0
16.4;125.7;2.8;532.0
0.0;126.1;3.2;924.0
0.0;126.8;3.1;664.0
0.0;127.6;2.9;588.0
0.0;128.6;3.6;588.0
16.4;129.1;1.7;508.0
0.0;129.9;2.9;608.0
0.0;130.5;3.0;616.0
8.2;132.4;2.1;1172.0
0.0;133.3;1.7;1592.0
0.0;134.2;0.6;412.0
8.1;134.6;0.0;0.0
8.2;135.2;0.0;0.0
8.2;135.4;0.0;0.0
8.0;135.9;0.2;36.0
8.2;136.5;0.8;256.0
8.2;137.2;1.0;240.0
0.0;138.1;1.8;468.0
8.3;138.5;2.4;132.0
8.1;139.4;0.4;204.0
8.2;140.1;3.0;228.0
8.2;140.8;0.2;12.0
8.2;140.9;0.0;64.0
0.0;140.9;1.4;188.0
0.0;140.9;1.8;76.0
8.2;141.1;4.6;272.0
8.2;142.1;2.8;1008.0
0.0;142.9;1.8;804.0
8.2;143.3;1.4;504.0
0.0;143.8;2.3;728.0
8.2;144.6;3.0;364.0
8.3;145.4;2.8;956.0
0.0;146.3;2.6;692.0
8.3;147.1;1.0;1756.0
0.0;148.3;2.6;1084.0
0.0;149.2;2.6;1296.0
0.0;150.3;1.8;1220.0
8.2;151.4;1.8;1204.0
0.0;152.3;2.4;948.0
8.2;153.5;1.6;1080.0
0.0;154.3;1.8;648.0
8.2;155.1;0.4;192.0
0.0;155.5;0.0;132.0
8.2;155.5;0.0;0.0
8.0;155.5;0.0;0.0
16.1;155.7;0.0;4.0
8.1;155.7;0.1;0.0
8.0;155.8;0.0;0.0
8.2;155.8;0.0;0.0
8.1;155.8;0.0;0.0
8.2;155.8;0.0;0.0
8.1;155.8;0.0;0.0
16.4;155.9;1.5;0.0
0.0;155.9;0.0;0.0
8.2;155.9;0.0;0.0
8.0;155.9;0.0;0.0
8.2;155.9;0.0;0.0
8.0;156.3;0.0;0.0
8.1;156.3;0.0;0.0
8.2;156.3;0.0;0.0
8.1;156.3;0.0;0.0
16.4;156.7;0.3;4.0
8.2;157.1;0.0;0.0
8.1;157.1;0.0;0.0
8.1;187.8;0.2;16.0
8.1;188.1;65.3;244.0
8.2;188.1;55.6;0.0
8.2;188.1;82.1;0.0
0.0;188.1;9.9;128.0
16.4;188.5;7.2;56.0
0.0;188.5;23.0;0.0
8.2;188.5;33.6;0.0
8.1;188.5;28.6;0.0
8.1;188.5;37.0;0.0
8.1;188.5;36.6;0.0
8.2;188.5;34.8;0.0
8.2;188.5;31.8;0.0
8.2;188.5;38.6;0.0
8.1;188.5;39.0;0.0
8.2;188.5;43.0;0.0
8.1;195.0;42.4;0.0
16.2;219.5;0.4;28.0
0.0;220.1;1.2;124.0
16.4;220.1;0.0;0.0
8.2;220.1;0.0;0.0
8.0;220.3;0.0;0.0
8.1;220.3;0.0;0.0
8.2;220.3;0.0;0.0
8.2;220.3;0.2;68.0
8.1;220.3;0.0;0.0
8.2;220.3;0.0;0.0
8.0;220.3;0.2;64.0
8.0;220.3;0.0;0.0
8.1;220.3;0.0;0.0
8.1;220.3;0.2;64.0
8.1;220.3;0.0;0.0
8.0;220.3;0.2;64.0
8.1;220.3;0.0;0.0
8.0;220.3;0.0;0.0
8.2;220.3;0.0;0.0
8.1;220.3;0.2;64.0
8.2;220.3;0.0;0.0
8.1;220.3;0.0;0.0
8.2;220.3;0.0;0.0
8.2;190.0;0.3;44.0
8.2;190.0;0.0;0.0
8.2;190.1;0.0;0.0
8.1;190.1;0.0;0.0
8.2;190.1;0.0;0.0
8.1;190.1;0.0;0.0
8.2;190.1;0.0;0.0
8.1;190.1;0.0;0.0
16.2;190.1;0.0;0.0
8.2;190.1;0.0;0.0
8.1;158.5;0.0;68.0
0.0;0.0;0.0;448.0
0.0;0.0;0.0;0.0
32.8;21.2;0.7;544.0
90.7;23.3;1.2;128.0
99.0;23.3;0.8;60.0
98.9;23.3;0.6;32.0
90.8;24.0;1.8;224.0
98.9;24.5;1.0;88.0
98.9;24.8;1.6;52.0
90.5;25.6;1.4;324.0
90.5;26.1;2.1;360.0
90.4;26.7;2.0;236.0
57.3;27.6;1.6;528.0
0.0;28.4;2.6;360.0
8.2;29.2;2.9;440.0
0.0;31.7;2.3;672.0
8.2;32.8;1.6;264.0
8.1;33.5;2.0;180.0
0.0;34.1;3.0;248.0
8.3;34.7;1.2;100.0
0.0;36.1;1.1;1624.0
8.2;37.2;1.7;1240.0
0.0;38.9;0.8;1728.0
8.1;40.1;1.8;552.0
0.0;41.7;0.9;1612.0
0.0;42.8;2.5;724.0
8.2;43.5;2.0;384.0
8.3;44.0;3.1;384.0
0.0;45.1;3.1;288.0
8.2;45.7;2.8;392.0
0.0;47.5;1.7;1376.0
8.1;48.4;2.4;304.0
8.2;49.2;2.0;252.0
0.0;50.3;1.6;836.0
8.2;51.4;1.7;704.0
0.0;52.0;0.9;108.0
8.3;52.8;2.1;436.0
8.2;54.0;1.5;400.0
0.0;55.4;1.4;344.0
16.2;55.6;0.5;616.0
0.0;57.1;2.3;404.0
8.3;57.5;3.4;196.0
0.0;58.6;2.4;684.0
8.2;59.7;3.0;300.0
0.0;60.3;2.3;436.0
8.2;61.0;0.8;108.0
8.2;61.5;1.3;244.0
0.0;62.8;2.6;280.0
0.0;63.3;4.0;292.0
8.2;63.9;1.4;100.0
8.2;60.7;1.5;224.0
8.1;60.9;3.2;1196.0
0.0;62.0;0.8;224.0
8.2;63.0;3.0;260.0
8.1;63.5;0.6;32.0
8.2;64.4;1.1;232.0
0.0;65.9;1.3;116.0
8.2;67.0;1.3;436.0
8.2;68.3;1.0;288.0
0.0;68.4;0.2;0.0
8.2;69.5;1.6;440.0
8.2;70.5;0.8;148.0
0.0;71.0;3.2;540.0
0.0;72.4;1.0;88.0
0.0;73.5;2.0;328.0
8.2;74.2;3.9;276.0
0.0;74.7;4.7;180.0
8.3;75.7;2.8;572.0
0.0;76.7;3.0;388.0
8.2;77.2;0.4;28.0
8.1;77.5;0.6;160.0
8.0;77.9;1.0;60.0
0.0;78.7;1.7;160.0
8.2;78.7;0.0;0.0
8.2;78.8;2.4;100.0
0.0;79.6;3.0;292.0
8.2;80.1;3.6;172.0
0.0;80.4;4.3;216.0
8.3;80.9;2.8;212.0
0.0;82.1;3.0;268.0
8.2;84.0;1.8;224.0
0.0;84.2;3.2;144.0
8.2;84.9;2.8;648.0
0.0;85.4;2.8;212.0
8.2;86.1;3.4;208.0
0.0;87.0;1.4;288.0
8.2;87.6;2.6;164.0
0.0;88.2;3.6;152.0
8.3;88.7;2.2;108.0
8.3;89.3;2.8;108.0
0.0;90.0;3.4;164.0
8.2;90.5;3.2;232.0
8.2;91.3;1.6;76.0
8.2;92.0;2.4;196.0
0.0;92.3;2.0;116.0
8.2;93.3;2.6;236.0
0.0;94.0;3.4;196.0
8.2;94.3;3.0;128.0
8.1;94.6;2.8;180.0
0.0;95.2;3.6;192.0
8.2;96.0;2.8;196.0
0.0;97.8;3.0;520.0
8.2;98.2;3.2;156.0
0.0;98.7;2.2;204.0
8.2;98.9;1.5;124.0
8.2;99.2;1.8;148.0
0.0;99.6;2.4;100.0
8.2;100.4;2.9;300.0
8.1;100.8;1.8;316.0
0.0;101.3;2.2;712.0
8.2;102.0;3.0;884.0
0.0;103.3;0.9;1516.0
0.0;104.1;3.0;540.0
8.2;104.6;4.3;256.0
0.0;105.9;3.2;388.0
8.2;105.9;0.0;0.0
8.2;105.9;0.5;468.0
8.1;109.2;0.4;2280.0
89.6;113.7;0.1;396.0
90.8;114.0;0.7;332.0
98.8;115.0;1.4;1504.0
90.6;115.8;1.1;708.0
99.0;116.1;2.2;308.0
90.8;116.6;0.9;812.0
90.6;117.8;1.0;780.0
90.6;118.5;1.0;920.0
90.8;119.0;1.6;416.0
99.0;119.9;1.4;276.0
0.0;121.0;2.4;740.0
0.0;121.6;3.2;560.0
8.2;122.0;3.0;916.0
8.2;123.0;3.5;696.0
0.0;123.7;3.3;780.0
8.2;124.8;3.4;532.0
0.0;125.5;2.8;664.0
0.0;126.1;1.8;704.0
8.2;127.9;3.4;636.0
8.2;128.9;1.5;1456.0
0.0;129.9;1.5;1260.0
0.0;130.4;0.0;0.0
8.2;130.9;0.0;0.0
8.1;131.2;0.0;0.0
8.2;131.7;0.2;36.0
8.2;132.2;0.4;104.0
8.2;133.2;0.7;280.0
8.2;133.7;1.5;324.0
0.0;134.3;2.4;332.0
8.2;134.7;1.0;56.0
8.2;136.1;3.4;432.0
8.0;136.6;0.2;12.0
8.2;136.9;0.0;16.0
0.0;136.9;0.0;168.0
0.0;136.9;3.2;144.0
8.0;136.9;2.8;12.0
0.0;137.4;2.6;364.0
0.0;138.3;2.2;1228.0
8.1;139.2;2.2;552.0
8.1;139.5;2.4;816.0
0.0;140.3;2.9;572.0
0.0;141.6;2.8;896.0
8.1;142.1;3.0;416.0
8.2;143.1;1.2;1840.0
0.0;144.0;1.8;1068.0
8.2;145.1;3.2;936.0
0.0;146.2;1.8;1400.0
0.0;147.1;1.6;1256.0
8.2;147.7;1.4;1316.0
0.0;148.7;2.4;972.0
8.3;150.1;2.7;372.0
0.0;150.8;0.0;728.0
8.1;151.3;0.4;144.0
8.2;151.5;0.0;0.0
8.2;151.7;0.1;4.0
8.2;151.7;0.0;0.0
8.2;151.8;0.0;0.0
8.1;151.8;0.0;0.0
8.2;151.8;0.0;0.0
8.1;151.8;0.0;0.0
8.2;151.8;0.0;0.0
8.1;151.8;0.0;0.0
8.0;151.8;0.0;0.0
16.3;151.9;1.5;0.0
0.0;151.9;0.0;0.0
16.4;151.9;0.0;0.0
8.2;151.9;0.0;0.0
8.1;152.3;0.0;0.0
8.0;152.3;0.0;0.0
8.2;152.3;0.0;0.0
8.1;152.6;0.3;8.0
8.1;152.8;0.0;0.0
8.1;153.1;0.0;0.0
8.2;175.8;0.0;0.0
8.2;184.0;40.3;260.0
8.1;184.0;87.2;0.0
8.0;184.0;85.8;128.0
8.2;184.5;7.2;40.0
0.0;184.5;28.4;16.0
8.2;184.5;42.4;0.0
8.1;184.5;31.6;0.0
8.1;184.5;39.8;0.0
8.2;184.5;39.2;0.0
16.2;184.5;37.8;0.0
8.2;184.5;35.0;0.0
8.0;184.5;40.6;0.0
8.2;184.5;41.0;0.0
8.2;184.5;34.6;0.0
8.1;205.9;18.4;0.0
8.3;215.7;1.2;140.0
8.1;216.1;0.4;12.0
8.1;216.1;0.0;0.0
8.2;216.1;0.0;0.0
8.1;216.1;0.0;0.0
8.2;216.1;0.0;0.0
8.1;216.4;0.0;0.0
8.2;216.4;0.0;0.0
8.1;216.4;0.2;68.0
8.1;216.4;0.0;0.0
8.2;216.4;0.0;0.0
8.1;216.4;0.0;0.0
8.2;216.4;0.2;64.0
8.2;216.4;0.0;0.0
16.4;216.4;0.2;64.0
8.1;216.4;0.0;0.0
8.2;216.4;0.2;64.0
8.1;216.4;0.0;0.0
8.2;216.4;0.0;0.0
6.4;216.4;0.0;0.0
8.2;216.4;0.2;64.0
8.1;216.4;0.0;0.0
8.2;216.4;0.0;0.0
8.1;216.4;0.0;0.0
8.2;216.4;0.0;0.0
8.2;186.0;0.3;44.0
8.1;186.0;0.0;0.0
16.5;186.0;0.0;0.0
8.2;186.0;0.0;0.0
8.2;186.1;0.0;0.0
8.1;186.1;0.0;0.0
8.0;186.0;0.0;0.0
8.1;186.0;0.0;0.0
8.2;186.0;0.0;0.0
8.1;186.0;0.0;0.0
8.0;155.5;0.0;0.0
16.5;150.6;0.0;104.0
0.0;0.0;0.0;412.0
0.0;0.0;0.0;0.0
