0.0;11.9;2.4;600.0
49.6;21.3;0.1;292.0
98.4;22.9;0.8;28.0
98.8;23.4;1.2;108.0
98.9;24.1;2.2;232.0
90.7;24.6;1.2;108.0
98.2;24.9;0.6;52.0
90.7;25.4;2.0;216.0
106.5;25.9;1.4;216.0
98.9;26.1;0.9;244.0
90.4;26.5;1.8;132.0
41.2;27.4;1.0;496.0
0.0;28.6;3.2;412.0
8.2;29.4;3.5;532.0
0.0;31.9;2.3;688.0
8.2;32.9;1.8;256.0
0.0;33.6;1.6;180.0
8.2;34.1;2.6;220.0
0.0;34.7;1.0;96.0
0.0;35.6;1.3;1132.0
0.0;36.7;1.6;1000.0
8.2;38.3;0.7;1752.0
0.0;39.1;1.3;1076.0
8.2;40.3;1.6;464.0
0.0;42.0;0.5;1860.0
0.0;42.8;2.8;244.0
8.2;43.5;1.2;332.0
0.0;43.9;2.1;364.0
8.3;44.5;3.4;244.0
0.0;45.2;2.5;248.0
8.3;46.6;2.2;1108.0
0.0;47.8;1.5;628.0
8.3;48.6;2.8;300.0
8.2;49.7;1.5;852.0
0.0;50.9;1.9;456.0
0.0;51.8;1.6;424.0
8.2;52.3;1.2;160.0
8.3;54.0;2.2;712.0
8.1;55.1;1.0;320.0
0.0;55.4;1.0;116.0
8.2;56.0;0.4;832.0
8.1;57.0;2.2;108.0
0.0;57.5;3.6;240.0
0.0;58.5;2.2;648.0
8.2;59.7;3.0;292.0
0.0;60.4;2.1;408.0
8.2;61.0;0.8;136.0
8.1;61.5;1.5;176.0
0.0;62.8;2.2;296.0
8.2;63.3;3.2;220.0
8.2;63.6;1.8;132.0
0.0;64.1;1.6;284.0
8.2;59.6;0.7;32.0
0.0;59.8;2.8;1184.0
8.2;60.8;1.0;236.0
8.1;61.8;3.0;224.0
8.2;62.4;0.2;48.0
0.0;62.9;0.8;124.0
0.0;64.7;1.4;244.0
8.1;65.9;1.9;436.0
8.2;67.2;1.0;288.0
8.1;67.3;0.4;144.0
0.0;68.7;1.4;296.0
16.5;69.7;2.6;356.0
0.0;71.2;2.4;404.0
8.3;72.1;1.6;280.0
8.3;72.8;3.5;312.0
0.0;73.2;4.1;96.0
8.2;74.5;3.4;592.0
0.0;75.2;3.4;456.0
8.2;75.9;0.8;52.0
8.2;76.2;0.2;68.0
0.0;76.7;1.2;144.0
8.2;77.2;1.5;76.0
0.0;77.5;0.4;92.0
8.2;77.5;1.0;40.0
8.2;78.2;3.2;256.0
0.0;78.7;3.0;196.0
8.2;79.1;2.9;152.0
0.0;79.4;4.2;196.0
8.2;79.9;2.6;184.0
8.3;81.1;3.2;288.0
0.0;82.8;1.6;184.0
8.3;83.3;2.8;308.0
0.0;83.7;2.8;500.0
8.3;84.4;2.7;200.0
0.0;85.2;4.1;304.0
0.0;86.1;1.2;288.0
8.2;86.5;2.4;100.0
0.0;87.0;3.4;124.0
8.2;87.5;1.2;72.0
8.1;87.8;2.6;104.0
0.0;88.6;2.6;136.0
8.3;89.1;3.4;120.0
8.2;89.8;2.2;188.0
0.0;90.3;1.8;100.0
8.2;90.8;1.8;156.0
8.2;91.3;2.0;160.0
8.3;92.1;2.6;188.0
8.2;92.8;3.0;180.0
0.0;93.1;2.9;136.0
8.2;93.5;2.7;152.0
0.0;94.0;3.6;204.0
8.2;94.8;3.2;224.0
8.2;96.6;2.8;512.0
0.0;97.0;2.6;128.0
8.2;97.5;2.6;188.0
0.0;97.7;1.6;140.0
8.2;98.0;1.5;120.0
0.0;98.4;2.4;140.0
8.2;99.0;2.5;284.0
0.0;99.5;2.2;248.0
8.2;100.0;2.0;760.0
8.2;100.9;2.4;876.0
0.0;102.1;2.0;1324.0
8.2;102.9;2.3;752.0
0.0;103.5;4.1;216.0
0.0;104.0;3.8;220.0
8.1;104.8;0.4;244.0
8.2;104.8;0.0;0.0
16.4;104.9;0.5;468.0
0.0;106.2;0.4;2152.0
73.6;114.8;0.1;652.0
99.1;115.3;1.1;220.0
90.6;115.7;1.0;1004.0
90.6;116.5;0.2;956.0
107.3;116.8;0.9;364.0
89.7;116.8;0.8;60.0
82.2;117.2;1.0;88.0
107.1;117.5;1.1;576.0
90.7;118.2;0.6;672.0
90.1;118.8;1.1;404.0
16.4;120.0;0.9;1200.0
8.2;121.1;2.6;384.0
0.0;122.0;2.6;748.0
16.5;122.6;3.4;580.0
0.0;122.9;2.4;880.0
0.0;124.0;3.7;704.0
0.0;124.7;2.7;708.0
8.3;125.5;3.4;544.0
0.0;126.2;2.8;540.0
0.0;127.0;2.0;856.0
8.2;128.6;3.2;580.0
0.0;129.5;1.8;1204.0
0.0;130.8;1.6;1600.0
8.2;131.0;0.2;0.0
8.2;131.5;0.0;0.0
8.1;132.0;0.0;0.0
8.2;132.3;0.0;0.0
8.2;132.5;0.2;36.0
16.3;133.1;0.8;128.0
0.0;133.9;0.6;304.0
8.2;134.4;1.4;376.0
0.0;135.3;2.2;256.0
0.0;135.5;1.0;32.0
8.2;136.9;3.4;432.0
8.1;137.4;0.2;12.0
8.0;137.7;0.0;16.0
8.2;137.7;0.0;164.0
0.0;137.7;2.8;140.0
8.2;137.7;3.0;16.0
0.0;138.2;3.2;376.0
8.2;139.1;1.8;1220.0
0.0;139.7;2.0;516.0
8.3;140.3;1.4;792.0
0.0;140.9;3.5;540.0
8.2;142.0;2.6;700.0
0.0;142.6;3.0;548.0
8.3;143.6;1.8;1428.0
0.0;144.3;0.7;1520.0
0.0;145.2;2.3;328.0
8.2;145.9;2.4;856.0
0.0;147.0;1.4;1268.0
0.0;148.0;1.4;1248.0
8.2;148.6;1.6;1276.0
0.0;149.4;2.5;828.0
8.3;150.5;2.1;548.0
0.0;151.1;0.7;584.0
8.1;152.3;0.4;304.0
8.2;152.3;0.0;0.0
8.2;152.4;0.0;0.0
8.1;152.4;0.0;0.0
8.2;152.4;0.0;0.0
8.1;152.4;0.0;4.0
8.2;152.5;0.1;0.0
8.2;152.6;0.0;0.0
8.1;152.6;0.0;0.0
8.2;152.6;0.0;0.0
8.1;152.6;0.0;0.0
8.2;152.6;0.0;0.0
8.3;152.6;0.0;0.0
8.2;152.7;1.3;0.0
8.2;152.7;0.2;0.0
8.2;152.7;0.0;0.0
8.1;152.7;0.0;0.0
8.2;152.7;0.0;0.0
8.1;152.7;0.0;0.0
0.0;153.1;0.0;0.0
8.2;153.1;0.0;0.0
8.1;153.1;0.0;0.0
0.0;153.6;0.3;4.0
8.2;155.6;0.0;0.0
8.2;156.0;0.0;0.0
8.1;156.1;0.0;0.0
16.5;186.9;1.6;260.0
0.0;186.9;84.7;0.0
8.2;186.9;86.8;0.0
16.4;187.1;39.6;128.0
8.3;187.3;21.2;56.0
8.2;187.3;28.8;0.0
8.2;187.3;28.0;0.0
8.2;187.3;31.4;0.0
8.3;187.3;39.6;0.0
8.2;187.3;34.4;0.0
8.2;187.3;31.4;0.0
8.2;187.3;36.8;0.0
8.2;187.3;40.0;0.0
8.1;187.3;39.2;0.0
8.0;214.8;24.8;0.0
8.3;218.5;1.2;140.0
0.0;219.0;0.4;12.0
8.2;219.0;0.0;0.0
8.1;219.0;0.0;0.0
8.2;219.0;0.0;0.0
8.1;219.0;0.0;0.0
8.2;219.0;0.0;0.0
8.1;219.0;0.0;0.0
8.2;219.3;0.0;0.0
16.1;219.3;0.0;0.0
8.3;219.3;0.2;68.0
8.1;219.3;0.0;0.0
8.2;219.3;0.0;0.0
8.2;219.3;0.2;64.0
8.2;219.3;0.0;0.0
8.1;219.3;0.2;64.0
8.2;219.3;0.0;0.0
8.1;219.3;0.2;64.0
8.2;219.3;0.0;0.0
8.0;219.3;0.0;0.0
8.2;219.3;0.2;64.0
8.2;219.3;0.0;0.0
16.4;188.8;0.3;44.0
8.2;188.8;0.0;0.0
8.1;188.9;0.0;0.0
8.2;188.9;0.0;0.0
8.0;188.9;0.0;0.0
8.2;188.9;0.0;0.0
8.1;158.4;0.0;0.0
16.3;157.6;0.0;96.0
0.0;0.0;0.0;420.0
0.0;0.0;0.0;0.0
0.0;9.1;3.0;0.0
0.0;9.2;1.7;124.0
8.2;11.8;2.4;544.0
40.9;25.3;0.2;364.0
90.2;26.8;1.0;128.0
90.6;27.4;0.6;24.0
107.2;27.4;1.6;88.0
97.3;28.0;1.0;184.0
90.3;28.3;0.6;80.0
98.8;28.5;0.6;28.0
98.9;28.8;1.6;52.0
98.3;29.1;0.4;160.0
98.5;29.6;1.4;188.0
40.9;30.1;1.5;332.0
8.2;31.0;2.5;328.0
8.2;32.2;2.3;612.0
0.0;32.6;2.0;244.0
8.2;33.4;2.5;384.0
0.0;36.0;2.3;688.0
8.2;36.8;1.6;188.0
0.0;37.5;1.6;188.0
8.3;38.0;1.8;200.0
0.0;38.3;2.0;176.0
0.0;38.9;0.8;24.0
0.0;40.0;0.9;1516.0
8.3;41.1;1.7;892.0
0.0;42.7;0.5;1652.0
8.2;43.5;1.2;876.0
0.0;44.5;1.6;464.0
0.0;46.1;0.5;1864.0
8.2;46.9;2.8;320.0
8.2;47.6;1.4;264.0
0.0;48.0;2.5;368.0
8.3;48.8;3.0;240.0
0.0;49.3;2.3;232.0
8.2;50.4;1.7;328.0
0.0;51.5;1.4;1288.0
8.1;52.4;2.4;304.0
8.2;53.4;2.2;276.0
0.0;54.6;1.7;852.0
8.1;55.4;1.4;664.0
0.0;56.0;0.9;108.0
8.3;56.5;1.8;160.0
8.2;58.1;1.8;676.0
0.0;59.5;1.4;344.0
8.2;59.6;0.5;616.0
8.2;60.2;0.9;340.0
8.2;61.6;3.0;216.0
0.0;62.6;3.1;596.0
8.3;63.0;3.7;412.0
8.3;64.3;2.0;272.0
0.0;65.0;0.9;208.0
8.2;65.5;1.3;244.0
0.0;66.1;1.6;164.0
8.3;67.2;2.4;260.0
8.1;67.7;3.6;240.0
0.0;68.2;1.2;160.0
8.2;63.4;1.3;156.0
0.0;63.6;3.4;1196.0
0.0;64.8;0.6;224.0
16.5;65.7;3.0;260.0
0.0;66.5;0.6;32.0
8.2;68.4;1.8;348.0
8.1;69.6;1.9;436.0
8.2;70.9;1.0;256.0
8.2;71.0;0.4;84.0
0.0;72.4;1.4;388.0
8.2;73.3;1.4;256.0
7.9;74.7;3.6;504.0
8.2;75.4;0.6;176.0
8.3;76.1;2.4;284.0
0.0;76.7;3.7;180.0
8.2;77.7;4.7;428.0
0.0;78.5;2.6;356.0
8.1;79.4;2.6;352.0
8.2;79.7;0.2;12.0
8.2;80.4;1.0;200.0
8.1;80.8;0.9;40.0
0.0;81.2;1.4;140.0
8.2;81.2;0.0;0.0
8.2;81.6;3.4;164.0
0.0;82.1;3.0;252.0
8.3;82.6;3.6;216.0
0.0;83.1;4.3;208.0
8.1;84.0;2.8;260.0
0.0;84.7;3.0;212.0
0.0;86.5;2.0;196.0
8.2;87.1;2.4;672.0
8.1;87.6;3.2;176.0
8.2;88.0;3.5;204.0
0.0;89.1;3.1;312.0
0.0;90.0;1.4;232.0
8.2;90.4;3.2;128.0
0.0;90.9;2.8;124.0
8.2;91.2;1.6;76.0
8.2;91.7;2.6;92.0
8.3;92.5;3.2;156.0
8.1;93.0;3.2;200.0
0.0;93.6;1.6;108.0
8.2;94.4;2.4;196.0
8.3;94.9;2.2;132.0
8.2;95.6;2.2;180.0
0.0;96.1;3.2;224.0
0.0;96.6;2.8;100.0
8.2;97.1;3.0;188.0
0.0;97.6;3.2;184.0
16.5;98.5;3.2;212.0
0.0;100.1;2.8;516.0
0.0;100.7;3.2;160.0
8.2;101.0;2.4;188.0
8.2;101.4;1.8;140.0
0.0;101.7;1.5;120.0
8.1;102.0;2.2;132.0
0.0;102.6;2.7;292.0
8.2;103.0;2.1;216.0
8.2;103.8;2.5;812.0
0.0;104.6;2.6;896.0
0.0;105.8;1.4;1284.0
8.2;106.7;2.7;772.0
0.0;107.1;2.5;152.0
8.2;107.5;3.6;196.0
0.0;108.6;1.8;312.0
16.3;108.6;0.0;0.0
8.3;108.6;0.2;40.0
0.0;109.9;0.8;2084.0
41.1;115.9;0.0;624.0
90.3;120.9;0.6;728.0
98.5;121.1;1.4;672.0
98.9;121.8;0.2;1124.0
98.1;122.6;1.1;416.0
98.9;122.6;1.4;224.0
90.7;123.4;1.7;756.0
99.0;124.0;0.4;536.0
98.6;124.8;1.2;708.0
90.7;125.5;0.8;880.0
38.8;126.1;2.0;232.0
8.2;126.8;2.1;444.0
0.0;127.9;2.5;736.0
8.2;128.4;3.2;600.0
0.0;129.3;3.3;900.0
0.0;130.0;3.3;792.0
0.0;130.7;2.9;596.0
8.2;131.6;2.6;632.0
0.0;132.2;3.0;548.0
8.2;133.0;2.7;672.0
0.0;134.7;2.4;964.0
8.2;135.8;1.8;1456.0
8.2;136.6;0.6;780.0
8.2;137.1;0.0;0.0
8.2;137.3;0.0;0.0
8.2;137.8;0.0;0.0
8.2;138.1;0.2;36.0
8.2;138.9;0.8;128.0
0.0;139.7;0.6;304.0
8.1;140.3;1.6;376.0
0.0;140.9;2.6;272.0
8.2;141.1;0.6;220.0
8.2;142.4;3.2;228.0
8.2;143.2;0.2;12.0
8.2;143.3;0.0;12.0
0.0;143.3;0.0;176.0
0.0;143.3;3.2;140.0
8.2;143.5;3.4;28.0
0.0;144.0;2.6;700.0
8.2;144.9;2.0;1288.0
0.0;145.5;1.8;140.0
8.2;146.1;2.5;876.0
8.2;146.8;3.0;512.0
0.0;147.8;2.6;1008.0
8.2;148.4;2.8;288.0
0.0;149.3;1.4;1680.0
0.0;150.4;1.6;1224.0
0.0;151.1;3.2;880.0
8.2;152.2;1.2;1448.0
0.0;153.5;2.0;1208.0
8.2;154.2;1.4;1340.0
0.0;155.0;2.6;672.0
8.2;156.1;2.1;708.0
8.2;157.3;0.7;744.0
0.0;157.8;0.4;144.0
8.1;157.8;0.0;0.0
8.2;158.0;0.0;0.0
8.1;158.0;0.0;0.0
8.2;158.0;0.0;0.0
8.2;158.0;0.0;4.0
8.1;158.1;0.1;0.0
8.2;158.2;0.0;0.0
8.1;158.2;0.0;0.0
8.2;158.2;0.0;0.0
8.1;158.2;0.0;0.0
8.2;158.2;0.0;0.0
8.1;158.2;0.0;0.0
8.2;158.2;0.0;0.0
8.0;158.2;0.0;0.0
8.2;158.2;0.0;0.0
16.3;158.3;1.5;0.0
0.0;158.3;0.0;0.0
16.2;158.3;0.0;0.0
8.3;158.3;0.0;0.0
8.1;158.3;0.0;0.0
8.2;158.6;0.0;0.0
8.1;158.6;0.0;0.0
8.2;158.6;0.0;0.0
8.1;158.6;0.0;0.0
0.0;159.0;0.3;4.0
8.2;159.1;0.0;0.0
8.2;159.5;0.0;0.0
8.2;159.7;0.0;0.0
16.5;190.4;1.4;188.0
8.2;190.4;79.1;72.0
8.0;190.4;92.6;0.0
0.0;190.6;39.6;128.0
8.2;191.0;14.4;56.0
8.2;191.0;30.4;0.0
8.2;191.0;26.0;0.0
8.1;191.0;25.6;0.0
8.1;191.0;32.6;0.0
8.2;191.0;36.2;0.0
8.1;191.0;34.6;0.0
8.2;191.0;14.2;0.0
8.2;191.0;28.4;0.0
8.3;191.0;38.4;0.0
8.1;191.0;40.0;0.0
8.2;191.0;42.0;0.0
8.2;205.9;32.0;0.0
8.2;222.2;0.8;124.0
8.2;222.6;0.8;28.0
8.2;222.6;0.0;0.0
8.1;222.6;0.0;0.0
8.3;222.6;0.0;0.0
8.2;222.6;0.0;0.0
8.1;222.6;0.0;0.0
8.0;222.6;0.0;0.0
8.1;222.6;0.0;0.0
8.2;222.6;0.0;0.0
8.2;222.6;0.2;68.0
8.1;222.6;0.0;0.0
8.2;222.6;0.0;0.0
8.1;222.9;0.2;64.0
8.2;222.9;0.0;0.0
8.1;222.9;0.0;0.0
8.1;222.9;0.2;64.0
8.2;222.9;0.0;0.0
16.4;222.9;0.2;64.0
8.3;222.9;0.0;0.0
8.2;222.9;0.0;0.0
8.2;222.9;0.2;64.0
8.1;222.9;0.0;0.0
8.2;222.9;0.0;0.0
8.2;192.4;0.3;44.0
8.2;192.4;0.0;0.0
8.2;192.5;0.0;0.0
8.1;192.5;0.0;0.0
8.2;192.5;0.0;0.0
8.1;192.5;0.0;0.0
8.2;192.5;0.0;0.0
8.0;192.5;0.0;0.0
8.1;192.5;0.0;0.0
8.2;192.5;0.0;0.0
8.2;162.0;0.0;0.0
0.0;145.3;0.0;448.0
0.0;0.0;0.0;68.0
0.0;0.0;0.0;0.0
41.1;23.2;0.2;416.0
95.2;25.2;1.3;132.0
90.7;25.2;1.3;88.0
99.0;25.9;1.6;204.0
90.7;26.4;1.2;108.0
98.9;26.7;1.6;52.0
90.8;27.5;1.4;312.0
99.0;28.0;2.1;380.0
99.0;28.6;2.0;228.0
106.9;29.5;1.6;528.0
49.0;29.9;1.4;196.0
8.3;30.8;2.4;320.0
0.0;32.1;3.2;724.0
8.3;34.0;1.2;300.0
0.0;34.9;2.0;232.0
8.1;35.7;2.4;292.0
0.0;36.6;2.4;176.0
8.1;36.8;0.9;524.0
0.0;38.3;1.0;1496.0
8.3;39.4;1.6;1136.0
0.0;41.1;0.7;1460.0
8.2;42.0;1.6;548.0
8.2;43.0;1.0;1324.0
0.0;44.4;2.0;904.0
0.0;45.3;1.7;244.0
0.0;45.7;2.5;392.0
16.5;46.4;3.3;364.0
0.0;47.2;2.7;320.0
0.0;48.5;1.8;1088.0
8.2;49.7;1.7;636.0
8.2;50.5;2.8;276.0
0.0;51.6;1.7;892.0
8.2;52.7;1.9;440.0
8.3;53.5;1.5;428.0
0.0;54.1;1.1;116.0
8.2;55.4;1.7;580.0
8.1;56.5;1.3;464.0
0.0;57.3;1.2;80.0
8.2;57.4;0.5;616.0
8.2;58.2;1.1;352.0
8.1;59.4;2.8;204.0
0.0;60.1;2.7;572.0
8.2;60.4;2.7;252.0
0.0;61.6;2.4;272.0
8.1;62.3;1.7;368.0
8.3;62.9;0.8;108.0
0.0;63.4;1.3;244.0
8.2;64.2;2.0;224.0
0.0;65.0;2.6;176.0
8.3;65.5;2.6;180.0
0.0;66.0;1.4;192.0
8.2;59.5;0.9;124.0
0.0;60.2;3.5;1204.0
8.2;61.2;1.3;440.0
0.0;62.4;2.5;36.0
8.2;62.8;0.8;104.0
16.1;64.7;1.4;276.0
0.0;65.9;1.9;436.0
8.2;66.9;0.8;256.0
8.2;67.3;0.6;84.0
8.3;68.6;1.4;388.0
0.0;69.5;1.4;256.0
8.2;71.1;3.6;504.0
0.0;71.8;0.6;176.0
8.3;72.5;2.6;292.0
8.2;73.0;3.6;172.0
0.0;74.0;5.0;436.0
8.2;74.8;2.4;360.0
0.0;75.7;2.6;352.0
8.2;76.2;0.0;0.0
8.2;76.7;1.2;212.0
8.2;77.0;0.7;28.0
0.0;77.5;1.4;140.0
8.2;77.5;0.0;0.0
8.2;77.8;3.0;152.0
0.0;78.5;2.0;208.0
8.3;78.7;3.4;184.0
8.1;79.3;3.9;196.0
0.0;79.8;3.0;208.0
8.2;80.5;2.6;208.0
0.0;81.5;2.6;284.0
0.0;83.1;2.8;116.0
8.3;83.4;2.2;680.0
0.0;84.0;3.0;172.0
0.0;84.4;3.1;172.0
8.1;85.5;2.7;292.0
8.2;86.6;2.2;252.0
8.2;86.8;3.2;128.0
0.0;87.3;2.4;132.0
8.2;87.8;2.6;88.0
0.0;88.6;2.4;152.0
16.5;88.9;2.8;80.0
0.0;89.6;2.8;212.0
8.3;90.1;1.8;116.0
8.2;90.9;2.2;164.0
8.2;91.4;2.0;120.0
0.0;92.1;2.0;184.0
8.2;92.6;3.6;224.0
0.0;93.0;2.4;96.0
8.1;93.4;2.6;176.0
8.2;94.0;3.6;184.0
0.0;94.6;3.0;200.0
0.0;96.5;2.6;516.0
8.2;96.9;3.0;164.0
8.2;97.2;2.6;128.0
0.0;97.7;1.8;184.0
0.0;97.9;1.5;140.0
16.2;98.3;2.0;136.0
0.0;98.6;2.5;276.0
8.2;99.4;1.8;80.0
0.0;99.7;1.8;296.0
8.2;100.3;2.1;908.0
0.0;100.9;2.3;668.0
8.2;102.1;1.4;1284.0
0.0;103.0;2.3;736.0
0.0;103.5;4.1;232.0
8.1;104.0;3.4;196.0
8.0;104.8;0.8;268.0
8.2;104.8;0.0;0.0
8.2;104.9;0.5;468.0
0.0;106.2;0.4;2024.0
57.6;112.7;0.0;500.0
90.7;112.7;0.3;308.0
90.7;113.3;1.3;232.0
82.4;113.9;0.6;1652.0
90.8;114.5;0.8;400.0
107.2;115.1;2.1;380.0
90.5;115.3;1.1;560.0
97.9;116.1;0.6;688.0
90.5;116.7;0.6;376.0
90.5;116.9;0.6;580.0
24.4;117.9;1.8;756.0
8.2;118.9;2.2;348.0
0.0;119.8;2.2;696.0
8.3;120.4;2.8;548.0
0.0;120.8;3.2;916.0
0.0;121.5;3.1;648.0
8.2;122.4;2.3;540.0
0.0;123.2;2.9;580.0
8.1;124.0;2.7;588.0
0.0;124.7;2.6;564.0
0.0;125.2;2.8;600.0
8.2;127.1;2.3;1024.0
0.0;127.8;1.6;1296.0
0.0;128.9;0.7;872.0
8.1;129.3;0.0;0.0
8.2;129.6;0.0;0.0
8.2;130.1;0.0;0.0
8.2;130.4;0.2;36.0
16.4;130.9;0.6;128.0
8.2;131.8;0.8;304.0
0.0;132.3;1.4;276.0
8.1;133.1;2.2;332.0
0.0;133.3;1.0;56.0
8.1;134.7;3.4;432.0
8.1;135.2;0.2;12.0
8.1;135.5;0.0;0.0
0.0;135.5;0.0;156.0
8.2;135.5;2.8;164.0
8.2;135.5;3.0;16.0
8.2;136.0;2.6;344.0
0.0;136.9;2.4;1076.0
8.2;137.2;1.6;656.0
0.0;137.9;1.2;468.0
0.0;138.5;2.7;808.0
8.2;139.6;3.2;408.0
0.0;140.1;2.4;868.0
8.2;141.1;2.6;884.0
0.0;141.9;1.1;1564.0
8.2;143.0;2.5;892.0
0.0;143.7;2.4;1036.0
8.3;144.7;1.6;1088.0
0.0;145.5;1.2;1180.0
0.0;146.3;1.4;1268.0
8.2;146.9;2.2;304.0
0.0;148.0;1.2;1056.0
8.2;148.6;2.0;300.0
0.0;149.4;0.0;536.0
8.2;150.0;0.4;144.0
8.1;150.3;0.0;0.0
8.1;150.4;0.1;4.0
8.1;150.4;0.0;0.0
8.1;150.5;0.0;0.0
8.2;150.5;0.0;0.0
8.3;150.5;0.0;0.0
8.2;150.5;0.0;0.0
8.1;150.5;0.0;0.0
8.2;150.5;0.0;0.0
8.2;150.6;1.5;0.0
8.2;150.6;0.0;0.0
8.1;150.6;0.0;0.0
0.0;151.1;0.0;0.0
8.1;151.1;0.0;0.0
8.2;151.1;0.0;0.0
8.1;151.1;0.0;0.0
8.2;151.4;0.3;4.0
8.2;151.8;0.0;0.0
8.1;151.8;0.0;0.0
8.1;152.0;0.0;0.0
16.2;182.7;0.0;16.0
0.0;182.9;64.9;244.0
8.3;182.9;83.0;0.0
8.3;182.9;65.0;128.0
8.2;183.2;7.2;56.0
8.1;183.2;30.2;0.0
8.2;183.2;33.8;0.0
8.2;183.2;21.2;0.0
8.2;183.2;37.0;0.0
8.1;183.5;36.2;0.0
8.2;183.5;34.8;0.0
8.1;183.5;31.2;0.0
8.1;183.5;36.0;0.0
8.2;183.5;36.0;0.0
8.1;183.5;41.2;0.0
8.2;183.5;42.6;0.0
8.2;212.6;7.8;0.0
0.0;214.6;1.4;152.0
8.2;214.8;0.2;0.0
8.1;214.8;0.0;0.0
8.3;215.1;0.0;0.0
8.2;215.1;0.0;0.0
8.1;215.1;0.0;0.0
7.7;215.1;0.0;0.0
8.2;215.1;0.0;0.0
8.2;215.1;0.2;68.0
8.2;215.1;0.0;0.0
8.0;215.1;0.0;0.0
8.2;215.1;0.2;64.0
8.1;215.1;0.0;0.0
8.2;215.1;0.0;0.0
8.1;215.1;0.0;0.0
8.3;215.1;0.2;64.0
8.2;215.1;0.0;0.0
8.2;215.1;0.2;64.0
8.2;215.1;0.0;0.0
8.1;215.1;0.2;64.0
8.1;215.1;0.0;0.0
8.2;215.1;0.0;0.0
16.5;184.8;0.3;44.0
8.1;184.8;0.0;0.0
8.0;184.8;0.0;0.0
8.2;184.8;0.0;0.0
8.0;184.8;0.0;0.0
8.2;184.8;0.0;0.0
8.1;184.8;0.0;0.0
8.2;184.8;0.0;0.0
8.0;184.8;0.0;0.0
8.2;184.8;0.0;0.0
8.2;154.3;0.0;0.0
8.2;0.0;0.0;516.0
8.0;0.0;0.0;0.0
0.0;0.0;0.0;0.0
0.0;9.1;4.0;0.0
0.0;9.2;1.7;124.0
8.3;11.9;2.6;816.0
59.8;25.2;0.0;148.0
98.6;27.3;1.4;76.0
90.2;27.3;0.6;56.0
100.1;27.9;1.4;164.0
107.2;28.2;1.6;156.0
98.4;28.7;0.8;64.0
90.4;29.0;1.6;172.0
99.0;29.6;1.8;204.0
98.1;30.1;1.7;356.0
98.3;30.4;1.4;172.0
16.5;31.6;2.4;612.0
0.0;32.4;2.6;364.0
8.3;33.8;3.5;672.0
0.0;36.0;1.3;448.0
8.2;37.0;1.8;204.0
0.0;37.5;1.6;172.0
0.0;38.1;2.4;228.0
8.2;38.7;1.2;96.0
8.1;39.0;0.9;484.0
0.0;40.4;1.0;1540.0
0.0;41.5;1.6;1132.0
8.1;43.2;0.7;1460.0
0.0;44.0;1.6;552.0
0.0;45.7;1.1;1944.0
8.3;46.6;2.3;392.0
8.2;47.5;1.8;320.0
0.0;48.0;3.2;436.0
8.3;49.0;2.6;232.0
0.0;49.4;3.0;264.0
8.3;51.2;1.9;1556.0
0.0;52.2;2.0;264.0
8.2;53.2;2.6;308.0
8.2;54.3;1.8;836.0
0.0;55.5;1.7;704.0
0.0;56.0;0.9;124.0
8.2;56.9;2.1;420.0
0.0;58.4;1.5;664.0
8.2;59.5;1.4;80.0
8.1;59.6;0.5;616.0
8.2;60.4;1.3;360.0
0.0;61.5;3.0;208.0
8.2;62.3;2.3;560.0
0.0;62.9;3.5;292.0
8.2;64.0;2.0;332.0
0.0;64.7;1.5;292.0
8.2;65.3;1.2;244.0
8.2;65.6;0.9;88.0
8.2;66.9;2.0;264.0
0.0;67.1;3.2;180.0
8.2;67.6;1.8;132.0
0.0;68.1;1.4;192.0
8.2;61.2;0.9;124.0
0.0;61.9;3.4;1204.0
8.1;62.6;0.6;216.0
8.2;63.5;3.0;260.0
0.0;64.3;0.6;32.0
0.0;66.3;1.2;308.0
8.2;67.0;2.1;364.0
8.1;67.7;1.0;328.0
0.0;69.0;0.6;72.0
8.2;69.6;1.0;260.0
8.2;70.6;1.2;328.0
0.0;71.5;3.4;540.0
0.0;72.9;1.0;72.0
16.5;74.0;2.0;344.0
0.0;74.5;3.5;268.0
8.2;74.9;3.4;68.0
0.0;75.9;3.1;496.0
8.2;76.5;2.4;272.0
8.2;77.4;2.2;340.0
0.0;77.9;0.2;0.0
8.2;78.5;1.4;212.0
8.2;78.9;0.5;28.0
8.2;79.2;1.4;140.0
8.2;79.2;0.2;8.0
8.3;79.6;3.4;156.0
0.0;80.2;2.6;248.0
0.0;80.6;3.2;196.0
8.2;81.0;3.5;152.0
8.2;81.5;3.0;232.0
0.0;82.4;2.8;228.0
8.2;84.5;2.2;240.0
0.0;84.8;3.0;160.0
0.0;85.4;2.8;656.0
8.2;85.9;2.6;184.0
0.0;86.3;3.2;196.0
8.1;87.6;2.0;308.0
0.0;88.2;2.2;164.0
8.2;88.5;2.8;124.0
8.2;89.0;2.4;132.0
8.2;89.5;2.2;72.0
0.0;90.3;3.0;164.0
8.2;90.6;2.4;80.0
0.0;91.3;3.2;216.0
8.2;91.9;1.8;96.0
8.2;92.5;2.2;184.0
0.0;93.0;2.0;120.0
8.2;93.7;2.2;220.0
8.2;94.2;3.4;188.0
0.0;94.7;2.4;96.0
8.2;95.1;2.6;176.0
0.0;95.7;3.2;172.0
8.2;96.3;3.4;212.0
8.3;98.1;2.6;516.0
0.0;98.6;3.2;172.0
8.2;99.0;2.6;192.0
0.0;99.4;1.8;124.0
8.2;99.8;1.7;144.0
0.0;100.1;2.2;132.0
0.0;100.7;2.7;292.0
8.2;101.3;2.2;248.0
0.0;101.6;2.4;780.0
8.2;102.2;1.8;816.0
0.0;103.3;2.0;956.0
8.2;104.3;1.5;1104.0
0.0;104.8;2.9;156.0
8.2;105.2;3.2;168.0
0.0;105.6;2.6;156.0
0.0;106.4;0.6;256.0
8.1;106.4;0.0;0.0
8.2;106.4;0.0;0.0
16.5;106.8;0.9;1492.0
49.4;115.8;0.0;1384.0
90.6;116.3;0.1;396.0
97.5;116.6;0.4;188.0
90.5;116.6;0.5;32.0
90.8;116.8;0.8;516.0
99.0;117.2;0.4;360.0
101.0;117.5;0.0;904.0
99.0;118.1;0.6;260.0
90.6;118.3;1.1;328.0
90.8;118.3;0.9;52.0
8.2;119.1;1.6;1208.0
0.0;120.9;1.7;1172.0
0.0;121.8;2.7;884.0
8.2;122.6;1.7;224.0
0.0;123.8;2.5;764.0
8.2;124.3;3.0;620.0
0.0;124.9;2.5;840.0
0.0;125.6;3.8;536.0
0.0;126.3;2.3;712.0
8.2;127.1;2.8;452.0
0.0;127.9;3.0;584.0
8.2;128.6;1.8;788.0
0.0;128.9;2.6;272.0
8.2;130.7;1.8;924.0
0.0;131.7;1.9;1380.0
8.1;132.7;0.7;872.0
8.1;133.2;0.0;0.0
8.1;133.5;0.0;0.0
8.2;134.0;0.0;0.0
8.2;134.2;0.2;36.0
8.1;134.8;0.6;112.0
8.2;135.7;0.6;308.0
0.0;136.2;1.4;284.0
8.2;136.8;1.2;276.0
0.0;137.1;2.2;116.0
8.2;138.0;0.4;220.0
8.2;138.6;3.0;224.0
0.0;139.5;0.2;0.0
16.4;139.5;0.0;52.0
8.2;139.5;0.8;176.0
0.0;139.5;2.4;100.0
8.1;139.7;4.2;236.0
0.0;140.2;2.0;492.0
0.0;140.9;1.4;876.0
8.2;141.5;1.6;480.0
8.2;141.9;1.2;276.0
0.0;142.3;1.9;648.0
8.2;142.8;2.8;460.0
8.2;143.8;2.0;364.0
0.0;144.1;1.0;784.0
0.0;144.7;2.8;224.0
8.2;145.4;1.0;1532.0
0.0;146.1;1.2;1336.0
0.0;147.1;1.8;480.0
8.2;147.7;2.4;820.0
8.2;148.4;1.2;1072.0
0.0;149.3;1.0;848.0
8.2;150.0;1.7;964.0
0.0;150.6;1.3;804.0
8.2;151.1;1.6;596.0
0.0;152.2;1.6;700.0
8.2;152.9;1.3;592.0
8.2;153.7;0.4;172.0
0.0;153.9;0.0;132.0
8.2;153.9;0.0;0.0
8.2;154.1;0.0;0.0
16.4;154.1;0.0;4.0
0.0;154.3;0.1;0.0
8.1;154.4;0.0;0.0
8.2;154.4;0.0;0.0
16.1;154.4;0.0;0.0
8.2;154.4;0.0;0.0
8.1;154.4;0.0;0.0
8.2;154.4;0.0;0.0
8.2;154.5;1.5;0.0
8.2;154.5;0.0;0.0
8.0;154.5;0.0;0.0
8.2;154.5;0.0;0.0
8.1;154.5;0.0;0.0
8.2;154.5;0.0;0.0
0.0;155.0;0.0;0.0
8.1;155.0;0.0;0.0
8.2;155.0;0.0;0.0
8.2;155.2;0.3;4.0
8.2;157.3;0.0;0.0
8.2;157.7;0.0;0.0
8.1;164.3;0.0;0.0
8.2;188.5;11.7;260.0
8.2;188.5;78.4;0.0
8.2;188.5;83.6;0.0
8.2;188.7;39.2;128.0
8.2;189.1;18.2;56.0
8.2;189.1;31.8;0.0
8.1;189.1;29.8;0.0
8.2;189.1;36.0;0.0
8.2;189.1;40.5;0.0
8.2;189.1;43.7;0.0
8.1;189.1;31.8;0.0
8.2;189.1;34.0;0.0
8.2;189.1;38.7;0.0
8.2;189.1;40.3;0.0
8.1;189.1;50.4;0.0
16.5;219.8;0.2;8.0
0.0;220.7;1.4;144.0
8.2;220.7;0.0;0.0
8.1;220.7;0.0;0.0
8.2;220.7;0.0;0.0
8.1;220.7;0.0;0.0
8.2;220.7;0.0;0.0
8.2;220.7;0.2;68.0
8.0;220.7;0.0;0.0
8.2;221.0;0.0;0.0
8.2;221.0;0.2;64.0
8.2;221.0;0.0;0.0
8.1;221.0;0.0;0.0
8.2;221.0;0.2;64.0
8.1;221.0;0.0;0.0
8.2;221.0;0.2;64.0
8.2;221.0;0.0;0.0
8.2;221.0;0.2;64.0
8.1;221.0;0.0;0.0
8.2;221.0;0.0;0.0
8.1;221.0;0.0;0.0
8.2;221.0;0.0;0.0
8.1;221.0;0.0;0.0
8.2;221.0;0.0;0.0
16.2;190.5;0.3;44.0
8.2;190.5;0.0;0.0
8.1;190.5;0.0;0.0
8.1;190.6;0.0;0.0
8.0;190.6;0.0;0.0
8.1;190.6;0.0;0.0
8.2;190.6;0.0;0.0
8.1;190.6;0.0;0.0
8.0;190.6;0.0;0.0
8.2;190.6;0.0;0.0
8.2;159.3;0.0;68.0
0.0;0.0;0.0;448.0
8.2;0.0;0.0;0.0
0.0;0.0;0.0;0.0
0.0;10.1;1.4;324.0
0.0;12.1;2.5;656.0
66.1;21.3;0.0;56.0
99.0;23.3;1.2;72.0
97.7;23.3;0.8;60.0
98.7;24.0;1.6;196.0
89.2;24.3;1.2;120.0
98.9;24.5;0.8;44.0
90.7;25.1;1.8;88.0
97.3;25.7;1.4;296.0
98.9;26.2;1.5;328.0
98.9;26.9;2.2;216.0
24.7;27.7;2.0;612.0
0.0;28.7;2.2;304.0
0.0;29.4;3.1;440.0
8.3;32.1;2.3;688.0
8.2;33.0;1.6;248.0
0.0;33.7;1.8;180.0
8.2;34.3;2.2;208.0
0.0;34.9;1.4;116.0
8.2;35.1;0.9;228.0
0.0;36.4;0.9;1564.0
8.3;37.4;1.6;892.0
0.0;38.8;0.3;1660.0
0.0;39.5;1.4;708.0
8.1;41.2;1.6;860.0
0.0;42.2;0.3;1372.0
8.2;43.0;2.6;228.0
0.0;43.6;1.3;156.0
8.2;44.1;2.2;428.0
0.0;44.8;3.0;296.0
8.2;45.3;2.3;296.0
0.0;46.5;2.3;352.0
8.2;47.7;1.4;1292.0
8.2;48.5;2.2;300.0
8.2;49.3;2.0;252.0
0.0;50.4;1.6;764.0
0.0;51.2;1.3;712.0
8.1;51.9;1.5;172.0
0.0;52.4;1.2;128.0
8.2;54.1;1.9;544.0
8.2;55.3;0.9;448.0
8.2;55.7;1.1;140.0
0.0;55.8;0.4;536.0
8.2;57.1;1.5;360.0
8.2;57.7;2.4;196.0
8.1;58.5;2.7;572.0
0.0;59.1;3.1;264.0
8.3;59.9;2.2;356.0
8.2;60.9;1.7;296.0
0.0;61.5;1.1;192.0
8.2;61.8;1.2;196.0
0.0;63.1;2.0;208.0
8.2;63.6;3.0;180.0
0.0;64.1;1.8;132.0
8.2;64.6;1.8;284.0
0.0;60.2;0.5;32.0
8.1;61.0;3.9;1392.0
8.2;62.2;3.2;252.0
8.2;63.0;0.2;36.0
8.2;63.6;1.0;136.0
0.0;65.3;1.8;244.0
15.9;66.4;1.3;504.0
0.0;67.8;1.2;220.0
8.2;68.2;0.4;144.0
0.0;69.5;1.4;308.0
8.1;70.4;2.6;420.0
8.2;71.8;2.2;328.0
8.2;72.7;1.4;280.0
0.0;73.4;3.5;300.0
8.2;73.8;3.4;92.0
8.2;74.8;3.7;460.0
0.0;75.4;2.8;332.0
8.2;76.4;2.0;324.0
7.9;76.7;0.0;4.0
8.1;77.3;1.4;208.0
8.2;77.7;0.9;52.0
0.0;78.1;1.0;116.0
8.2;78.1;0.6;20.0
8.2;78.7;3.4;192.0
0.0;79.1;2.6;208.0
8.2;79.5;3.0;188.0
0.0;79.9;3.3;148.0
0.0;80.3;2.6;200.0
8.3;81.1;2.6;228.0
8.2;82.1;2.4;264.0
0.0;83.7;2.8;140.0
0.0;84.0;2.2;648.0
8.2;84.6;3.0;184.0
0.0;85.2;3.8;216.0
8.0;86.5;2.2;328.0
0.0;87.1;2.2;164.0
8.2;87.4;2.6;120.0
8.1;87.9;2.4;124.0
0.0;88.4;2.6;88.0
8.1;88.9;2.0;136.0
8.2;89.3;2.4;68.0
8.2;89.8;3.0;192.0
8.2;90.3;1.4;84.0
8.1;90.8;2.0;164.0
0.0;91.3;2.0;112.0
8.1;91.8;1.6;100.0
8.2;92.6;2.2;188.0
0.0;93.1;2.8;172.0
8.2;93.5;2.8;144.0
0.0;93.9;3.0;176.0
8.3;94.6;3.2;184.0
0.0;95.2;3.2;200.0
8.2;97.0;2.4;516.0
0.0;97.4;3.8;184.0
8.2;97.9;2.0;84.0
8.2;98.3;1.8;220.0
8.2;98.6;1.9;152.0
0.0;99.0;2.4;128.0
8.1;99.7;2.5;288.0
0.0;100.1;2.2;316.0
0.0;100.7;2.4;712.0
0.0;101.4;3.0;912.0
8.3;102.7;1.1;1532.0
0.0;103.4;2.8;524.0
0.0;103.9;3.9;196.0
8.1;104.9;3.8;448.0
8.1;105.3;0.0;0.0
8.2;105.6;0.7;592.0
0.0;108.6;0.2;2156.0
74.4;113.2;0.1;396.0
99.2;113.8;1.5;388.0
82.6;113.8;0.2;216.0
99.2;114.5;0.4;1360.0
99.2;115.2;0.6;424.0
90.8;115.3;1.7;360.0
98.9;115.6;0.8;80.0
90.7;115.6;0.2;24.0
90.8;115.9;0.8;548.0
99.0;116.6;0.7;744.0
8.1;117.3;1.0;896.0
0.0;118.7;2.4;816.0
8.2;119.5;1.7;344.0
0.0;120.4;1.9;604.0
8.2;120.7;2.0;516.0
0.0;121.3;3.0;752.0
8.2;122.0;3.1;684.0
0.0;122.6;2.9;476.0
8.2;123.3;2.7;704.0
0.0;124.2;2.5;368.0
8.2;124.8;2.8;640.0
0.0;125.7;2.6;800.0
0.0;127.3;2.8;748.0
8.2;128.1;1.5;1276.0
0.0;129.1;1.3;1232.0
8.2;129.5;0.0;0.0
8.1;129.9;0.0;0.0
8.1;130.4;0.0;0.0
8.2;130.7;0.0;0.0
8.2;131.2;0.2;124.0
8.2;131.8;0.8;168.0
16.5;132.6;0.8;204.0
0.0;133.2;1.6;380.0
8.1;133.8;2.6;248.0
0.0;134.0;0.4;212.0
8.2;135.4;3.2;228.0
8.2;136.1;0.2;12.0
8.2;136.2;0.0;24.0
0.0;136.2;0.2;172.0
8.2;136.2;3.0;132.0
0.0;136.2;3.2;20.0
8.3;136.9;2.8;496.0
0.0;137.8;2.0;1256.0
8.2;138.2;1.8;384.0
8.3;138.4;0.4;72.0
0.0;139.1;2.4;1008.0
8.1;140.0;2.8;368.0
0.0;140.5;2.1;624.0
8.2;141.1;2.4;472.0
0.0;141.9;1.6;1276.0
0.0;142.8;1.0;1484.0
8.2;143.8;2.6;736.0
0.0;144.5;2.4;1312.0
8.2;145.6;1.8;1112.0
0.0;146.6;1.7;840.0
8.2;147.3;1.3;1236.0
0.0;147.8;1.9;756.0
8.2;148.9;1.3;520.0
0.0;149.5;1.5;492.0
8.2;150.2;0.0;280.0
8.2;150.5;0.4;16.0
8.1;150.7;0.0;128.0
8.1;150.7;0.0;0.0
8.2;150.9;0.0;0.0
8.0;150.9;0.0;0.0
8.2;150.9;0.0;0.0
8.2;150.9;0.0;4.0
8.1;151.1;0.1;0.0
8.1;151.2;0.0;0.0
8.2;151.2;0.0;0.0
16.2;151.2;0.0;0.0
8.2;151.2;0.0;0.0
8.1;151.2;0.0;0.0
0.0;151.2;0.0;0.0
8.1;151.2;0.1;0.0
8.1;151.3;1.4;0.0
8.1;151.3;0.0;0.0
8.2;151.3;0.0;0.0
8.1;151.3;0.0;0.0
8.1;151.8;0.0;0.0
8.2;151.8;0.0;0.0
8.2;152.1;0.3;8.0
8.2;152.2;0.0;0.0
8.2;152.6;0.0;0.0
8.1;152.6;0.0;0.0
8.2;179.2;0.0;0.0
8.1;183.5;46.1;260.0
0.0;183.5;83.2;0.0
16.2;183.5;83.6;128.0
16.2;184.1;7.2;40.0
8.2;184.1;28.4;16.0
8.0;184.1;42.4;0.0
8.0;184.1;31.2;0.0
8.2;184.1;39.4;0.0
8.0;184.1;41.4;0.0
8.2;184.1;38.8;0.0
8.1;184.1;36.4;0.0
8.2;184.1;36.0;0.0
8.2;184.1;41.0;0.0
8.1;184.1;42.2;0.0
8.2;213.6;10.8;0.0
8.2;215.8;1.6;152.0
0.0;215.8;0.0;0.0
8.2;215.8;0.0;0.0
8.2;216.0;0.0;0.0
8.1;216.0;0.0;0.0
8.2;216.0;0.0;0.0
8.1;216.0;0.0;0.0
8.3;216.0;0.2;68.0
8.2;216.0;0.0;0.0
8.1;216.0;0.0;0.0
8.2;216.0;0.0;0.0
8.2;216.0;0.1;4.0
8.2;216.0;0.1;60.0
8.1;216.0;0.0;0.0
8.2;216.0;0.0;0.0
8.1;216.0;0.0;0.0
8.2;216.0;0.2;64.0
8.2;216.0;0.0;0.0
8.2;216.0;0.2;64.0
8.2;216.0;0.0;0.0
8.0;216.0;0.0;0.0
8.2;216.0;0.2;64.0
8.1;216.0;0.0;0.0
8.0;216.0;0.0;0.0
8.2;216.0;0.0;0.0
8.1;216.0;0.0;0.0
16.3;216.0;0.0;0.0
8.2;185.6;0.3;44.0
8.2;185.6;0.0;0.0
8.0;185.7;0.0;0.0
8.2;185.7;0.0;0.0
8.1;185.7;0.0;0.0
8.1;185.6;0.0;0.0
8.1;155.1;0.0;0.0
15.7;154.4;0.0;96.0
0.0;0.0;0.0;420.0
0.0;0.0;0.0;0.0
0.0;9.2;2.9;0.0
0.0;9.2;1.4;116.0
0.0;11.9;2.7;552.0
66.1;16.4;0.4;424.0
90.7;17.0;0.8;24.0
90.7;17.4;1.0;104.0
90.7;18.2;1.6;164.0
99.0;18.4;1.4;156.0
98.8;18.7;0.4;24.0
106.9;18.9;0.4;40.0
99.0;19.2;1.8;172.0
90.7;19.7;1.4;188.0
98.7;20.3;1.7;364.0
32.8;21.5;2.4;592.0
8.2;22.6;3.2;412.0
0.0;23.4;2.9;484.0
8.2;25.9;2.7;720.0
8.3;27.0;1.6;264.0
0.0;27.7;1.8;180.0
0.0;28.2;2.0;200.0
8.2;28.8;1.8;124.0
0.0;29.8;1.1;1032.0
8.1;30.9;1.4;1072.0
0.0;32.2;1.1;1736.0
8.2;33.5;1.2;792.0
8.1;34.7;1.7;680.0
0.0;36.3;0.5;1972.0
0.0;37.1;2.8;244.0
8.1;37.8;1.6;360.0
0.0;38.2;2.9;376.0
8.2;39.2;2.5;228.0
0.0;39.6;2.6;248.0
8.2;40.9;1.4;1076.0
0.0;42.1;1.7;620.0
8.1;42.9;2.6;268.0
8.1;44.0;1.9;572.0
0.0;44.9;1.8;560.0
8.2;45.9;1.4;620.0
8.1;46.5;0.9;120.0
0.0;47.8;1.9;532.0
8.1;48.6;1.3;524.0
0.0;49.7;1.4;80.0
8.1;49.8;0.5;616.0
8.3;50.6;0.7;328.0
8.3;51.7;3.4;232.0
0.0;52.8;3.1;600.0
0.0;53.4;3.7;404.0
8.2;54.6;1.9;360.0
0.0;55.2;0.8;120.0
8.2;55.7;1.2;244.0
8.2;56.3;1.7;164.0
0.0;57.4;2.2;256.0
8.2;57.9;3.6;236.0
8.1;58.1;1.2;96.0
8.2;57.9;1.5;228.0
0.0;58.2;3.5;1196.0
8.1;59.3;0.6;224.0
8.1;60.2;3.0;224.0
8.1;61.0;0.6;68.0
0.0;63.0;1.2;324.0
8.2;63.8;2.3;364.0
0.0;65.1;1.0;312.0
8.1;65.8;0.4;72.0
8.2;66.4;1.0;260.0
8.2;67.4;1.2;232.0
0.0;68.3;3.4;636.0
8.1;69.6;1.0;72.0
8.1;71.0;2.6;404.0
0.0;71.5;3.3;220.0
8.2;71.9;5.3;436.0
8.2;73.2;2.8;364.0
0.0;74.2;2.6;364.0
0.0;74.7;0.2;0.0
8.2;75.2;1.4;212.0
8.1;75.6;0.5;36.0
8.2;76.0;1.4;132.0
8.2;76.0;0.6;16.0
0.0;76.4;3.4;196.0
8.2;77.2;3.8;300.0
0.0;77.8;4.7;240.0
8.3;78.2;3.6;240.0
8.3;79.4;3.2;272.0
0.0;81.3;2.4;232.0
8.2;81.9;2.8;684.0
0.0;82.5;3.8;212.0
8.2;83.1;3.6;228.0
0.0;84.4;2.6;344.0
8.2;85.0;2.6;176.0
0.0;85.5;3.6;176.0
8.3;86.0;2.0;92.0
8.2;86.6;3.0;108.0
8.2;87.2;3.0;148.0
0.0;87.7;3.2;200.0
8.2;88.5;1.6;100.0
8.2;89.2;2.8;220.0
0.0;89.8;2.2;132.0
8.3;90.5;2.6;220.0
0.0;91.3;3.4;196.0
8.2;91.6;2.8;128.0
8.2;92.0;3.0;196.0
0.0;92.5;3.2;148.0
8.2;93.3;3.4;236.0
0.0;95.1;2.4;508.0
8.2;95.5;3.4;160.0
8.2;96.0;2.2;200.0
0.0;96.2;1.7;124.0
8.2;96.5;1.8;148.0
8.2;96.9;2.6;112.0
0.0;97.6;2.3;288.0
8.3;98.0;1.6;288.0
0.0;98.6;2.4;712.0
16.5;99.3;3.2;928.0
0.0;100.6;0.9;1516.0
0.0;101.4;3.0;524.0
0.0;102.0;4.1;232.0
8.3;102.3;3.2;412.0
8.1;103.2;0.2;0.0
8.1;103.2;0.0;0.0
8.2;103.3;0.5;468.0
0.0;106.6;0.4;2280.0
90.9;111.5;0.6;728.0
99.0;112.1;1.6;780.0
90.8;113.1;0.6;1328.0
107.3;113.6;2.9;412.0
90.5;114.6;0.7;1124.0
98.9;115.0;0.8;184.0
90.6;115.2;0.4;292.0
90.7;115.9;0.8;912.0
99.0;116.4;1.6;420.0
89.9;117.3;1.6;280.0
0.0;118.1;2.2;732.0
8.2;119.0;2.6;532.0
0.0;119.4;3.2;904.0
8.2;120.1;3.7;720.0
0.0;120.9;2.3;552.0
0.0;121.4;2.3;444.0
8.2;122.1;2.3;356.0
8.1;122.7;2.4;500.0
0.0;123.5;1.6;772.0
0.0;123.8;2.8;252.0
8.2;125.7;1.9;1192.0
0.0;127.2;1.7;1956.0
8.2;127.5;0.6;24.0
8.2;128.0;0.0;0.0
8.0;128.5;0.0;0.0
8.1;128.8;0.0;0.0
8.2;129.6;0.6;140.0
8.3;129.8;0.4;152.0
8.2;130.7;1.6;448.0
0.0;131.5;1.6;304.0
8.2;131.8;2.0;88.0
8.0;133.2;3.4;432.0
0.0;133.7;0.2;12.0
8.1;134.2;0.0;0.0
8.2;134.2;0.0;92.0
0.0;134.2;1.8;188.0
8.2;134.2;1.4;48.0
0.0;134.5;4.4;256.0
8.2;135.3;2.9;704.0
0.0;135.9;1.5;1108.0
8.3;136.7;1.6;504.0
0.0;137.6;3.1;808.0
8.1;138.5;3.4;448.0
8.1;139.2;2.4;844.0
0.0;140.0;2.2;996.0
0.0;140.9;1.0;1724.0
8.1;141.8;2.6;804.0
0.0;142.8;2.4;1312.0
8.2;143.7;1.8;1304.0
0.0;144.7;1.8;1060.0
8.3;145.6;2.2;924.0
0.0;146.7;1.4;1068.0
8.2;147.6;2.3;600.0
8.2;148.5;0.0;288.0
0.0;148.6;0.4;136.0
8.1;148.6;0.0;0.0
8.2;148.6;0.0;0.0
8.1;148.8;0.0;0.0
16.1;148.8;0.0;4.0
0.0;149.1;0.1;0.0
8.2;149.2;0.0;0.0
8.0;149.2;0.0;0.0
8.1;149.2;0.0;0.0
8.2;149.2;0.0;0.0
8.1;149.2;0.0;0.0
8.2;149.2;0.0;0.0
8.1;149.2;0.0;0.0
8.2;149.2;0.0;0.0
8.0;149.2;0.0;0.0
8.2;151.3;1.5;0.0
8.2;151.3;0.0;0.0
8.1;151.3;0.0;0.0
8.2;151.3;0.0;0.0
8.2;151.7;0.0;0.0
8.1;151.7;0.0;0.0
8.2;151.7;0.0;0.0
8.2;150.0;0.0;0.0
0.0;150.2;0.3;4.0
8.2;150.4;0.0;0.0
8.1;150.6;0.0;0.0
8.1;153.2;0.0;0.0
16.4;181.5;11.1;260.0
0.0;181.5;81.8;0.0
0.0;181.5;78.3;0.0
16.3;181.5;42.1;128.0
8.2;181.8;19.2;56.0
8.1;181.8;30.8;0.0
8.1;182.2;28.0;0.0
8.2;182.2;31.6;0.0
8.2;182.2;38.2;0.0
8.1;182.2;30.6;0.0
8.2;182.2;34.0;0.0
8.1;182.2;30.8;0.0
8.2;182.2;38.4;0.0
8.0;182.2;40.4;0.0
8.2;182.2;42.0;0.0
8.1;196.7;32.0;0.0
8.1;213.2;0.8;124.0
8.2;213.6;0.8;28.0
8.2;213.6;0.0;0.0
8.1;213.6;0.0;0.0
8.3;213.6;0.0;0.0
8.2;213.6;0.0;0.0
8.1;213.6;0.0;0.0
16.1;213.6;0.2;68.0
8.1;213.6;0.0;0.0
8.2;213.6;0.0;0.0
8.2;213.9;0.2;64.0
8.2;213.9;0.0;0.0
8.1;213.9;0.0;0.0
8.2;213.9;0.2;64.0
8.2;213.9;0.0;0.0
8.2;213.9;0.2;64.0
8.2;213.9;0.0;0.0
8.0;213.9;0.0;0.0
8.2;213.9;0.0;0.0
8.2;213.9;0.2;64.0
8.1;213.9;0.0;0.0
8.0;213.9;0.0;0.0
8.2;213.9;0.0;0.0
8.1;213.9;0.0;0.0
8.2;213.9;0.0;0.0
16.0;183.4;0.3;44.0
8.1;183.4;0.0;0.0
8.2;183.4;0.0;0.0
8.2;183.5;0.0;0.0
8.1;183.4;0.0;0.0
8.2;183.4;0.0;0.0
8.1;183.4;0.0;0.0
8.2;183.4;0.0;0.0
8.1;183.4;0.0;0.0
8.1;152.9;0.0;0.0
8.2;146.8;0.0;380.0
8.1;0.0;0.0;136.0
0.0;0.0;0.0;0.0
