7.5;61.3;29.8;0.0
7.5;72.7;27.2;0.0
7.5;75.5;20.2;0.0
7.5;83.1;27.9;0.0
6.6;93.3;41.3;0.0
6.6;103.1;43.4;0.0
41.6;121.5;31.1;0.0
66.5;132.7;30.2;0.0
7.5;139.0;19.2;0.0
8.3;153.8;32.0;0.0
8.3;154.0;0.0;0.0
8.3;154.0;0.0;0.0
8.3;156.5;0.0;0.0
90.7;161.5;6.6;0.0
13.3;162.9;2.1;0.0
8.3;162.9;0.0;0.0
8.3;162.9;0.0;0.0
8.3;162.9;0.0;0.0
8.3;162.9;0.0;0.0
8.3;162.9;0.0;0.0
9.1;162.9;0.0;0.0
8.3;162.9;0.0;0.0
8.3;162.9;0.0;0.0
8.3;162.9;0.0;0.0
8.3;162.9;0.0;0.0
8.3;162.9;0.0;0.0
8.3;162.9;0.0;0.0
8.3;162.9;0.0;0.0
8.3;162.9;0.0;0.0
8.3;162.9;0.0;0.0
8.3;162.9;0.0;0.0
7.5;162.9;0.0;0.0
8.3;162.9;0.0;0.0
8.3;162.9;0.0;0.0
8.3;162.9;0.0;0.0
8.3;162.9;0.0;0.0
8.3;162.9;0.0;0.0
8.3;162.9;0.0;0.0
8.3;162.9;0.0;0.0
8.3;162.9;0.0;0.0
8.3;162.9;0.0;0.0
8.3;162.9;0.0;0.0
8.3;162.9;0.0;0.0
8.3;162.9;0.0;0.0
8.3;162.9;0.0;0.0
8.3;162.9;0.0;0.0
8.3;162.9;0.0;0.0
8.3;162.9;0.0;0.0
8.3;162.9;0.0;0.0
8.3;162.9;0.0;0.0
8.3;162.9;0.0;0.0
8.3;162.9;0.0;0.0
8.3;162.9;0.0;0.0
8.3;162.9;0.0;0.0
8.3;162.9;0.0;0.0
9.1;162.9;0.0;0.0
8.3;162.9;0.0;0.0
8.3;162.9;0.0;0.0
8.3;162.9;0.0;0.0
8.3;162.9;0.0;0.0
