6.6;59.6;30.7;0.0
8.3;72.2;24.9;0.0
7.5;81.6;23.5;0.0
7.5;91.1;24.6;0.0
6.6;102.1;47.1;0.0
7.5;112.0;43.1;0.0
37.4;134.7;33.6;0.0
71.5;145.9;30.0;0.0
8.3;151.6;16.8;0.0
7.5;166.8;34.4;0.0
9.1;167.0;0.0;0.0
8.3;167.0;0.0;0.0
8.3;167.2;0.0;0.0
85.7;176.6;4.9;0.0
17.4;178.0;3.5;0.0
8.3;178.0;0.0;0.0
7.5;178.0;0.0;0.0
8.3;178.1;0.0;0.0
8.3;178.1;0.0;0.0
8.3;178.1;0.0;0.0
8.3;178.1;0.0;0.0
8.3;178.1;0.0;0.0
7.5;178.1;0.0;0.0
9.1;178.1;0.0;0.0
8.3;178.1;0.0;0.0
8.3;178.1;0.0;0.0
8.3;178.1;0.0;0.0
8.3;178.1;0.0;0.0
8.3;178.1;0.0;0.0
8.3;178.1;0.0;0.0
7.5;178.1;0.0;0.0
8.3;178.1;0.0;0.0
8.3;178.1;0.0;0.0
9.1;178.1;0.0;0.0
8.3;178.1;0.0;0.0
8.3;178.1;0.0;0.0
8.3;178.1;0.0;0.0
8.3;178.1;0.0;0.0
8.3;178.1;0.0;0.0
8.3;178.1;0.0;0.0
8.3;178.1;0.0;0.0
8.3;178.1;0.0;0.0
8.3;178.1;0.0;0.0
7.5;178.1;0.0;0.0
8.3;178.1;0.0;0.0
8.3;178.1;0.0;0.0
9.1;178.1;0.0;0.0
8.3;178.1;0.0;0.0
8.3;178.1;0.0;0.0
8.3;178.1;0.0;0.0
8.3;178.1;0.0;0.0
8.3;178.1;0.0;0.0
8.3;178.1;0.0;0.0
8.3;178.1;0.0;0.0
8.3;178.1;0.0;0.0
8.3;178.1;0.0;0.0
8.3;178.1;0.0;0.0
8.3;178.1;0.0;0.0
8.3;178.1;0.0;0.0
8.3;178.1;0.0;0.0
