24.1;41.6;25.0;0.0
7.5;53.2;25.5;0.0
8.3;63.4;25.6;0.0
6.6;72.4;19.2;0.0
8.3;79.8;32.0;0.0
6.6;90.4;40.6;0.0
7.5;100.0;41.6;0.0
48.3;124.8;41.8;0.0
59.1;133.5;16.9;0.0
7.5;140.7;22.8;0.0
8.3;153.6;28.4;0.0
8.3;153.9;0.0;0.0
8.3;153.9;0.0;0.0
8.3;156.0;0.0;0.0
87.9;171.3;9.2;0.0
10.8;172.7;0.0;0.0
8.3;172.7;0.0;0.0
8.3;172.7;0.0;0.0
8.3;172.7;0.0;0.0
8.3;172.7;0.0;0.0
8.3;172.7;0.0;0.0
8.3;172.7;0.0;0.0
8.3;172.7;0.0;0.0
8.3;172.7;0.0;0.0
8.3;172.7;0.0;0.0
8.3;172.7;0.0;0.0
8.3;172.7;0.0;0.0
8.3;172.7;0.0;0.0
9.1;172.7;0.0;0.0
8.3;172.7;0.0;0.0
8.3;172.7;0.0;0.0
8.3;172.7;0.0;0.0
8.3;172.7;0.0;0.0
8.3;172.7;0.0;0.0
8.3;172.7;0.0;0.0
8.3;172.7;0.0;0.0
8.3;172.7;0.0;0.0
8.3;172.7;0.0;0.0
8.3;172.7;0.0;0.0
8.3;172.7;0.0;0.0
8.3;172.8;0.0;0.0
8.3;172.8;0.0;0.0
8.3;172.8;0.0;0.0
8.3;172.8;0.0;0.0
8.3;172.8;0.0;0.0
8.3;172.8;0.0;0.0
9.2;172.8;0.0;0.0
8.3;172.8;0.0;0.0
8.3;172.8;0.0;0.0
8.3;172.8;0.0;0.0
8.3;172.8;0.0;0.0
8.3;172.8;0.0;0.0
8.3;172.8;0.0;0.0
8.3;172.8;0.0;0.0
8.3;172.8;0.0;0.0
8.3;172.8;0.0;0.0
8.3;172.8;0.0;0.0
8.3;172.8;0.0;0.0
8.3;172.8;0.0;0.0
8.3;172.8;0.0;0.0
