17.5;49.2;24.8;0.0
7.5;65.4;30.5;0.0
7.5;75.5;26.0;0.0
7.5;81.7;23.6;0.0
8.3;89.9;34.7;0.0
5.8;101.1;43.8;0.0
8.3;113.6;47.9;0.0
81.5;136.1;36.6;0.0
28.2;144.3;10.2;0.0
7.5;157.2;39.3;0.0
8.3;162.0;6.8;0.0
8.3;162.0;0.0;0.0
8.3;162.0;0.0;0.0
33.3;167.4;2.3;0.0
71.5;168.6;4.9;0.0
8.3;169.0;0.0;0.0
8.3;169.0;0.0;0.0
8.3;169.0;0.0;0.0
8.3;169.0;0.0;0.0
8.3;169.0;0.0;0.0
8.3;169.0;0.0;0.0
8.3;169.0;0.0;0.0
8.3;169.0;0.0;0.0
8.3;169.0;0.0;0.0
8.3;169.0;0.0;0.0
8.3;169.0;0.0;0.0
8.3;169.0;0.0;0.0
8.3;169.0;0.0;0.0
8.3;169.0;0.0;0.0
9.1;169.0;0.0;0.0
8.3;169.0;0.0;0.0
8.3;169.0;0.0;0.0
8.3;169.0;0.0;0.0
8.3;169.0;0.0;0.0
8.3;169.0;0.0;0.0
8.3;169.0;0.0;0.0
8.3;169.0;0.0;0.0
8.3;169.0;0.0;0.0
8.3;169.0;0.0;0.0
8.3;169.0;0.0;0.0
8.3;169.0;0.0;0.0
8.3;169.0;0.0;0.0
8.3;169.0;0.0;0.0
8.3;169.0;0.0;0.0
8.3;169.0;0.0;0.0
8.3;169.0;0.0;0.0
8.3;169.0;0.0;0.0
8.3;169.0;0.0;0.0
8.3;169.0;0.0;0.0
8.3;169.0;0.0;0.0
8.3;169.0;0.0;0.0
8.3;169.0;0.0;0.0
8.3;169.0;0.0;0.0
8.3;169.0;0.0;0.0
8.3;169.0;0.0;0.0
8.3;169.0;0.0;0.0
8.3;169.0;0.0;0.0
8.3;169.0;0.0;0.0
8.3;169.0;0.0;0.0
8.3;169.0;0.0;0.0
