19.1;48.9;28.8;0.0
8.3;64.3;33.9;0.0
6.6;73.7;24.3;0.0
8.3;85.7;27.7;0.0
5.8;95.1;39.7;0.0
8.3;105.6;44.8;0.0
16.5;121.3;34.1;0.0
91.3;135.8;35.2;0.0
7.5;142.2;13.0;0.0
8.3;157.5;38.2;0.0
8.3;157.7;0.0;0.0
8.3;157.7;0.0;0.0
8.3;157.8;0.0;0.0
74.9;169.2;7.2;0.0
29.1;170.5;2.6;0.0
7.5;170.5;0.0;0.0
8.3;170.5;0.0;0.0
8.3;170.5;0.0;0.0
8.3;170.5;0.0;0.0
8.3;170.5;0.0;0.0
8.3;170.7;0.0;0.0
8.3;170.7;0.0;0.0
9.1;170.7;0.0;0.0
8.3;170.7;0.0;0.0
8.3;170.7;0.0;0.0
7.5;170.7;0.0;0.0
8.3;170.7;0.0;0.0
8.3;170.7;0.0;0.0
8.3;170.7;0.0;0.0
8.3;170.7;0.0;0.0
8.3;170.7;0.0;0.0
8.3;170.7;0.0;0.0
8.3;170.7;0.0;0.0
8.3;170.7;0.0;0.0
9.1;170.7;0.0;0.0
8.3;170.7;0.0;0.0
9.1;170.7;0.0;0.0
8.3;170.7;0.0;0.0
8.3;170.7;0.0;0.0
8.3;170.7;0.0;0.0
8.3;170.7;0.0;0.0
7.5;170.7;0.0;0.0
8.3;170.7;0.0;0.0
8.3;170.7;0.0;0.0
8.3;170.7;0.0;0.0
8.3;170.7;0.0;0.0
8.3;170.7;0.0;0.0
8.3;170.7;0.0;0.0
8.3;170.7;0.0;0.0
8.3;170.7;0.0;0.0
8.3;170.7;0.0;0.0
8.3;170.7;0.0;0.0
8.3;170.7;0.0;0.0
8.3;170.7;0.0;0.0
8.3;170.7;0.0;0.0
8.3;170.7;0.0;0.0
8.3;170.7;0.0;0.0
8.3;170.7;0.0;0.0
8.3;170.7;0.0;0.0
8.3;170.7;0.0;0.0
