21.6;47.5;22.8;0.0
8.3;60.6;27.1;0.0
6.6;69.6;28.4;0.0
7.5;83.5;26.2;0.0
6.6;89.6;25.6;0.0
6.6;99.8;38.4;0.0
7.5;110.0;43.2;0.0
54.9;134.7;33.8;0.0
55.6;144.1;20.5;0.0
7.5;151.6;23.4;0.0
8.3;164.6;27.9;0.0
8.3;164.8;0.0;0.0
8.3;164.8;0.0;0.0
8.3;169.3;0.0;0.0
91.5;178.3;7.0;0.0
9.1;179.6;0.1;0.0
9.2;179.6;0.0;0.0
8.3;179.6;0.0;0.0
9.1;179.6;0.0;0.0
8.3;179.6;0.0;0.0
8.3;179.6;0.0;0.0
8.3;179.6;0.0;0.0
8.3;179.6;0.0;0.0
8.3;179.6;0.0;0.0
8.3;179.6;0.0;0.0
8.3;179.6;0.0;0.0
8.3;179.6;0.0;0.0
8.3;179.6;0.0;0.0
8.3;179.6;0.0;0.0
8.3;179.6;0.0;0.0
8.3;179.6;0.0;0.0
8.3;179.6;0.0;0.0
8.3;179.6;0.0;0.0
8.3;179.6;0.0;0.0
7.5;179.6;0.0;0.0
9.2;179.6;0.0;0.0
8.3;179.6;0.0;0.0
8.3;179.6;0.0;0.0
8.3;179.6;0.0;0.0
8.3;179.6;0.0;0.0
8.3;179.6;0.0;0.0
8.3;179.6;0.0;0.0
8.3;179.6;0.0;0.0
8.3;179.6;0.0;0.0
8.3;179.6;0.0;0.0
9.1;179.6;0.0;0.0
8.3;179.6;0.0;0.0
8.3;179.6;0.0;0.0
8.3;179.6;0.0;0.0
8.3;179.6;0.0;0.0
9.1;179.6;0.0;0.0
7.5;179.6;0.0;0.0
9.1;179.6;0.0;0.0
8.3;179.6;0.0;0.0
8.3;179.6;0.0;0.0
8.3;179.6;0.0;0.0
8.3;179.6;0.0;0.0
8.3;179.6;0.0;0.0
8.3;179.6;0.0;0.0
8.3;179.6;0.0;0.0
