6.6;52.4;31.1;0.0
7.5;65.6;27.3;0.0
6.6;72.5;23.6;0.0
8.3;83.2;25.2;0.0
5.8;91.6;34.5;0.0
7.5;100.6;42.8;0.0
7.5;110.9;35.3;0.0
96.5;133.3;39.1;0.0
12.5;140.5;9.2;0.0
7.5;153.2;40.4;0.0
8.3;157.1;3.7;0.0
8.3;157.1;0.0;0.0
8.3;157.1;0.0;0.0
45.8;182.4;2.3;0.0
59.0;183.7;5.8;0.0
9.2;184.0;0.0;0.0
8.3;184.0;0.0;0.0
8.3;184.0;0.0;0.0
7.5;184.0;0.0;0.0
8.3;184.0;0.0;0.0
8.3;184.0;0.0;0.0
8.3;184.0;0.0;0.0
8.3;184.0;0.0;0.0
9.1;184.0;0.0;0.0
8.3;184.0;0.0;0.0
8.3;184.0;0.0;0.0
7.5;184.0;0.0;0.0
8.3;184.0;0.0;0.0
8.3;184.0;0.0;0.0
8.3;184.0;0.0;0.0
8.3;184.0;0.0;0.0
8.3;184.0;0.0;0.0
9.1;184.0;0.0;0.0
8.3;184.0;0.0;0.0
8.3;184.0;0.0;0.0
8.3;184.0;0.0;0.0
8.3;184.0;0.0;0.0
7.5;184.0;0.0;0.0
8.3;184.0;0.0;0.0
8.3;184.0;0.0;0.0
8.3;184.0;0.0;0.0
8.3;184.0;0.0;0.0
8.3;184.0;0.0;0.0
8.3;184.0;0.0;0.0
8.3;184.0;0.0;0.0
8.3;184.0;0.0;0.0
9.1;184.0;0.0;0.0
8.3;184.0;0.0;0.0
8.3;184.0;0.0;0.0
9.1;184.0;0.0;0.0
8.3;184.0;0.0;0.0
8.3;184.0;0.0;0.0
8.3;184.0;0.0;0.0
7.5;184.0;0.0;0.0
8.3;184.0;0.0;0.0
8.3;184.0;0.0;0.0
8.3;184.0;0.0;0.0
8.3;184.0;0.0;0.0
8.3;184.0;0.0;0.0
8.3;184.0;0.0;0.0
