14.9;46.3;28.4;0.0
6.6;60.3;28.3;0.0
8.3;66.4;29.6;0.0
6.6;79.8;26.8;0.0
7.5;87.4;30.2;0.0
6.7;96.5;37.8;0.0
6.6;108.8;47.5;0.0
79.0;131.9;40.3;0.0
30.8;138.5;7.9;0.0
7.5;153.8;44.2;0.0
8.3;155.2;0.4;0.0
8.3;155.2;0.0;0.0
8.3;155.2;0.0;0.0
66.6;168.5;4.1;0.0
31.6;168.8;3.6;0.0
6.6;170.1;2.9;0.0
8.3;170.1;0.0;0.0
8.3;170.1;0.0;0.0
8.3;170.1;0.0;0.0
8.3;170.1;0.0;0.0
8.3;170.1;0.0;0.0
8.3;170.1;0.0;0.0
8.3;170.1;0.0;0.0
8.3;170.1;0.0;0.0
8.3;170.1;0.0;0.0
8.3;170.1;0.0;0.0
8.3;170.1;0.0;0.0
8.3;170.1;0.0;0.0
8.3;170.1;0.0;0.0
8.3;170.1;0.0;0.0
8.3;170.1;0.0;0.0
8.3;170.1;0.0;0.0
9.1;170.1;0.0;0.0
8.3;170.1;0.0;0.0
8.3;170.1;0.0;0.0
8.3;170.1;0.0;0.0
8.3;170.1;0.0;0.0
8.3;170.1;0.0;0.0
8.3;170.1;0.0;0.0
8.3;170.1;0.0;0.0
8.3;170.1;0.0;0.0
8.3;170.1;0.0;0.0
8.3;170.1;0.0;0.0
8.3;170.1;0.0;0.0
8.3;170.1;0.0;0.0
8.3;170.1;0.0;0.0
8.3;170.1;0.0;0.0
8.3;170.1;0.0;0.0
8.3;170.1;0.0;0.0
9.1;170.1;0.0;0.0
8.3;170.1;0.0;0.0
8.3;170.1;0.0;0.0
8.3;170.1;0.0;0.0
8.3;170.1;0.0;0.0
8.3;170.1;0.0;0.0
8.3;170.1;0.0;0.0
8.3;170.1;0.0;0.0
8.3;170.1;0.0;0.0
8.3;170.1;0.0;0.0
8.3;170.1;0.0;0.0
