20.8;42.7;32.6;0.0
7.5;57.0;30.6;0.0
8.3;65.4;27.3;0.0
7.5;79.0;28.4;0.0
6.6;88.7;41.7;0.0
7.5;99.4;45.1;0.0
28.3;119.9;36.8;0.0
81.4;131.7;30.2;0.0
6.6;138.8;20.6;0.0
8.3;152.9;30.6;0.0
8.3;153.2;0.0;0.0
8.3;153.2;0.0;0.0
8.3;153.3;0.0;0.0
84.9;170.6;5.4;0.0
21.6;172.0;3.0;0.0
9.2;172.0;0.0;0.0
7.5;172.0;0.0;0.0
8.3;172.0;0.0;0.0
8.3;172.0;0.0;0.0
8.3;172.0;0.0;0.0
8.3;172.0;0.0;0.0
9.2;172.0;0.0;0.0
8.3;172.0;0.0;0.0
8.3;172.0;0.0;0.0
8.3;172.0;0.0;0.0
8.3;172.0;0.0;0.0
8.3;172.0;0.0;0.0
8.3;172.0;0.0;0.0
8.3;172.0;0.0;0.0
8.3;172.0;0.0;0.0
8.3;172.0;0.0;0.0
8.3;172.0;0.0;0.0
8.3;172.0;0.0;0.0
8.3;172.0;0.0;0.0
8.3;172.0;0.0;0.0
8.3;172.0;0.0;0.0
8.3;172.0;0.0;0.0
8.3;172.0;0.0;0.0
8.3;172.0;0.0;0.0
9.2;172.0;0.0;0.0
9.2;172.0;0.0;0.0
8.3;172.0;0.0;0.0
7.5;172.0;0.0;0.0
8.3;172.0;0.0;0.0
8.3;172.0;0.0;0.0
8.3;172.0;0.0;0.0
8.3;172.0;0.0;0.0
8.3;172.0;0.0;0.0
8.3;172.0;0.0;0.0
8.3;172.0;0.0;0.0
8.3;172.0;0.0;0.0
8.3;172.0;0.0;0.0
8.3;172.0;0.0;0.0
8.3;172.0;0.0;0.0
8.3;172.0;0.0;0.0
8.3;172.0;0.0;0.0
9.1;172.0;0.0;0.0
8.3;172.0;0.0;0.0
8.3;172.0;0.0;0.0
8.3;172.0;0.0;0.0
