6.6;51.2;37.1;0.0
7.5;64.7;27.3;0.0
7.5;70.0;23.1;0.0
7.5;79.8;25.0;0.0
6.6;89.2;40.3;0.0
6.6;99.6;43.8;0.0
23.3;123.0;35.8;0.0
81.4;136.1;33.9;0.0
8.3;142.4;18.2;0.0
8.3;157.3;33.0;0.0
8.3;157.5;0.0;0.0
8.3;157.5;0.0;0.0
12.5;170.2;0.0;0.0
92.4;173.2;7.3;0.0
8.3;172.4;0.0;0.0
9.1;172.4;0.0;0.0
8.3;172.4;0.0;0.0
8.3;172.4;0.0;0.0
8.3;172.4;0.0;0.0
8.3;172.4;0.0;0.0
8.3;172.4;0.0;0.0
8.3;172.4;0.0;0.0
8.3;172.4;0.0;0.0
8.3;172.4;0.0;0.0
8.3;172.4;0.0;0.0
8.3;172.4;0.0;0.0
8.3;172.4;0.0;0.0
9.2;172.4;0.0;0.0
8.3;172.4;0.0;0.0
8.3;172.4;0.0;0.0
8.3;172.4;0.0;0.0
8.3;172.4;0.0;0.0
8.3;172.4;0.0;0.0
8.3;172.4;0.0;0.0
8.3;172.4;0.0;0.0
8.3;172.4;0.0;0.0
8.3;172.4;0.0;0.0
8.3;172.4;0.0;0.0
8.3;172.4;0.0;0.0
8.3;172.4;0.0;0.0
8.3;172.4;0.0;0.0
8.3;172.4;0.0;0.0
8.3;172.4;0.0;0.0
8.3;172.4;0.0;0.0
8.3;172.4;0.0;0.0
9.1;172.4;0.0;0.0
8.3;172.4;0.0;0.0
8.3;172.4;0.0;0.0
8.3;172.4;0.0;0.0
8.3;172.4;0.0;0.0
8.3;172.4;0.0;0.0
8.3;172.4;0.0;0.0
8.3;172.4;0.0;0.0
8.3;172.4;0.0;0.0
8.3;172.4;0.0;0.0
8.3;172.4;0.0;0.0
8.3;172.4;0.0;0.0
8.3;172.4;0.0;0.0
8.3;172.4;0.0;0.0
8.3;172.4;0.0;0.0
