5.8;52.8;35.3;0.0
7.5;66.2;27.3;0.0
6.6;68.1;23.1;0.0
9.1;78.1;25.0;0.0
5.0;87.1;36.7;0.0
7.5;97.4;43.8;0.0
7.5;107.1;32.1;0.0
92.4;133.8;41.0;0.0
15.0;140.1;10.0;0.0
7.5;154.6;41.1;0.0
8.3;155.9;0.4;0.0
8.3;155.9;0.0;0.0
8.3;155.9;0.0;0.0
57.9;189.3;2.3;0.0
43.2;189.3;1.8;0.0
0.8;189.4;6.7;0.0
6.6;190.8;8.7;0.0
8.3;190.8;0.0;0.0
8.3;190.8;0.0;0.0
8.3;190.8;0.0;0.0
8.3;190.8;0.0;0.0
8.3;190.8;0.0;0.0
8.3;190.8;0.0;0.0
8.3;190.8;0.0;0.0
8.3;190.8;0.0;0.0
8.3;190.8;0.0;0.0
8.3;190.8;0.0;0.0
8.3;190.8;0.0;0.0
9.1;190.8;0.0;0.0
8.3;190.8;0.0;0.0
8.3;190.8;0.0;0.0
8.3;190.8;0.0;0.0
8.3;190.8;0.0;0.0
8.3;190.8;0.0;0.0
8.3;190.8;0.0;0.0
8.3;190.8;0.0;0.0
8.3;190.8;0.0;0.0
8.3;190.8;0.0;0.0
8.3;190.8;0.0;0.0
8.3;190.8;0.0;0.0
8.3;190.8;0.0;0.0
8.3;190.8;0.0;0.0
8.3;190.8;0.0;0.0
8.3;190.8;0.0;0.0
8.3;190.8;0.0;0.0
8.3;190.8;0.0;0.0
8.3;190.8;0.0;0.0
8.3;190.8;0.0;0.0
8.3;190.8;0.0;0.0
8.3;190.8;0.0;0.0
8.3;190.8;0.0;0.0
8.3;190.8;0.0;0.0
8.3;190.8;0.0;0.0
8.3;190.8;0.0;0.0
8.3;190.8;0.0;0.0
8.3;190.8;0.0;0.0
8.3;190.8;0.0;0.0
8.3;190.8;0.0;0.0
8.3;190.8;0.0;0.0
8.3;190.8;0.0;0.0
