17.4;47.2;30.5;0.0
8.3;62.3;31.8;0.0
6.6;64.4;23.3;0.0
7.5;77.5;26.8;0.0
6.6;85.8;36.2;0.0
7.5;95.4;41.6;0.0
7.5;105.7;36.3;0.0
94.9;125.9;35.3;0.0
15.0;135.3;13.0;0.0
7.5;149.6;44.2;0.0
8.3;152.2;0.4;0.0
8.3;152.2;0.0;0.0
8.3;152.4;0.0;0.0
61.6;187.5;4.1;0.0
44.9;189.2;7.3;0.0
8.3;189.2;0.0;0.0
8.3;189.2;0.0;0.0
8.3;189.2;0.0;0.0
8.3;189.2;0.0;0.0
8.3;189.2;0.0;0.0
8.3;189.2;0.0;0.0
8.3;189.2;0.0;0.0
8.3;189.2;0.0;0.0
9.1;189.2;0.0;0.0
7.5;189.2;0.0;0.0
8.3;189.2;0.0;0.0
9.2;189.2;0.0;0.0
8.3;189.2;0.0;0.0
8.3;189.2;0.0;0.0
8.3;189.2;0.0;0.0
8.3;189.2;0.0;0.0
8.3;189.2;0.0;0.0
8.3;189.2;0.0;0.0
8.3;189.2;0.0;0.0
8.3;189.2;0.0;0.0
8.3;189.2;0.0;0.0
8.3;189.2;0.0;0.0
8.3;189.2;0.0;0.0
8.3;189.2;0.0;0.0
8.3;189.2;0.0;0.0
8.3;189.2;0.0;0.0
8.3;189.2;0.0;0.0
8.3;189.2;0.0;0.0
8.3;189.2;0.0;0.0
8.3;189.2;0.0;0.0
8.3;189.2;0.0;0.0
8.3;189.2;0.0;0.0
8.3;189.2;0.0;0.0
8.3;189.2;0.0;0.0
8.3;189.2;0.0;0.0
8.3;189.2;0.0;0.0
8.3;189.2;0.0;0.0
7.5;189.2;0.0;0.0
8.3;189.2;0.0;0.0
8.3;189.2;0.0;0.0
8.3;189.2;0.0;0.0
9.1;189.2;0.0;0.0
9.1;189.2;0.0;0.0
8.3;189.2;0.0;0.0
8.3;189.2;0.0;0.0
