7.5;46.2;17.8;0.0
7.5;55.3;15.7;0.0
8.3;61.4;15.0;0.0
7.5;62.6;19.4;0.0
8.3;72.5;13.0;0.0
8.3;77.5;18.7;0.0
7.5;86.3;34.9;0.0
8.3;91.5;22.6;0.0
6.6;97.8;28.1;0.0
8.0;104.9;24.8;0.0
67.6;116.9;6.1;0.0
33.2;131.1;35.5;0.0
8.3;134.2;1.6;0.0
8.3;139.8;21.2;0.0
8.3;151.1;28.0;0.0
8.3;153.1;0.4;0.0
8.3;153.1;0.0;0.0
9.2;153.3;0.0;0.0
7.5;153.3;0.0;0.0
8.3;153.3;0.0;0.0
55.7;187.5;0.0;0.0
96.4;187.9;0.0;0.0
63.0;188.5;2.3;0.0
0.8;188.8;3.8;0.0
2.5;189.4;6.6;0.0
8.3;189.5;0.0;0.0
6.6;189.5;0.0;0.0
8.3;189.5;0.0;0.0
9.1;189.5;0.0;0.0
8.3;189.5;0.0;0.0
9.2;189.5;0.0;0.0
8.3;189.5;0.0;0.0
