6.6;46.6;17.6;0.0
6.6;56.3;22.8;0.0
9.2;63.7;16.6;0.0
7.5;69.1;18.9;0.0
7.5;78.3;11.2;0.0
8.3;83.9;19.9;0.0
7.5;92.8;34.5;0.0
7.5;98.6;25.0;0.0
7.5;105.3;31.8;0.0
18.2;123.0;23.1;0.0
89.7;127.7;9.5;0.0
7.5;138.5;28.7;0.0
9.1;143.2;8.2;0.0
7.5;149.2;25.1;0.0
8.3;159.2;17.9;0.0
8.3;159.7;0.0;0.0
8.3;159.9;0.0;0.0
61.3;170.1;0.0;0.0
94.0;172.1;0.0;0.0
91.5;173.1;2.2;0.0
44.9;173.4;2.5;0.0
0.0;174.9;8.1;0.0
8.3;174.0;0.0;0.0
8.3;174.1;0.0;0.0
8.2;174.1;0.0;0.0
8.3;174.1;0.0;0.0
9.1;174.1;0.0;0.0
7.5;174.1;0.0;0.0
8.3;174.1;0.0;0.0
8.3;174.2;0.0;0.0
