5.8;46.6;32.6;0.0
8.3;61.9;30.6;0.0
6.6;72.5;23.2;0.0
7.5;83.1;25.4;0.0
7.5;93.5;43.9;0.0
6.7;103.7;44.3;0.0
30.8;128.4;35.6;0.0
78.1;139.2;30.0;0.0
7.5;145.5;13.0;0.0
7.5;159.9;36.9;0.0
4.1;161.2;2.3;0.0
0.0;161.2;0.0;0.0
0.0;161.2;0.0;0.0
0.0;161.2;0.0;0.0
0.0;161.2;0.0;0.0
0.0;161.2;0.0;0.0
0.0;161.2;0.0;0.0
0.0;161.3;1.6;0.0
0.0;161.3;0.0;0.0
0.0;161.3;0.0;0.0
0.0;161.3;0.0;0.0
0.8;161.3;0.4;0.0
6.6;161.5;0.4;0.0
8.3;161.6;0.0;0.0
9.1;161.6;0.0;0.0
8.3;161.6;0.0;0.0
8.3;161.6;0.0;0.0
8.3;161.6;0.0;0.0
8.3;161.6;0.0;0.0
6.6;162.4;1.4;0.0
0.0;162.4;0.0;0.0
0.0;162.4;0.0;0.0
0.0;162.4;0.0;0.0
0.0;162.4;0.0;0.0
0.0;162.4;0.0;0.0
0.0;162.4;0.0;0.0
0.0;162.4;2.0;0.0
0.0;162.4;0.0;0.0
0.0;162.4;0.0;0.0
0.0;162.4;0.0;0.0
0.0;162.4;0.8;0.0
0.0;162.4;0.0;0.0
0.0;162.4;0.0;0.0
0.0;162.4;0.0;0.0
0.0;162.4;0.0;0.0
0.0;162.4;0.0;0.0
0.0;162.4;0.0;0.0
0.0;162.4;0.0;0.0
0.0;162.4;0.0;0.0
0.0;162.4;0.0;0.0
0.0;162.4;0.0;0.0
0.0;162.4;0.0;0.0
0.0;162.4;0.0;0.0
0.0;162.4;0.0;0.0
0.0;162.4;0.0;0.0
0.0;162.4;0.0;0.0
0.0;162.4;0.0;0.0
0.0;162.4;0.0;0.0
0.0;162.4;0.0;0.0
0.0;162.4;0.0;0.0
