10.8;45.5;29.7;0.0
9.2;59.5;27.3;0.0
6.6;63.3;25.5;0.0
8.3;76.6;26.6;0.0
5.8;84.7;32.8;0.0
6.6;94.8;44.8;0.0
8.3;109.0;38.3;0.0
99.0;130.6;41.2;0.0
10.0;136.7;12.6;0.0
8.3;151.2;37.2;0.0
5.0;152.5;2.3;0.0
0.0;152.5;0.0;0.0
0.0;152.5;0.0;0.0
0.0;152.5;0.0;0.0
0.0;152.5;0.0;0.0
0.0;152.5;0.0;0.0
0.0;152.5;0.0;0.0
0.0;152.5;0.0;0.0
0.0;152.8;1.7;0.0
0.0;152.8;0.0;0.0
0.0;152.8;0.0;0.0
0.0;152.8;0.8;0.0
7.5;152.9;0.0;0.0
8.3;153.1;0.0;0.0
8.3;153.1;0.0;0.0
8.3;153.1;0.0;0.0
8.3;153.1;0.0;0.0
8.3;153.1;0.0;0.0
8.3;153.1;0.0;0.0
10.0;153.3;1.4;0.0
2.5;153.8;0.0;0.0
0.0;153.8;0.0;0.0
0.0;153.8;0.0;0.0
0.0;153.8;0.0;0.0
0.0;153.8;0.0;0.0
0.0;153.8;0.0;0.0
0.0;153.8;0.0;0.0
0.0;153.8;1.7;0.0
0.0;153.8;0.0;0.0
0.0;153.8;0.0;0.0
0.0;153.8;0.4;0.0
0.0;153.8;0.0;0.0
0.0;153.8;0.0;0.0
0.0;153.8;0.0;0.0
0.0;153.8;0.5;0.0
0.0;153.8;0.0;0.0
0.0;153.8;0.0;0.0
0.0;153.8;0.0;0.0
0.0;153.8;0.0;0.0
0.0;153.8;0.0;0.0
0.0;153.8;0.0;0.0
0.0;153.8;0.0;0.0
0.0;153.8;0.0;0.0
0.0;153.8;0.0;0.0
0.0;153.8;0.0;0.0
0.0;153.8;0.0;0.0
0.0;153.8;0.0;0.0
0.0;153.8;0.0;0.0
0.0;153.8;0.0;0.0
0.0;153.8;0.0;0.0
