7.5;47.4;35.0;0.0
8.3;60.3;27.3;0.0
7.5;70.1;23.5;0.0
7.5;79.5;25.2;0.0
5.8;90.5;46.7;0.0
7.5;100.6;45.2;0.0
42.4;125.8;43.0;0.0
67.4;134.5;18.3;0.0
7.5;141.9;23.2;0.0
8.3;154.4;26.7;0.0
2.5;155.5;2.3;0.0
0.0;155.5;0.0;0.0
0.0;155.5;0.0;0.0
0.0;155.5;0.0;0.0
0.0;155.5;0.0;0.0
0.0;155.5;0.0;0.0
0.0;155.5;0.0;0.0
0.0;155.8;1.7;0.0
0.0;155.8;0.0;0.0
0.0;155.8;0.0;0.0
0.0;155.8;0.0;0.0
4.1;156.1;0.9;0.0
8.3;156.2;0.0;0.0
8.3;156.2;0.0;0.0
8.3;156.2;0.0;0.0
8.3;156.2;0.0;0.0
8.3;156.2;0.0;0.0
8.3;156.2;0.0;0.0
8.3;158.3;1.4;0.0
2.5;158.8;0.0;0.0
0.0;158.8;0.0;0.0
0.0;158.8;0.0;0.0
0.0;158.8;0.0;0.0
0.0;158.8;0.0;0.0
0.0;158.8;0.0;0.0
0.0;158.8;0.0;0.0
0.0;158.8;1.8;0.0
0.0;158.8;0.0;0.0
0.0;158.8;0.0;0.0
0.0;158.8;0.4;0.0
0.0;158.8;0.5;0.0
0.0;158.8;0.0;0.0
0.0;158.8;0.0;0.0
0.0;158.8;0.0;0.0
0.0;158.8;0.0;0.0
0.0;158.8;0.0;0.0
0.0;158.8;0.0;0.0
0.0;158.8;0.0;0.0
0.0;158.8;0.0;0.0
0.0;158.8;0.0;0.0
0.0;158.8;0.0;0.0
0.0;158.8;0.0;0.0
0.0;158.8;0.0;0.0
0.0;158.8;0.0;0.0
0.0;158.8;0.0;0.0
0.0;158.8;0.0;0.0
0.0;158.8;0.0;0.0
0.0;158.8;0.0;0.0
0.0;158.8;0.0;0.0
0.0;158.8;0.0;0.0
