7.5;59.7;34.9;0.0
7.5;72.7;27.0;0.0
6.6;76.2;23.1;0.0
7.5;85.8;39.0;0.0
7.5;97.3;44.0;0.0
5.8;110.0;49.1;0.0
80.7;131.6;37.8;0.0
29.1;140.5;13.6;0.0
8.3;155.4;40.0;0.0
5.8;156.7;2.3;0.0
0.0;156.7;0.0;0.0
0.0;156.7;0.0;0.0
0.0;156.7;0.0;0.0
0.0;156.7;0.0;0.0
0.0;156.7;0.0;0.0
0.0;156.7;0.0;0.0
0.0;156.7;0.0;0.0
0.0;156.9;1.7;0.0
0.0;156.9;0.0;0.0
0.0;156.9;0.0;0.0
1.7;157.0;0.9;0.0
8.3;157.2;0.0;0.0
8.3;157.2;0.0;0.0
8.3;157.2;0.0;0.0
9.1;157.2;0.0;0.0
7.5;157.2;0.0;0.0
8.3;157.2;0.0;0.0
8.3;157.4;1.3;0.0
3.3;157.9;0.1;0.0
0.0;157.9;0.0;0.0
0.0;157.9;0.0;0.0
0.0;157.9;0.0;0.0
0.0;157.9;0.0;0.0
0.0;157.9;0.0;0.0
0.0;157.9;0.0;0.0
0.8;157.9;1.7;0.0
0.0;157.9;0.0;0.0
0.0;157.9;0.0;0.0
0.0;157.9;0.0;0.0
0.0;157.9;0.8;0.0
0.0;157.9;0.0;0.0
0.0;157.9;0.0;0.0
0.0;157.9;0.0;0.0
0.0;157.9;0.0;0.0
0.0;157.9;0.0;0.0
0.0;157.9;0.0;0.0
0.0;157.9;0.0;0.0
0.0;157.9;0.0;0.0
0.0;157.9;0.0;0.0
0.0;157.9;0.0;0.0
0.0;157.9;0.0;0.0
0.0;157.9;0.0;0.0
0.0;157.9;0.0;0.0
0.0;157.9;0.0;0.0
0.0;157.9;0.0;0.0
0.0;157.9;0.0;0.0
0.0;157.9;0.0;0.0
0.0;157.9;0.0;0.0
0.0;157.9;0.0;0.0
0.0;157.9;0.0;0.0
