6.6;48.7;34.1;0.0
8.3;61.0;24.5;0.0
5.8;72.2;23.0;0.0
9.1;81.3;24.8;0.0
5.8;91.5;42.3;0.0
6.6;101.6;43.7;0.0
27.5;123.0;38.5;0.0
82.2;133.8;28.7;0.0
8.3;140.1;19.0;0.0
8.3;154.1;30.8;0.0
2.5;155.2;2.3;0.0
0.0;155.2;0.0;0.0
0.0;155.2;0.0;0.0
0.0;155.2;0.0;0.0
0.0;155.2;0.0;0.0
0.0;155.2;0.0;0.0
0.0;155.2;0.0;0.0
0.0;155.4;1.7;0.0
0.0;155.4;0.0;0.0
0.0;155.4;0.0;0.0
0.0;155.4;0.0;0.0
3.3;155.6;0.9;0.0
8.3;155.8;0.0;0.0
9.1;155.8;0.0;0.0
8.3;155.8;0.0;0.0
8.3;155.8;0.0;0.0
8.3;155.8;0.0;0.0
8.3;155.8;0.0;0.0
8.3;157.9;1.4;0.0
1.7;158.4;0.0;0.0
0.0;158.4;0.0;0.0
0.0;158.4;0.0;0.0
0.0;158.4;0.0;0.0
0.0;158.4;0.0;0.0
0.0;158.4;0.0;0.0
0.0;158.4;0.0;0.0
0.0;158.4;1.9;0.0
0.0;158.4;0.0;0.0
0.0;158.4;0.0;0.0
0.0;158.4;0.4;0.0
0.0;158.4;0.0;0.0
0.0;158.4;0.0;0.0
0.0;158.4;0.0;0.0
0.0;158.4;0.0;0.0
0.0;158.4;0.0;0.0
0.0;158.4;0.0;0.0
0.0;158.4;0.0;0.0
0.0;158.4;0.0;0.0
0.0;158.4;0.0;0.0
0.0;158.4;0.3;0.0
0.0;158.4;0.2;0.0
0.0;158.4;0.0;0.0
0.0;158.4;0.0;0.0
0.0;158.4;0.0;0.0
0.0;158.4;0.0;0.0
0.0;158.4;0.0;0.0
0.0;158.4;0.0;0.0
0.0;158.4;0.0;0.0
0.0;158.4;0.0;0.0
0.0;158.4;0.0;0.0
