28.3;48.4;33.0;0.0
8.3;63.8;31.4;0.0
5.8;68.9;23.0;0.0
9.1;79.8;25.8;0.0
5.8;88.4;35.5;0.0
7.5;98.8;43.6;0.0
10.0;115.3;34.3;0.0
98.9;131.9;40.4;0.0
8.3;138.2;15.6;0.0
8.3;152.6;34.2;0.0
3.3;153.6;2.3;0.0
0.0;153.6;0.0;0.0
0.0;153.6;0.0;0.0
0.0;153.6;0.0;0.0
0.0;153.6;0.0;0.0
0.0;153.6;0.0;0.0
0.0;153.6;0.0;0.0
0.0;154.0;1.8;0.0
0.0;154.0;0.0;0.0
0.0;154.0;0.0;0.0
0.0;154.0;0.0;0.0
4.2;154.2;0.9;0.0
8.3;154.4;0.0;0.0
8.3;154.4;0.0;0.0
8.3;154.4;0.0;0.0
8.3;154.4;0.0;0.0
8.3;154.4;0.0;0.0
8.3;154.4;0.0;0.0
9.2;154.5;1.3;0.0
3.3;155.0;0.1;0.0
0.0;155.0;0.0;0.0
0.0;155.0;0.0;0.0
0.0;155.0;0.0;0.0
0.0;155.0;0.0;0.0
0.0;155.0;0.0;0.0
0.0;155.0;0.0;0.0
0.0;155.0;1.8;0.0
0.0;155.0;0.0;0.0
0.0;155.0;0.0;0.0
0.0;155.0;0.0;0.0
0.8;155.0;0.8;0.0
0.0;155.0;0.0;0.0
0.0;155.0;0.0;0.0
0.0;155.0;0.0;0.0
0.0;155.0;0.0;0.0
0.0;155.0;0.0;0.0
0.0;155.0;0.0;0.0
0.0;155.0;0.0;0.0
0.0;155.0;0.0;0.0
0.0;155.0;0.0;0.0
0.0;155.0;0.0;0.0
0.0;155.0;0.0;0.0
0.0;155.0;0.0;0.0
0.0;155.0;0.0;0.0
0.0;155.0;0.0;0.0
0.0;155.0;0.0;0.0
0.0;155.0;0.0;0.0
0.0;155.0;0.0;0.0
0.0;155.0;0.0;0.0
0.0;155.0;0.0;0.0
