18.3;43.7;29.8;0.0
7.5;58.3;28.1;0.0
6.6;64.3;31.3;0.0
8.3;78.4;28.0;0.0
6.6;85.9;31.9;0.0
6.6;94.9;38.9;0.0
6.6;106.5;43.3;0.0
87.4;132.6;41.6;0.0
23.3;139.2;9.8;0.0
7.5;153.8;40.1;0.0
4.2;155.0;2.3;0.0
0.0;155.0;0.0;0.0
0.0;155.0;0.0;0.0
0.0;155.0;0.0;0.0
0.0;155.0;0.0;0.0
0.0;155.0;0.0;0.0
0.0;155.0;0.0;0.0
0.0;155.0;0.0;0.0
0.0;155.1;1.8;0.0
0.0;155.1;0.0;0.0
0.0;155.1;0.0;0.0
0.0;155.1;0.4;0.0
0.0;155.1;0.0;0.0
0.0;155.1;0.0;0.0
0.0;155.1;0.0;0.0
5.0;155.4;0.5;0.0
8.3;155.5;0.0;0.0
8.3;155.5;0.0;0.0
9.1;155.5;0.0;0.0
8.3;155.5;0.0;0.0
8.3;155.5;0.0;0.0
9.2;155.5;0.0;0.0
8.3;155.7;1.4;0.0
0.0;156.3;0.0;0.0
0.0;156.3;0.0;0.0
0.0;156.3;0.0;0.0
0.0;156.3;0.0;0.0
0.0;156.3;0.0;0.0
0.0;156.3;0.0;0.0
0.0;156.3;0.0;0.0
0.0;156.3;1.8;0.0
0.0;156.3;0.0;0.0
0.0;156.3;0.0;0.0
0.0;156.3;0.8;0.0
0.0;156.3;0.0;0.0
0.0;156.3;0.0;0.0
0.0;156.3;0.0;0.0
0.0;156.3;0.0;0.0
0.0;156.3;0.0;0.0
0.0;156.3;0.0;0.0
0.0;156.3;0.0;0.0
0.0;156.3;0.0;0.0
0.0;156.3;0.0;0.0
0.0;156.3;0.0;0.0
0.0;156.3;0.0;0.0
0.0;156.3;0.0;0.0
0.0;156.3;0.0;0.0
0.0;156.3;0.0;0.0
0.0;156.3;0.0;0.0
0.0;156.3;0.0;0.0
