5.8;50.0;34.6;0.0
8.3;62.9;26.4;0.0
5.8;71.6;22.6;0.0
8.3;81.6;28.6;0.0
5.8;92.2;44.7;0.0
8.3;101.9;41.3;0.0
32.4;124.8;35.7;0.0
76.5;136.2;28.0;0.0
7.5;145.7;30.9;0.0
8.3;155.8;18.9;0.0
0.0;156.8;2.3;0.0
0.0;156.8;0.0;0.0
0.0;156.8;0.0;0.0
0.0;156.8;0.0;0.0
0.0;156.8;0.0;0.0
0.0;156.8;0.0;0.0
0.0;156.8;0.0;0.0
0.0;157.1;1.8;0.0
0.0;157.1;0.0;0.0
0.0;157.1;0.0;0.0
0.0;157.1;0.0;0.0
0.0;157.1;0.4;0.0
0.0;157.1;0.0;0.0
5.8;157.3;0.6;0.0
8.3;157.5;0.0;0.0
8.3;157.5;0.0;0.0
8.3;157.5;0.0;0.0
8.3;157.5;0.0;0.0
8.3;157.5;0.0;0.0
8.3;157.5;0.0;0.0
8.3;157.6;0.1;0.0
5.0;158.1;1.3;0.0
0.0;158.1;0.0;0.0
0.0;158.1;0.0;0.0
0.0;158.1;0.0;0.0
0.0;158.1;0.0;0.0
0.0;158.1;0.0;0.0
0.0;158.1;0.0;0.0
0.0;158.1;1.7;0.0
0.0;158.1;0.0;0.0
0.0;158.1;0.0;0.0
0.0;158.1;0.0;0.0
0.0;158.1;0.9;0.0
0.0;158.1;0.0;0.0
0.0;158.1;0.0;0.0
0.0;158.1;0.0;0.0
0.0;158.1;0.0;0.0
0.0;158.1;0.0;0.0
0.0;158.1;0.0;0.0
0.0;158.1;0.0;0.0
0.0;158.1;0.0;0.0
0.0;158.1;0.0;0.0
0.0;158.1;0.0;0.0
0.0;158.1;0.0;0.0
0.0;158.1;0.0;0.0
0.0;158.1;0.0;0.0
0.0;158.1;0.0;0.0
0.0;158.1;0.0;0.0
0.0;158.1;0.0;0.0
0.0;158.1;0.0;0.0
