6.6;61.4;33.5;0.0
7.5;72.9;28.0;0.0
7.5;74.8;20.8;0.0
7.5;82.0;33.0;0.0
6.6;92.5;39.0;0.0
6.6;101.9;39.8;0.0
40.8;126.1;40.8;0.0
67.3;136.2;20.3;0.0
6.6;147.9;38.1;0.0
8.3;156.4;13.1;0.0
0.0;156.4;0.3;0.0
0.0;156.4;0.0;0.0
0.0;156.4;0.0;0.0
0.0;156.4;0.0;0.0
0.0;156.4;0.0;0.0
0.0;156.4;0.0;0.0
0.0;156.4;0.0;0.0
0.0;156.6;1.6;0.0
0.0;156.6;0.0;0.0
0.0;156.6;0.0;0.0
0.0;156.6;0.0;0.0
5.8;156.8;0.8;0.0
8.3;157.0;0.0;0.0
8.3;157.0;0.0;0.0
9.2;157.0;0.0;0.0
8.3;157.0;0.0;0.0
8.3;157.0;0.0;0.0
7.5;157.0;0.0;0.0
8.3;157.1;1.4;0.0
1.7;157.6;0.0;0.0
0.0;157.6;0.0;0.0
0.0;157.6;0.0;0.0
0.0;157.6;0.0;0.0
0.0;157.6;0.0;0.0
0.0;157.6;0.0;0.0
0.0;157.6;0.0;0.0
0.8;157.6;1.8;0.0
0.0;157.6;0.0;0.0
0.0;157.6;0.0;0.0
0.0;157.6;0.8;0.0
0.0;157.6;0.0;0.0
0.0;157.6;0.0;0.0
0.0;157.6;0.0;0.0
0.0;157.6;0.0;0.0
0.0;157.6;0.0;0.0
0.0;157.6;0.0;0.0
0.0;157.6;0.0;0.0
0.0;157.6;0.0;0.0
0.0;157.6;0.0;0.0
0.0;157.6;0.0;0.0
0.0;157.6;0.0;0.0
0.0;157.6;0.0;0.0
0.0;157.6;0.0;0.0
0.0;157.6;0.0;0.0
0.0;157.6;0.0;0.0
0.0;157.6;0.0;0.0
0.0;157.6;0.0;0.0
0.0;157.6;0.0;0.0
0.0;157.6;0.0;0.0
0.0;157.6;0.0;0.0
