16.6;48.3;32.5;0.0
8.3;64.2;32.9;0.0
5.8;67.5;20.9;0.0
8.3;78.9;25.8;0.0
5.8;87.9;36.4;0.0
7.5;96.0;38.0;0.0
7.5;107.0;39.7;0.0
88.2;129.6;39.8;0.0
22.4;137.3;11.6;0.0
7.5;152.2;40.0;0.0
4.2;153.4;2.3;0.0
0.0;153.4;0.0;0.0
0.0;153.4;0.0;0.0
0.0;153.4;0.0;0.0
0.0;153.4;0.0;0.0
0.0;153.4;0.0;0.0
0.0;153.4;0.0;0.0
0.0;153.4;0.8;0.0
0.0;153.5;1.0;0.0
0.0;153.5;0.0;0.0
0.0;153.5;0.0;0.0
0.0;153.5;0.4;0.0
0.0;153.5;0.0;0.0
0.0;153.5;0.0;0.0
0.0;153.5;0.0;0.0
5.0;153.8;0.4;0.0
8.3;153.9;0.0;0.0
8.3;153.9;0.0;0.0
8.3;153.9;0.0;0.0
8.3;153.9;0.0;0.0
8.3;153.9;0.0;0.0
8.3;153.9;0.0;0.0
8.3;156.6;1.4;0.0
0.0;156.6;0.0;0.0
0.0;156.6;0.0;0.0
0.0;156.6;0.0;0.0
0.0;156.6;0.0;0.0
0.0;156.6;0.0;0.0
0.0;156.6;0.0;0.0
0.8;156.6;1.8;0.0
0.0;156.6;0.0;0.0
0.0;156.6;0.0;0.0
0.0;156.6;0.0;0.0
0.0;156.6;0.8;0.0
0.0;156.6;0.0;0.0
0.0;156.6;0.0;0.0
0.0;156.6;0.0;0.0
0.0;156.6;0.0;0.0
0.0;156.6;0.0;0.0
0.0;156.6;0.0;0.0
0.0;156.6;0.0;0.0
0.0;156.6;0.0;0.0
0.0;156.6;0.0;0.0
0.0;156.6;0.0;0.0
0.0;156.6;0.0;0.0
0.0;156.6;0.0;0.0
0.0;156.6;0.0;0.0
0.0;156.6;0.0;0.0
0.0;156.6;0.0;0.0
0.0;156.6;0.0;0.0
