7.5;54.5;33.6;0.0
7.5;69.9;30.8;0.0
6.6;69.9;23.1;0.0
8.3;79.9;25.0;0.0
6.7;90.7;45.7;0.0
7.5;101.1;46.2;0.0
43.0;122.3;34.5;0.0
65.6;133.4;27.6;0.0
7.5;143.0;31.9;0.0
3.3;152.0;22.8;0.0
5.8;156.6;26.3;0.0
8.3;157.2;0.4;0.0
7.5;157.9;0.0;0.0
8.3;157.9;0.0;0.0
8.3;158.1;0.0;0.0
8.3;158.1;0.0;0.0
8.3;158.1;0.0;0.0
9.1;158.1;0.0;0.0
8.3;158.1;0.0;0.0
7.5;158.1;0.0;0.0
8.3;158.1;0.0;0.0
8.3;158.4;0.0;0.0
8.3;158.4;0.0;0.0
8.3;158.4;0.0;0.0
9.1;158.4;0.0;0.0
8.3;158.4;0.0;0.0
8.3;158.4;0.0;0.0
9.1;159.3;0.0;0.0
1.7;159.3;8.9;0.0
8.3;159.5;1.7;0.0
8.3;159.5;0.0;0.0
8.3;159.5;0.0;0.0
7.5;159.5;0.0;0.0
8.3;159.5;0.0;0.0
8.3;159.5;0.0;0.0
8.3;159.5;0.0;0.0
10.8;165.9;0.0;0.0
93.2;165.9;7.3;0.0
70.7;171.5;23.8;0.0
97.3;169.8;0.1;0.0
86.5;170.0;0.0;0.0
12.5;170.0;0.0;0.0
0.0;170.0;0.0;0.0
0.0;170.0;0.0;0.0
0.0;170.0;0.0;0.0
0.0;170.0;0.0;0.0
0.0;170.0;0.0;0.0
0.0;170.0;0.0;0.0
0.0;170.0;0.0;0.0
0.0;170.0;0.0;0.0
0.0;170.0;0.0;0.0
0.0;170.0;0.0;0.0
0.0;170.0;0.0;0.0
0.0;170.0;0.0;0.0
0.0;170.0;0.0;0.0
0.0;170.0;0.0;0.0
0.0;170.0;0.0;0.0
0.0;170.0;0.0;0.0
0.0;170.0;0.0;0.0
0.0;170.0;0.0;0.0
