15.0;50.7;35.0;0.0
7.5;65.7;30.4;0.0
6.7;73.1;23.0;0.0
8.3;84.1;25.8;0.0
5.8;93.3;37.5;0.0
7.5;103.9;46.6;0.0
14.2;121.4;31.8;0.0
94.7;136.3;37.9;0.0
8.3;142.6;13.0;0.0
5.0;155.9;39.7;0.0
2.5;158.5;27.1;0.0
8.3;161.2;0.4;0.0
8.3;161.9;0.0;0.0
8.3;161.9;0.0;0.0
8.3;162.1;0.0;0.0
8.3;162.1;0.0;0.0
8.3;162.1;0.0;0.0
8.3;162.1;0.0;0.0
8.3;162.1;0.0;0.0
8.3;162.1;0.0;0.0
8.3;162.1;0.0;0.0
8.3;162.5;0.0;0.0
8.3;162.5;0.0;0.0
8.3;162.5;0.0;0.0
8.3;162.5;0.0;0.0
8.3;162.5;0.0;0.0
8.3;162.5;0.0;0.0
8.3;163.3;0.0;0.0
3.3;163.3;9.2;0.0
6.6;163.5;2.4;0.0
8.3;163.5;0.0;0.0
8.3;163.5;0.0;0.0
8.3;163.5;0.0;0.0
8.3;163.5;0.0;0.0
9.1;163.5;0.0;0.0
8.3;163.5;0.0;0.0
8.3;163.5;0.0;0.0
84.0;175.8;1.3;0.0
63.2;178.8;27.2;0.0
96.5;181.5;0.0;0.0
99.0;181.6;0.0;0.0
74.0;181.6;0.0;0.0
0.0;181.6;0.0;0.0
0.0;181.6;0.0;0.0
0.0;181.6;0.0;0.0
0.0;181.6;0.0;0.0
0.0;181.6;0.0;0.0
0.0;181.6;0.0;0.0
0.0;181.6;0.0;0.0
0.0;181.6;0.0;0.0
0.0;181.6;0.0;0.0
0.0;181.6;0.0;0.0
0.0;181.6;0.0;0.0
0.0;181.6;0.0;0.0
0.0;181.6;0.0;0.0
0.0;181.6;0.0;0.0
0.0;181.6;0.0;0.0
0.0;181.6;0.0;0.0
0.0;181.6;0.0;0.0
0.0;181.6;0.0;0.0
