19.9;44.0;32.1;0.0
7.5;58.3;28.8;0.0
7.5;67.2;23.8;0.0
7.5;80.4;27.0;0.0
6.7;87.8;31.4;0.0
7.5;97.2;42.0;0.0
6.6;108.5;40.7;0.0
92.4;134.8;41.6;0.0
18.3;141.0;9.8;0.0
5.0;154.8;41.5;0.0
2.5;155.2;26.4;0.0
6.6;159.9;5.9;0.0
8.3;160.6;0.0;0.0
8.3;160.6;0.0;0.0
8.3;160.8;0.0;0.0
8.3;160.8;0.0;0.0
8.3;160.8;0.0;0.0
8.3;160.8;0.0;0.0
8.3;160.8;0.0;0.0
8.3;160.8;0.0;0.0
8.3;160.8;0.0;0.0
8.3;160.8;0.0;0.0
8.3;161.2;0.0;0.0
8.3;161.2;0.0;0.0
8.3;161.2;0.0;0.0
8.3;161.2;0.0;0.0
8.3;161.2;0.0;0.0
8.3;161.2;0.0;0.0
7.5;162.1;0.4;0.0
2.5;162.3;12.1;0.0
8.3;162.3;0.0;0.0
8.3;162.3;0.0;0.0
8.3;162.3;0.0;0.0
8.3;162.3;0.0;0.0
8.3;162.3;0.0;0.0
8.3;162.3;0.0;0.0
8.3;162.3;0.0;0.0
21.6;178.6;0.0;0.0
92.4;179.1;13.8;0.0
68.2;183.9;23.0;0.0
97.3;184.1;0.0;0.0
78.9;184.1;0.0;0.0
0.0;184.1;0.0;0.0
0.0;184.1;0.0;0.0
0.0;184.1;0.0;0.0
0.0;184.1;0.0;0.0
0.0;184.1;0.0;0.0
0.0;184.1;0.0;0.0
0.0;184.1;0.0;0.0
0.0;184.1;0.0;0.0
0.0;184.1;0.0;0.0
0.0;184.1;0.0;0.0
0.0;184.1;0.0;0.0
0.0;184.1;0.0;0.0
0.0;184.1;0.0;0.0
0.0;184.1;0.0;0.0
0.0;184.1;0.0;0.0
0.0;184.1;0.0;0.0
0.0;184.1;0.0;0.0
0.0;184.1;0.0;0.0
