6.6;49.7;33.8;0.0
7.5;64.1;28.8;0.0
6.7;74.7;23.1;0.0
8.3;84.4;25.0;0.0
5.0;93.9;39.7;0.0
8.3;104.4;45.0;0.0
17.5;124.2;33.4;0.0
90.5;138.7;35.7;0.0
7.5;145.0;13.0;0.0
5.8;158.4;38.2;0.0
2.5;162.0;29.6;0.0
8.3;163.5;0.4;0.0
8.3;164.3;0.0;0.0
8.3;164.3;0.0;0.0
8.3;164.4;0.0;0.0
8.3;164.4;0.0;0.0
8.3;164.4;0.0;0.0
8.3;164.4;0.0;0.0
8.3;164.4;0.0;0.0
9.2;164.4;0.0;0.0
8.3;164.4;0.0;0.0
8.3;164.4;0.0;0.0
8.3;164.8;0.0;0.0
8.3;164.8;0.0;0.0
8.3;164.8;0.0;0.0
8.3;164.8;0.0;0.0
8.3;164.8;0.0;0.0
8.3;165.7;0.0;0.0
3.3;165.7;5.6;0.0
5.8;165.9;7.1;0.0
8.3;165.9;0.0;0.0
8.3;165.9;0.0;0.0
8.3;165.9;0.0;0.0
8.3;165.9;0.0;0.0
8.3;165.9;0.0;0.0
9.2;165.9;0.0;0.0
8.3;165.9;0.0;0.0
61.5;180.2;1.3;0.0
62.4;190.4;27.4;0.0
99.0;183.8;0.1;0.0
98.2;183.8;0.0;0.0
94.0;184.2;0.0;0.0
10.8;184.2;0.0;0.0
0.0;184.2;0.0;0.0
0.0;184.2;0.0;0.0
0.0;184.2;0.0;0.0
0.0;184.2;0.0;0.0
0.0;184.2;0.0;0.0
0.0;184.2;0.0;0.0
0.0;184.2;0.0;0.0
0.0;184.2;0.0;0.0
0.0;184.2;0.0;0.0
0.0;184.2;0.0;0.0
0.0;184.2;0.0;0.0
0.0;184.2;0.0;0.0
0.0;184.2;0.0;0.0
0.0;184.2;0.0;0.0
0.0;184.2;0.0;0.0
0.0;184.2;0.0;0.0
0.0;184.2;0.0;0.0
