7.5;57.9;35.1;0.0
7.5;70.6;24.9;0.0
6.6;80.9;23.6;0.0
8.3;89.9;26.8;0.0
5.0;99.7;39.1;0.0
7.5;109.7;43.0;0.0
20.0;130.6;34.5;0.0
88.1;143.9;34.0;0.0
8.3;149.9;13.2;0.0
5.0;163.6;38.0;0.0
2.5;167.9;30.8;0.0
8.3;168.6;0.4;0.0
8.3;169.3;0.0;0.0
8.3;169.3;0.0;0.0
8.3;169.5;0.0;0.0
8.3;169.5;0.0;0.0
8.3;169.5;0.0;0.0
8.3;169.5;0.0;0.0
8.3;169.5;0.0;0.0
8.3;169.5;0.0;0.0
8.3;169.5;0.0;0.0
8.3;169.9;0.0;0.0
8.3;169.9;0.0;0.0
8.3;169.9;0.0;0.0
8.3;169.9;0.0;0.0
8.3;169.9;0.0;0.0
9.1;170.1;0.0;0.0
8.3;170.1;0.0;0.0
6.7;170.7;0.4;0.0
4.1;171.0;10.1;0.0
8.3;171.0;0.0;0.0
8.3;171.0;0.0;0.0
8.3;171.0;0.0;0.0
8.3;171.0;0.0;0.0
8.3;171.0;0.0;0.0
8.3;171.0;0.0;0.0
8.3;171.0;0.0;0.0
32.5;179.3;0.2;0.0
80.7;179.6;14.3;0.0
60.7;184.6;23.7;0.0
95.7;185.2;0.0;0.0
91.4;185.2;0.0;0.0
0.0;185.2;0.0;0.0
0.0;185.2;0.0;0.0
0.0;185.2;0.0;0.0
0.0;185.2;0.0;0.0
0.0;185.2;0.0;0.0
0.0;185.2;0.0;0.0
0.0;185.2;0.0;0.0
0.0;185.2;0.0;0.0
0.0;185.2;0.0;0.0
0.0;185.2;0.0;0.0
0.0;185.2;0.0;0.0
0.0;185.2;0.0;0.0
0.0;185.2;0.0;0.0
0.0;185.2;0.0;0.0
0.0;185.2;0.0;0.0
0.0;185.2;0.0;0.0
0.0;185.2;0.0;0.0
0.0;185.2;0.0;0.0
