98.5;34.7;4.5;0.0
91.0;36.5;4.2;0.0
90.5;37.8;4.1;0.0
99.1;40.3;2.1;0.0
90.8;41.1;1.6;0.0
90.7;42.0;3.2;0.0
24.6;43.0;2.0;0.0
8.2;47.0;3.7;0.0
0.0;49.5;3.1;0.0
8.2;51.8;3.7;0.0
8.2;52.7;5.4;0.0
0.0;54.4;4.7;0.0
8.2;56.7;4.3;0.0
16.4;58.7;3.0;0.0
0.0;60.1;2.8;0.0
8.1;62.3;2.7;0.0
8.2;63.5;2.3;0.0
8.2;64.0;0.5;0.0
8.2;65.7;2.9;0.0
8.2;67.3;7.0;0.0
8.0;69.0;3.7;0.0
8.2;69.8;1.2;0.0
8.2;70.5;1.7;0.0
8.2;71.8;5.6;0.0
0.0;72.3;1.2;0.0
8.2;67.2;3.9;0.0
8.1;68.5;1.6;0.0
8.2;70.0;3.2;0.0
8.1;71.7;1.5;0.0
8.1;73.6;2.6;0.0
8.2;75.0;1.2;0.0
8.0;76.4;1.6;0.0
0.0;78.9;5.0;0.0
8.2;80.2;2.8;0.0
8.1;82.1;9.6;0.0
8.1;83.5;4.4;0.0
8.2;84.0;0.0;0.0
8.2;84.7;1.4;0.0
8.0;85.2;1.9;0.0
16.2;85.3;1.2;0.0
0.0;86.2;4.6;0.0
8.2;86.8;4.9;0.0
0.0;88.1;6.6;0.0
8.2;90.5;3.8;0.0
8.1;91.3;5.8;0.0
8.2;92.1;4.7;0.0
0.0;93.9;3.3;0.0
8.1;94.8;5.6;0.0
8.3;95.6;3.6;0.0
8.1;96.6;5.0;0.0
8.2;97.9;4.8;0.0
8.2;98.9;4.2;0.0
8.2;100.2;5.2;0.0
8.0;100.9;4.0;0.0
0.0;102.1;7.4;0.0
8.1;104.6;6.8;0.0
8.2;105.4;4.0;0.0
8.1;105.8;2.3;0.0
8.2;106.7;4.9;0.0
0.0;108.0;4.6;0.0
16.3;111.0;8.2;0.0
0.0;112.6;6.4;0.0
8.0;112.6;0.0;0.0
8.1;112.6;0.0;0.0
49.5;126.4;0.9;0.0
90.7;129.9;6.8;0.0
99.0;132.8;5.5;0.0
115.4;134.4;6.5;0.0
98.8;136.5;7.4;0.0
99.0;138.0;5.2;0.0
98.9;140.5;6.0;0.0
98.8;142.7;3.8;0.0
107.1;142.9;0.0;0.0
115.5;143.4;0.0;0.0
48.8;143.6;0.0;0.0
8.2;144.2;0.0;0.0
8.0;144.4;0.2;0.0
8.2;145.2;0.8;0.0
16.5;146.8;4.2;0.0
8.2;147.3;1.0;0.0
8.1;148.9;3.6;0.0
8.2;149.5;0.0;0.0
8.2;149.5;3.2;0.0
8.2;150.0;5.2;0.0
0.0;151.8;4.8;0.0
8.1;154.4;8.7;0.0
8.1;158.1;8.8;0.0
7.8;161.3;6.8;0.0
16.3;163.2;3.6;0.0
0.0;163.2;0.2;0.0
0.0;163.2;0.0;0.0
0.0;163.2;0.1;0.0
0.0;163.2;0.0;0.0
0.0;163.2;1.8;0.0
0.0;163.2;0.0;0.0
0.0;163.2;0.6;0.0
0.0;163.2;2.8;0.0
0.0;163.2;0.4;0.0
0.0;163.2;0.1;0.0
0.0;163.2;1.4;0.0
0.0;163.2;1.3;0.0
0.0;163.2;0.5;0.0
0.0;163.2;0.0;0.0
0.0;163.5;1.9;0.0
0.0;163.5;0.0;0.0
0.0;163.5;1.7;0.0
0.0;163.5;1.4;0.0
0.0;163.5;0.0;0.0
0.0;163.5;0.2;0.0
0.0;163.5;1.1;0.0
0.0;163.5;1.7;0.0
0.0;163.5;0.8;0.0
0.0;163.5;1.2;0.0
0.0;163.7;0.7;0.0
0.0;163.7;0.6;0.0
0.0;163.7;1.0;0.0
0.0;163.7;1.2;0.0
0.0;163.7;0.9;0.0
0.0;163.7;0.6;0.0
0.0;163.7;1.6;0.0
0.0;163.7;0.0;0.0
8.2;163.7;1.7;0.0
0.0;163.7;1.2;0.0
0.0;164.0;2.0;0.0
0.0;164.0;0.5;0.0
0.0;164.0;0.8;0.0
0.0;166.2;0.5;0.0
8.2;167.3;0.0;0.0
16.2;167.3;0.0;0.0
8.2;167.3;0.0;0.0
8.2;168.0;0.4;0.0
8.2;168.0;0.0;0.0
8.1;168.3;0.0;0.0
8.2;168.3;0.0;0.0
8.1;168.3;0.0;0.0
8.2;168.3;0.0;0.0
8.1;168.3;0.0;0.0
8.0;168.3;0.0;0.0
8.2;168.3;0.0;0.0
8.2;169.1;0.0;0.0
8.1;169.1;0.0;0.0
8.2;169.1;0.0;0.0
8.1;169.1;0.0;0.0
8.2;169.1;0.0;0.0
16.3;169.1;0.0;0.0
8.3;169.1;0.0;0.0
8.1;169.1;0.0;0.0
8.2;169.1;0.0;0.0
8.1;169.1;0.0;0.0
8.2;169.1;0.0;0.0
8.1;169.1;0.0;0.0
8.2;169.1;0.0;0.0
8.1;169.1;0.0;0.0
8.2;169.2;0.0;0.0
8.1;169.2;0.0;0.0
16.3;169.2;0.0;0.0
8.2;169.2;0.0;0.0
8.1;169.6;0.0;0.0
8.2;169.6;0.0;0.0
8.1;169.6;0.0;0.0
8.2;169.6;0.0;0.0
8.1;169.6;0.0;0.0
16.2;169.6;0.0;0.0
8.2;169.8;0.0;0.0
8.1;169.8;0.0;0.0
8.0;169.8;0.0;0.0
8.2;169.8;0.0;0.0
8.1;169.8;0.0;0.0
8.2;169.8;0.0;0.0
8.1;169.8;0.0;0.0
8.2;169.8;0.0;0.0
8.0;169.8;0.0;0.0
8.2;169.8;0.0;0.0
8.1;169.8;0.0;0.0
8.2;169.8;0.0;0.0
8.1;169.8;0.0;0.0
8.2;169.8;0.0;0.0
8.1;169.8;0.0;0.0
8.2;169.8;0.0;0.0
8.1;169.8;0.0;0.0
8.2;169.8;0.0;0.0
8.1;169.8;0.0;0.0
8.2;169.8;0.0;0.0
8.3;169.8;0.0;0.0
8.1;169.8;0.0;0.0
8.2;169.8;0.0;0.0
8.1;169.8;0.0;0.0
8.2;169.8;0.0;0.0
8.1;169.8;0.0;0.0
8.2;169.8;0.0;0.0
8.1;169.8;0.0;0.0
8.2;169.8;0.0;0.0
8.1;169.8;0.0;0.0
8.2;169.8;0.0;0.0
8.1;169.8;0.0;0.0
8.2;169.8;0.0;0.0
16.3;169.8;0.0;0.0
8.2;169.8;0.0;0.0
8.1;169.8;0.0;0.0
8.2;169.8;0.0;0.0
8.1;169.8;0.0;0.0
8.2;169.8;0.0;0.0
8.0;169.8;0.0;0.0
8.2;169.8;0.0;0.0
8.2;170.3;0.0;0.0
8.1;170.4;0.0;0.0
8.2;170.4;0.0;0.0
8.1;170.4;0.0;0.0
16.5;170.4;0.3;0.0
0.0;170.4;0.0;0.0
0.0;170.4;0.1;0.0
0.0;170.4;0.0;0.0
0.0;170.4;1.8;0.0
0.0;170.4;0.0;0.0
0.0;170.4;0.6;0.0
0.0;170.4;0.0;0.0
0.0;170.4;3.2;0.0
0.0;170.4;0.0;0.0
0.0;170.4;0.5;0.0
0.0;170.4;1.2;0.0
0.0;170.4;0.0;0.0
0.0;170.4;2.4;0.0
0.0;170.4;0.0;0.0
0.0;170.4;1.4;0.0
0.0;170.4;1.6;0.0
0.0;170.5;0.7;0.0
8.2;170.5;0.0;0.0
8.1;170.5;0.0;0.0
8.2;170.5;0.0;0.0
8.1;170.5;0.0;0.0
16.4;170.5;0.0;0.0
8.2;170.5;0.0;0.0
8.1;170.5;0.0;0.0
16.3;170.5;0.0;0.0
0.0;170.5;0.0;0.0
8.2;170.5;0.0;0.0
8.1;170.5;0.0;0.0
8.2;170.5;0.0;0.0
8.1;170.5;0.0;0.0
8.2;170.5;0.0;0.0
8.1;170.5;0.0;0.0
16.2;170.5;0.0;0.0
8.1;170.5;0.0;0.0
16.3;170.5;0.0;0.0
0.0;170.5;0.0;0.0
8.1;170.5;0.0;0.0
7.6;170.5;0.0;0.0
8.2;170.5;0.0;0.0
8.1;170.5;0.0;0.0
8.2;170.5;0.0;0.0
8.1;170.5;0.0;0.0
8.2;170.5;0.0;0.0
8.1;170.5;0.0;0.0
8.2;170.5;0.0;0.0
8.0;170.5;0.0;0.0
8.2;170.5;0.0;0.0
16.3;170.5;0.0;0.0
8.2;170.5;0.0;0.0
8.1;170.5;0.0;0.0
8.2;170.5;0.0;0.0
8.1;170.5;0.0;0.0
8.3;170.5;0.0;0.0
8.2;170.5;0.0;0.0
8.1;170.5;0.0;0.0
8.2;170.5;0.0;0.0
8.0;170.5;0.0;0.0
8.2;170.5;0.0;0.0
8.1;170.5;0.0;0.0
8.0;170.5;0.0;0.0
8.2;170.5;0.0;0.0
8.0;170.5;0.0;0.0
8.1;170.5;0.0;0.0
8.2;170.5;0.0;0.0
82.3;174.8;0.0;0.0
107.2;174.8;0.0;0.0
109.1;175.4;0.9;0.0
98.3;175.4;0.2;0.0
90.1;175.4;0.0;0.0
90.5;175.4;0.1;0.0
98.9;175.4;0.1;0.0
90.7;175.4;1.2;0.0
90.8;175.4;0.6;0.0
90.5;175.4;1.9;0.0
90.3;175.4;0.5;0.0
16.4;175.4;1.9;0.0
0.0;175.4;0.0;0.0
0.0;175.4;3.6;0.0
0.0;175.4;3.9;0.0
0.0;175.4;0.0;0.0
0.0;175.6;1.0;0.0
0.0;175.6;6.9;0.0
0.0;175.6;1.2;0.0
0.0;175.6;0.9;0.0
0.0;175.6;0.0;0.0
0.0;175.6;0.5;0.0
0.0;175.6;2.0;0.0
16.5;176.1;4.9;0.0
0.0;176.1;3.8;0.0
0.0;176.1;4.7;0.0
0.0;176.8;1.6;0.0
41.2;178.1;0.0;0.0
90.5;178.1;0.7;0.0
99.0;178.6;2.7;0.0
98.9;181.9;0.5;0.0
107.3;180.5;0.0;0.0
98.9;181.0;0.0;0.0
99.0;181.0;0.0;0.0
98.6;181.0;0.0;0.0
115.3;181.0;0.0;0.0
82.4;181.0;0.0;0.0
98.9;181.0;0.0;0.0
99.0;181.0;0.0;0.0
99.1;181.0;0.0;0.0
107.3;181.0;0.0;0.0
99.0;181.0;0.0;0.0
90.7;181.5;0.0;0.0
107.7;181.6;0.0;0.0
99.2;181.6;0.0;0.0
99.0;181.6;0.0;0.0
97.3;182.1;0.0;0.0
8.1;182.1;0.0;0.0
8.2;182.1;0.0;0.0
7.8;182.1;0.0;0.0
8.1;182.1;0.0;0.0
8.3;182.1;0.0;0.0
8.2;182.1;0.0;0.0
8.2;182.9;0.0;0.0
16.3;182.9;0.0;0.0
8.2;182.9;0.0;0.0
8.2;180.4;0.4;4.0
0.0;180.4;0.0;0.0
8.1;180.4;0.0;0.0
8.2;180.6;0.0;0.0
8.2;211.2;15.0;0.0
8.1;211.2;84.9;0.0
8.1;211.2;89.0;0.0
8.1;211.4;81.2;0.0
16.3;211.4;97.1;0.0
8.3;211.4;90.5;0.0
8.1;211.4;95.6;0.0
8.0;211.4;38.1;0.0
8.2;211.6;21.5;0.0
8.2;211.6;37.2;0.0
8.2;211.6;42.0;0.0
8.2;211.6;38.6;0.0
8.2;211.6;36.3;0.0
8.2;211.6;32.7;0.0
8.2;211.6;39.5;0.0
8.2;211.6;40.7;0.0
8.2;211.6;37.2;0.0
8.2;211.6;43.2;0.0
0.0;211.6;51.6;0.0
8.2;211.6;40.4;0.0
8.2;211.6;37.6;0.0
8.1;211.6;45.0;0.0
8.2;211.6;47.8;0.0
8.2;211.6;28.6;0.0
8.2;211.6;37.3;0.0
8.2;211.6;40.0;0.0
8.2;211.6;39.1;0.0
8.1;211.6;39.4;0.0
8.1;211.6;40.2;0.0
16.3;211.6;33.8;0.0
8.2;211.6;37.7;0.0
8.2;211.6;46.0;0.0
8.0;211.6;49.1;0.0
8.1;211.6;45.6;0.0
8.2;211.6;48.7;0.0
8.2;211.6;34.4;0.0
8.2;235.5;22.6;0.0
8.2;242.9;1.6;0.0
8.2;242.9;0.0;0.0
8.1;242.9;0.0;0.0
8.2;242.9;0.0;0.0
8.2;242.9;0.2;68.0
8.2;242.9;0.0;0.0
8.1;242.9;0.0;0.0
8.2;242.9;0.2;64.0
8.2;242.9;0.0;0.0
16.4;242.9;0.0;0.0
8.2;242.9;0.0;0.0
8.2;242.9;0.2;64.0
8.1;242.9;0.0;0.0
8.2;242.9;0.0;0.0
8.1;242.9;0.2;64.0
8.2;242.9;0.0;0.0
8.1;242.9;0.0;0.0
8.2;242.9;0.0;0.0
8.2;242.9;0.2;64.0
8.2;242.9;0.0;0.0
8.3;242.9;0.0;0.0
8.2;242.9;0.0;0.0
8.2;212.5;0.3;64.0
8.2;212.5;0.0;0.0
8.1;212.5;0.0;0.0
8.2;212.6;0.0;0.0
8.1;212.6;0.0;0.0
8.2;212.6;0.0;0.0
8.0;212.6;0.0;0.0
8.2;212.6;0.0;0.0
8.1;212.6;0.0;0.0
8.2;181.5;0.0;0.0
8.1;0.0;0.0;0.0
0.0;0.0;0.0;0.0
