90.5;29.2;2.0;0.0
90.6;30.6;4.5;0.0
90.5;32.6;4.4;0.0
98.7;35.0;5.2;0.0
98.9;36.9;1.8;0.0
99.0;37.8;2.2;0.0
73.4;39.0;3.6;0.0
8.2;41.1;2.5;0.0
0.0;44.4;3.3;0.0
8.2;47.4;4.4;0.0
8.1;48.2;4.9;0.0
8.2;49.7;4.3;0.0
8.2;52.6;4.9;0.0
0.0;54.6;3.8;0.0
16.3;56.3;2.6;0.0
8.1;58.3;3.4;0.0
8.1;59.7;1.6;0.0
8.2;60.3;1.0;0.0
8.2;62.1;5.5;0.0
0.0;64.0;5.1;0.0
8.2;65.0;2.5;0.0
8.2;65.8;1.3;0.0
8.2;67.2;2.8;0.0
8.2;68.0;5.0;0.0
8.2;66.1;2.2;0.0
0.0;67.4;4.2;0.0
8.1;68.5;3.0;0.0
8.1;69.5;1.0;0.0
8.2;72.0;3.1;0.0
8.2;74.0;1.4;0.0
8.1;75.3;1.6;0.0
16.0;76.6;4.0;0.0
8.1;78.8;2.6;0.0
8.1;80.0;8.8;0.0
8.2;82.2;6.0;0.0
8.2;82.7;0.4;0.0
8.2;83.5;1.4;0.0
8.2;84.2;1.9;0.0
8.1;84.2;0.0;0.0
8.1;84.5;2.8;0.0
0.0;85.2;4.2;0.0
8.2;86.1;6.9;0.0
0.0;87.3;4.0;0.0
16.3;89.5;3.2;0.0
0.0;90.1;5.6;0.0
8.2;91.1;4.9;0.0
8.1;92.9;3.7;0.0
0.0;93.8;6.2;0.0
16.5;94.6;2.8;0.0
0.0;95.6;4.8;0.0
8.2;96.6;4.4;0.0
16.2;97.6;4.0;0.0
8.2;98.9;3.6;0.0
0.0;99.7;5.4;0.0
8.2;100.8;6.2;0.0
8.3;103.4;6.8;0.0
16.5;104.2;5.2;0.0
8.2;104.8;2.7;0.0
8.2;105.5;5.1;0.0
8.2;106.8;4.0;0.0
8.2;109.8;7.5;0.0
0.0;110.8;7.3;0.0
8.2;111.6;0.6;0.0
8.2;111.6;0.0;0.0
41.3;119.8;2.7;0.0
99.0;126.4;6.9;0.0
99.1;128.0;4.7;0.0
107.3;130.0;6.9;0.0
99.0;130.9;4.4;0.0
107.2;132.9;6.7;0.0
90.6;135.9;7.5;0.0
107.1;137.7;2.3;0.0
99.0;138.0;0.0;0.0
99.0;138.2;0.0;0.0
32.9;138.8;0.0;0.0
8.2;139.0;0.0;0.0
8.1;139.7;0.6;0.0
8.1;140.7;1.0;0.0
8.2;142.0;3.6;0.0
8.2;142.9;1.4;0.0
8.2;143.8;3.2;0.0
8.1;144.4;0.0;0.0
8.1;144.4;3.2;0.0
0.0;144.6;3.2;0.0
16.2;146.4;6.6;0.0
8.2;147.9;5.5;0.0
8.2;149.5;5.6;0.0
8.2;153.6;8.2;0.0
8.1;156.9;5.8;0.0
8.2;158.1;3.0;0.0
0.0;158.1;0.2;0.0
0.0;158.1;0.0;0.0
0.0;158.1;0.1;0.0
0.0;158.1;0.0;0.0
0.0;158.1;1.8;0.0
0.0;158.1;0.0;0.0
0.0;158.1;4.1;0.0
0.0;158.1;0.0;0.0
0.0;158.1;2.8;0.0
0.0;158.1;1.5;0.0
0.0;158.1;1.1;0.0
0.0;158.4;3.3;0.0
0.0;158.4;1.4;0.0
0.0;158.4;4.1;0.0
0.0;158.4;0.5;0.0
0.0;158.6;3.1;0.0
0.0;158.6;4.6;0.0
0.0;158.6;0.0;0.0
0.0;158.9;4.6;0.0
0.0;158.9;3.5;0.0
8.2;161.1;0.3;0.0
8.1;162.2;0.0;0.0
8.2;162.2;0.0;0.0
8.3;162.2;0.0;0.0
8.2;162.7;0.0;0.0
8.2;163.2;0.4;0.0
8.1;163.2;0.0;0.0
8.2;163.2;0.0;0.0
8.1;163.2;0.0;0.0
8.2;163.2;0.0;0.0
8.1;163.2;0.0;0.0
8.2;163.2;0.0;0.0
8.1;163.2;0.0;0.0
8.2;163.2;0.0;0.0
8.1;163.2;0.0;0.0
8.1;163.9;0.0;0.0
8.2;163.9;0.0;0.0
8.1;163.9;0.0;0.0
8.2;163.9;0.0;0.0
8.0;163.9;0.0;0.0
8.1;163.9;0.0;0.0
8.2;163.9;0.0;0.0
8.1;163.9;0.0;0.0
8.2;163.9;0.0;0.0
8.2;164.2;0.0;0.0
8.1;164.2;0.0;0.0
8.2;164.2;0.0;0.0
8.1;164.2;0.0;0.0
8.3;164.2;0.0;0.0
8.1;164.2;0.0;0.0
8.2;164.2;0.0;0.0
8.1;164.2;0.0;0.0
8.2;164.2;0.0;0.0
8.0;164.2;0.0;0.0
8.2;164.2;0.0;0.0
8.1;164.2;0.0;0.0
8.0;164.2;0.0;0.0
8.2;164.2;0.0;0.0
8.0;164.2;0.0;0.0
8.2;164.2;0.0;0.0
8.1;164.2;0.0;0.0
8.2;164.2;0.0;0.0
8.1;164.2;0.0;0.0
8.2;164.2;0.0;0.0
8.1;164.2;0.0;0.0
8.2;164.2;0.0;0.0
8.1;164.2;0.0;0.0
8.0;164.2;0.0;0.0
8.2;164.2;0.0;0.0
8.1;164.2;0.0;0.0
7.8;164.2;0.0;0.0
8.0;164.2;0.0;0.0
8.2;164.2;0.0;0.0
8.1;164.2;0.0;0.0
8.2;164.2;0.0;0.0
8.1;164.2;0.0;0.0
8.0;164.2;0.0;0.0
8.2;164.2;0.0;0.0
8.1;164.2;0.0;0.0
8.2;164.2;0.0;0.0
8.1;164.2;0.0;0.0
8.2;164.2;0.0;0.0
8.2;164.6;0.0;0.0
8.1;164.6;0.0;0.0
16.4;164.6;0.0;0.0
8.2;164.6;0.0;0.0
8.0;164.6;0.0;0.0
8.2;164.6;0.0;0.0
8.0;164.6;0.0;0.0
8.2;164.6;0.0;0.0
8.0;164.6;0.0;0.0
8.2;164.6;0.0;0.0
16.4;164.6;0.0;0.0
8.2;164.6;0.0;0.0
8.0;164.6;0.0;0.0
8.3;164.6;0.0;0.0
8.2;164.6;0.0;0.0
8.1;164.6;0.0;0.0
8.2;164.6;0.0;0.0
8.1;164.6;0.0;0.0
8.2;164.6;0.0;0.0
8.1;164.6;0.0;0.0
8.2;164.6;0.0;0.0
8.1;164.6;0.0;0.0
8.2;164.6;0.0;0.0
16.3;164.6;0.0;0.0
8.2;164.6;0.0;0.0
8.1;164.6;0.0;0.0
8.2;164.6;0.0;0.0
8.0;164.6;0.0;0.0
8.2;164.6;0.0;0.0
8.1;164.6;0.0;0.0
8.0;164.6;0.0;0.0
8.1;165.2;0.0;0.0
8.2;165.2;0.0;0.0
8.2;165.4;0.0;0.0
8.2;165.4;0.3;0.0
0.0;165.4;0.0;0.0
0.0;165.4;0.1;0.0
0.0;165.4;0.0;0.0
0.0;165.4;1.8;0.0
0.0;165.4;0.0;0.0
0.0;165.4;0.2;0.0
0.0;165.4;0.0;0.0
0.0;165.4;6.9;0.0
0.0;165.4;0.0;0.0
0.0;165.4;0.5;0.0
0.0;165.4;0.0;0.0
0.0;165.4;2.2;0.0
0.0;165.4;2.1;0.0
0.0;165.4;0.0;0.0
8.2;165.4;1.4;0.0
0.0;167.6;1.9;0.0
0.0;165.5;0.0;0.0
8.1;165.5;0.0;0.0
8.0;165.5;0.0;0.0
8.1;165.5;0.0;0.0
8.2;165.5;0.0;0.0
16.2;165.5;0.0;0.0
8.1;165.5;0.0;0.0
8.0;165.5;0.0;0.0
8.2;165.5;0.0;0.0
8.1;165.5;0.0;0.0
8.2;165.5;0.0;0.0
8.1;165.5;0.0;0.0
8.2;165.5;0.0;0.0
8.1;165.5;0.0;0.0
8.2;165.5;0.0;0.0
8.0;165.5;0.0;0.0
8.1;165.5;0.0;0.0
8.2;165.5;0.0;0.0
8.0;165.5;0.0;0.0
8.2;165.5;0.0;0.0
8.1;165.5;0.0;0.0
8.0;165.5;0.0;0.0
16.1;165.5;0.0;0.0
8.2;165.5;0.0;0.0
8.1;165.5;0.0;0.0
8.2;165.5;0.0;0.0
8.1;165.5;0.0;0.0
8.0;165.5;0.0;0.0
8.2;165.5;0.0;0.0
8.1;165.5;0.0;0.0
8.2;165.5;0.0;0.0
7.9;165.5;0.0;0.0
8.1;165.5;0.0;0.0
8.0;165.5;0.0;0.0
16.4;165.5;0.0;0.0
8.2;165.5;0.0;0.0
8.0;165.5;0.0;0.0
8.1;165.5;0.0;0.0
8.2;165.5;0.0;0.0
8.1;165.5;0.0;0.0
8.0;165.5;0.0;0.0
8.2;165.5;0.0;0.0
8.0;165.5;0.0;0.0
8.2;165.5;0.0;0.0
8.1;165.5;0.0;0.0
8.2;165.5;0.0;0.0
8.1;165.5;0.0;0.0
16.2;169.9;0.0;0.0
90.5;173.9;0.0;0.0
90.8;174.4;0.9;0.0
90.1;174.4;0.2;0.0
90.4;174.4;0.0;0.0
90.9;174.4;0.2;0.0
90.2;174.4;0.0;0.0
98.4;174.4;0.0;0.0
90.6;174.4;3.7;0.0
90.8;174.4;0.0;0.0
90.6;174.4;0.0;0.0
64.3;174.4;0.2;0.0
0.0;174.4;3.1;0.0
0.0;174.4;1.1;0.0
0.0;174.4;0.2;0.0
0.0;174.4;4.0;0.0
0.0;174.4;1.6;0.0
0.0;174.9;1.4;0.0
0.0;174.9;0.0;0.0
0.0;174.9;2.1;0.0
16.4;174.9;6.6;0.0
0.0;174.9;1.2;0.0
0.0;175.9;0.0;0.0
66.0;176.8;0.0;0.0
98.7;177.4;2.0;0.0
99.0;177.9;3.4;0.0
94.9;177.9;1.6;0.0
106.7;177.9;2.9;0.0
98.8;178.1;4.3;0.0
99.0;180.4;1.1;0.0
98.9;180.0;0.0;0.0
99.1;180.0;0.0;0.0
115.5;180.0;0.0;0.0
97.2;180.0;0.0;0.0
99.2;180.0;0.0;0.0
107.4;180.0;0.0;0.0
98.9;180.5;0.0;0.0
98.9;180.6;0.0;0.0
107.5;180.6;0.0;0.0
99.2;180.6;0.0;0.0
99.1;180.6;0.0;0.0
107.2;180.6;0.0;0.0
99.2;180.6;0.0;0.0
107.3;181.1;0.0;0.0
32.6;181.1;0.0;0.0
8.1;181.1;0.0;0.0
8.2;181.1;0.0;0.0
8.1;181.1;0.0;0.0
8.2;181.1;0.0;0.0
8.1;181.1;0.0;0.0
8.1;181.9;0.0;0.0
16.4;181.9;0.0;0.0
8.2;181.9;0.0;0.0
8.3;181.9;0.0;0.0
8.2;181.9;0.0;0.0
8.1;181.9;0.0;0.0
8.2;181.9;0.0;0.0
8.1;181.9;0.0;0.0
8.2;181.9;0.0;0.0
8.0;181.9;0.0;0.0
8.2;181.9;0.0;0.0
7.9;181.9;0.0;0.0
8.2;181.9;0.0;0.0
8.1;181.9;0.0;0.0
8.2;181.9;0.0;0.0
16.2;181.9;0.0;0.0
8.2;179.4;0.4;4.0
8.1;179.4;0.0;0.0
8.2;179.4;0.0;0.0
8.2;179.5;0.0;0.0
8.2;210.2;29.2;0.0
8.1;210.2;86.5;0.0
8.2;210.2;83.3;0.0
8.0;210.2;80.8;0.0
8.1;210.2;98.9;0.0
8.2;210.2;75.4;0.0
8.2;210.4;75.5;0.0
8.1;210.4;58.5;0.0
8.2;210.4;3.3;0.0
8.2;210.8;19.7;0.0
8.1;210.8;27.8;0.0
8.2;210.8;37.6;0.0
8.1;210.8;33.8;0.0
8.2;210.8;41.7;0.0
8.1;210.8;34.3;0.0
8.1;210.8;35.5;0.0
8.2;210.8;45.8;0.0
8.1;210.8;36.9;0.0
16.2;210.8;38.7;0.0
8.2;210.8;46.2;0.0
8.1;210.8;39.7;0.0
8.1;210.8;40.7;0.0
8.0;210.8;38.1;0.0
8.1;210.8;41.6;0.0
8.2;210.8;48.6;0.0
8.1;210.8;42.1;0.0
8.0;210.8;38.0;0.0
8.1;210.8;49.9;0.0
8.2;210.8;39.4;0.0
8.2;210.8;30.8;0.0
8.2;210.8;38.6;0.0
8.0;210.8;46.8;0.0
8.1;210.8;51.2;0.0
8.1;210.8;40.8;0.0
8.0;210.8;54.1;0.0
8.0;210.8;44.5;0.0
8.0;211.7;50.9;0.0
8.2;241.7;1.0;0.0
8.1;242.0;0.6;0.0
16.3;242.0;0.0;0.0
8.1;242.0;0.0;0.0
8.2;242.0;0.0;0.0
8.3;242.0;0.0;0.0
8.2;242.0;0.0;0.0
8.2;242.0;0.2;68.0
8.2;242.0;0.0;0.0
8.0;242.0;0.2;64.0
8.1;242.0;0.0;0.0
8.0;242.0;0.0;0.0
8.2;242.0;0.0;0.0
8.0;242.0;0.2;64.0
8.2;242.0;0.0;0.0
8.1;242.0;0.0;0.0
8.0;242.0;0.0;0.0
8.2;242.0;0.0;0.0
8.0;242.0;0.2;64.0
8.0;242.0;0.0;0.0
8.2;242.0;0.0;0.0
16.3;242.0;0.0;0.0
8.2;242.0;0.2;64.0
8.1;242.0;0.0;0.0
8.2;242.0;0.0;0.0
8.0;242.0;0.0;0.0
8.1;242.0;0.0;0.0
8.2;242.0;0.0;0.0
8.1;242.0;0.0;0.0
8.3;211.5;0.3;64.0
8.2;211.5;0.0;0.0
8.1;211.5;0.0;0.0
8.2;211.5;0.0;0.0
8.1;211.5;0.0;0.0
8.0;211.5;0.0;0.0
8.2;211.5;0.0;0.0
8.0;211.5;0.0;0.0
8.1;211.5;0.0;0.0
16.4;211.5;0.0;0.0
8.2;181.0;0.0;0.0
8.2;0.0;0.0;0.0
0.0;0.0;0.0;0.0
