99.0;33.6;4.2;0.0
99.0;36.3;3.4;0.0
99.0;37.5;1.8;0.0
99.0;38.3;3.2;0.0
90.7;39.2;2.0;0.0
16.5;41.4;3.1;0.0
8.1;44.0;2.6;0.0
8.2;47.8;4.3;0.0
0.0;48.2;2.2;0.0
8.1;50.0;6.8;0.0
8.1;52.4;3.9;0.0
16.2;54.7;4.3;0.0
0.0;56.3;3.2;0.0
0.0;57.1;1.7;0.0
8.0;59.8;3.6;0.0
8.1;60.3;0.5;0.0
16.1;62.2;3.3;0.0
8.2;63.6;7.2;0.0
8.2;65.4;3.1;0.0
8.0;66.0;1.2;0.0
8.2;66.6;1.3;0.0
0.0;67.8;2.6;0.0
0.0;68.4;4.0;0.0
8.2;68.9;1.8;0.0
8.2;58.3;3.7;0.0
8.1;59.9;3.6;0.0
8.2;60.7;0.6;0.0
8.0;62.9;1.8;0.0
8.2;64.9;2.7;0.0
8.2;65.6;0.4;0.0
8.1;67.1;1.6;0.0
8.2;69.5;5.0;0.0
0.0;70.7;2.2;0.0
8.1;72.3;9.2;0.0
16.2;73.8;5.0;0.0
8.2;74.3;0.4;0.0
8.2;75.0;1.4;0.0
8.2;75.8;1.9;0.0
0.0;75.8;0.0;0.0
16.2;76.4;4.0;0.0
0.0;77.2;5.6;0.0
8.2;77.9;6.1;0.0
8.2;81.2;5.0;0.0
8.2;81.7;3.8;0.0
0.0;82.7;6.1;0.0
8.2;84.5;4.3;0.0
8.1;85.4;5.2;0.0
8.2;86.2;4.0;0.0
8.2;87.1;4.6;0.0
8.1;88.1;4.8;0.0
8.1;89.4;4.2;0.0
8.1;90.4;4.0;0.0
0.0;91.4;5.4;0.0
8.1;92.8;8.0;0.0
16.1;95.4;7.0;0.0
8.0;96.0;4.0;0.0
0.0;96.7;3.5;0.0
8.1;97.8;4.6;0.0
8.2;100.5;7.2;0.0
8.2;101.9;7.9;0.0
0.0;103.1;2.6;0.0
8.0;103.1;0.0;0.0
8.2;106.9;0.9;0.0
82.5;120.3;2.2;0.0
107.2;124.4;8.6;0.0
99.0;125.9;3.0;0.0
99.0;127.1;6.4;0.0
98.9;128.8;7.4;0.0
102.4;130.2;3.8;0.0
98.8;132.7;6.4;0.0
98.9;134.9;3.4;0.0
98.4;135.1;0.0;0.0
98.6;135.6;0.0;0.0
16.3;136.1;0.0;0.0
8.0;136.6;0.0;0.0
8.1;137.1;0.6;0.0
8.0;138.6;2.2;0.0
0.0;139.4;3.4;0.0
8.2;140.7;3.0;0.0
8.1;141.2;0.6;0.0
16.4;141.8;0.0;0.0
0.0;141.8;3.2;0.0
16.3;142.2;5.8;0.0
8.2;143.9;4.0;0.0
8.1;146.1;6.7;0.0
8.1;149.4;8.2;0.0
8.2;152.5;6.4;0.0
8.2;154.9;5.1;0.0
0.0;155.8;1.8;0.0
0.0;155.8;0.2;0.0
0.0;155.8;0.0;0.0
0.0;155.8;0.1;0.0
0.0;155.8;0.0;0.0
0.0;155.8;1.8;0.0
0.0;155.8;0.0;0.0
0.0;155.8;3.9;0.0
0.0;155.8;3.5;0.0
0.0;155.8;1.5;0.0
0.0;155.8;5.0;0.0
0.0;155.8;1.4;0.0
0.0;155.9;2.6;0.0
0.0;155.9;3.0;0.0
0.0;155.9;0.8;0.0
0.0;155.9;1.5;0.0
0.0;156.2;6.1;0.0
0.0;156.2;0.9;0.0
0.0;156.2;4.1;0.0
0.0;156.5;5.4;0.0
8.2;158.3;0.5;0.0
8.2;159.9;0.0;0.0
8.2;160.3;0.0;0.0
8.2;160.7;0.4;0.0
8.1;160.7;0.0;0.0
8.2;160.7;0.0;0.0
8.1;160.7;0.0;0.0
8.2;160.7;0.0;0.0
8.0;160.7;0.0;0.0
8.2;160.7;0.0;0.0
16.1;160.7;0.0;0.0
8.1;160.7;0.0;0.0
8.2;160.7;0.0;0.0
8.1;161.5;0.0;0.0
8.0;161.5;0.0;0.0
8.2;161.5;0.0;0.0
8.1;161.5;0.0;0.0
8.0;161.5;0.0;0.0
8.2;161.5;0.0;0.0
8.1;161.5;0.0;0.0
8.0;161.5;0.0;0.0
8.2;161.5;0.0;0.0
8.2;161.7;0.0;0.0
8.1;161.7;0.0;0.0
8.2;161.7;0.0;0.0
8.1;161.7;0.0;0.0
8.2;161.7;0.0;0.0
8.0;161.7;0.0;0.0
8.1;161.7;0.0;0.0
8.2;161.7;0.0;0.0
8.1;161.7;0.0;0.0
8.0;161.7;0.0;0.0
8.2;161.7;0.0;0.0
7.9;161.7;0.0;0.0
8.2;161.7;0.0;0.0
8.0;161.7;0.0;0.0
8.1;161.7;0.0;0.0
8.2;161.7;0.0;0.0
7.8;161.7;0.0;0.0
8.2;161.7;0.0;0.0
16.4;161.7;0.0;0.0
8.2;161.7;0.0;0.0
8.1;161.7;0.0;0.0
8.2;161.7;0.0;0.0
8.1;161.7;0.0;0.0
8.2;161.7;0.0;0.0
8.1;161.7;0.0;0.0
8.2;161.7;0.0;0.0
8.1;161.7;0.0;0.0
8.0;161.7;0.0;0.0
8.2;161.7;0.0;0.0
8.0;161.7;0.0;0.0
8.2;161.7;0.0;0.0
8.1;161.7;0.0;0.0
8.2;161.7;0.0;0.0
8.0;161.7;0.0;0.0
8.2;161.7;0.0;0.0
8.0;161.7;0.0;0.0
8.2;161.7;0.0;0.0
8.1;161.7;0.0;0.0
8.2;161.7;0.0;0.0
8.1;161.7;0.0;0.0
8.2;161.7;0.0;0.0
8.1;161.7;0.0;0.0
8.2;161.7;0.0;0.0
8.1;162.1;0.0;0.0
8.2;162.1;0.0;0.0
8.1;162.1;0.0;0.0
8.3;162.1;0.0;0.0
8.2;162.1;0.0;0.0
8.1;162.1;0.0;0.0
8.2;162.1;0.0;0.0
8.1;162.1;0.0;0.0
8.2;162.1;0.0;0.0
8.1;162.1;0.0;0.0
8.2;162.1;0.0;0.0
8.0;162.1;0.0;0.0
8.2;162.1;0.0;0.0
8.0;162.1;0.0;0.0
8.2;162.1;0.0;0.0
16.2;162.1;0.0;0.0
8.2;162.1;0.0;0.0
8.1;162.1;0.0;0.0
8.0;162.1;0.0;0.0
8.2;162.1;0.0;0.0
8.1;162.1;0.0;0.0
8.2;162.1;0.0;0.0
8.1;162.1;0.0;0.0
8.2;162.1;0.0;0.0
16.0;162.1;0.0;0.0
8.1;162.1;0.0;0.0
8.2;162.1;0.0;0.0
8.1;162.1;0.0;0.0
8.2;162.1;0.0;0.0
8.3;162.1;0.0;0.0
8.1;162.1;0.0;0.0
8.2;162.1;0.0;0.0
8.0;162.1;0.0;0.0
8.2;162.7;0.0;0.0
8.1;162.7;0.0;0.0
8.2;162.8;0.0;0.0
8.1;162.8;0.0;0.0
8.2;162.8;0.3;0.0
0.0;162.8;0.0;0.0
0.0;162.8;0.1;0.0
0.0;162.8;0.0;0.0
0.0;162.8;1.8;0.0
0.0;162.8;0.0;0.0
0.0;162.8;0.2;0.0
0.0;162.8;0.4;0.0
0.0;162.8;3.2;0.0
0.0;162.8;0.0;0.0
0.0;162.8;0.2;0.0
0.0;162.8;0.4;0.0
0.0;162.8;0.0;0.0
0.0;162.8;2.2;0.0
0.0;162.8;0.5;0.0
0.0;162.8;0.0;0.0
0.0;162.8;0.2;0.0
0.0;162.8;0.0;0.0
0.0;162.8;1.5;0.0
0.0;162.8;0.0;0.0
0.0;162.8;1.6;0.0
8.2;162.9;0.0;0.0
8.0;162.9;0.0;0.0
8.2;162.9;0.0;0.0
8.3;162.9;0.0;0.0
8.2;162.9;0.0;0.0
8.1;162.9;0.0;0.0
8.2;162.9;0.0;0.0
8.1;162.9;0.0;0.0
8.2;162.9;0.0;0.0
8.1;162.9;0.0;0.0
8.2;162.9;0.0;0.0
8.1;162.9;0.0;0.0
8.2;162.9;0.0;0.0
8.1;162.9;0.0;0.0
8.2;162.9;0.0;0.0
8.0;162.9;0.0;0.0
8.1;162.9;0.0;0.0
16.2;162.9;0.0;0.0
8.0;162.9;0.0;0.0
8.2;162.9;0.0;0.0
8.1;162.9;0.0;0.0
8.2;162.9;0.0;0.0
8.0;162.9;0.0;0.0
8.2;162.9;0.0;0.0
8.0;162.9;0.0;0.0
8.1;162.9;0.0;0.0
8.2;162.9;0.0;0.0
16.2;162.9;0.0;0.0
8.2;162.9;0.0;0.0
8.3;162.9;0.0;0.0
8.2;162.9;0.0;0.0
8.1;162.9;0.0;0.0
8.2;162.9;0.0;0.0
8.1;162.9;0.0;0.0
8.2;162.9;0.0;0.0
8.1;162.9;0.0;0.0
8.2;162.9;0.0;0.0
8.1;162.9;0.0;0.0
8.2;162.9;0.0;0.0
8.1;162.9;0.0;0.0
16.3;162.9;0.0;0.0
8.1;162.9;0.0;0.0
8.2;162.9;0.0;0.0
49.5;177.3;0.0;0.0
99.0;177.3;0.0;0.0
90.6;179.9;1.1;0.0
90.0;179.9;0.0;0.0
90.6;179.9;0.0;0.0
98.8;179.9;0.2;0.0
90.6;179.9;0.0;0.0
90.4;179.9;0.0;0.0
90.8;179.9;3.8;0.0
90.6;179.9;0.0;0.0
90.7;179.9;0.0;0.0
73.4;179.9;0.6;0.0
0.0;179.9;0.0;0.0
0.0;179.9;5.8;0.0
0.0;179.9;1.4;0.0
0.0;179.9;0.0;0.0
0.0;179.9;0.1;0.0
0.0;179.9;0.0;0.0
0.0;179.9;3.4;0.0
0.0;179.9;0.8;0.0
0.0;179.9;0.0;0.0
0.0;179.9;2.8;0.0
0.0;179.9;0.6;0.0
0.0;179.9;0.0;0.0
0.0;180.1;0.5;0.0
0.0;180.1;0.0;0.0
0.0;180.4;2.2;0.0
0.0;180.4;1.7;0.0
0.0;180.4;0.0;0.0
0.0;180.4;2.3;0.0
0.0;180.4;1.8;0.0
0.0;181.1;1.4;0.0
33.0;182.4;0.6;0.0
98.9;182.6;0.0;0.0
115.5;183.1;0.0;0.0
99.0;183.1;0.2;0.0
98.9;183.1;0.6;0.0
98.8;183.1;0.9;0.0
98.9;183.1;0.8;0.0
90.6;183.1;0.0;0.0
107.0;183.1;0.0;0.0
98.8;183.1;0.0;0.0
98.8;183.4;0.9;0.0
107.1;183.4;0.8;0.0
90.1;181.5;0.3;0.0
90.1;181.5;0.9;0.0
90.2;181.5;0.5;0.0
90.1;181.5;0.4;0.0
93.2;181.5;0.4;0.0
98.3;181.5;0.6;0.0
90.4;181.5;0.0;0.0
98.8;181.5;0.0;0.0
81.7;181.5;0.0;0.0
0.0;181.8;1.5;0.0
0.0;181.8;1.7;0.0
0.0;181.8;0.6;0.0
0.0;181.8;0.9;0.0
0.0;188.9;1.1;0.0
0.0;184.2;0.0;0.0
8.2;184.2;0.0;0.0
8.2;184.7;0.0;0.0
16.4;184.7;0.0;0.0
8.2;184.7;0.0;0.0
8.0;184.7;0.0;0.0
8.2;184.7;0.0;0.0
8.0;184.7;0.0;0.0
8.2;185.5;0.0;0.0
8.0;185.5;0.0;0.0
8.2;185.5;0.0;0.0
8.0;185.5;0.0;0.0
8.2;185.5;0.0;0.0
8.1;185.5;0.0;0.0
8.2;185.5;0.0;0.0
8.1;185.5;0.0;0.0
8.0;185.5;0.0;0.0
16.0;185.5;0.0;0.0
8.1;185.5;0.0;0.0
8.2;185.5;0.0;0.0
8.0;185.5;0.0;0.0
8.2;185.5;0.0;0.0
8.1;185.5;0.0;0.0
8.2;185.5;0.0;0.0
8.1;185.5;0.0;0.0
8.2;183.1;0.3;0.0
8.1;183.1;0.1;4.0
8.2;183.1;0.0;0.0
8.1;183.1;0.0;0.0
8.1;213.8;0.0;0.0
8.2;213.8;90.9;0.0
8.0;213.8;82.7;0.0
8.2;214.0;90.0;0.0
8.0;214.0;95.1;0.0
8.0;214.0;98.0;0.0
8.2;214.0;84.0;0.0
8.2;214.0;49.2;0.0
8.1;214.0;2.5;0.0
8.2;214.4;28.9;0.0
8.2;214.4;33.6;0.0
8.2;214.4;38.2;0.0
8.2;214.4;44.0;0.0
8.2;214.4;37.2;0.0
8.2;214.4;35.9;0.0
8.2;214.4;39.7;0.0
8.1;214.4;39.0;0.0
8.2;214.4;44.4;0.0
8.2;214.4;40.4;0.0
8.0;214.4;55.2;0.0
8.0;214.4;35.4;0.0
7.6;214.4;37.6;0.0
8.1;214.4;42.5;0.0
8.2;214.4;38.9;0.0
8.1;214.4;43.8;0.0
8.0;214.4;45.6;0.0
8.1;214.4;41.4;0.0
16.2;214.4;40.6;0.0
8.2;214.4;32.5;0.0
8.2;214.4;34.1;0.0
8.2;214.4;35.6;0.0
8.2;214.4;43.0;0.0
8.2;214.4;43.2;0.0
8.2;214.4;43.3;0.0
8.2;214.4;50.9;0.0
8.2;214.4;20.0;0.0
8.2;214.4;39.2;0.0
8.2;214.4;31.7;0.0
8.2;245.2;0.4;0.0
8.2;245.4;1.2;0.0
8.2;245.4;0.0;0.0
8.1;245.4;0.0;0.0
8.2;245.4;0.0;0.0
8.0;245.4;0.0;0.0
8.1;245.4;0.0;0.0
16.3;245.4;0.2;68.0
8.2;245.4;0.0;0.0
7.9;245.4;0.2;64.0
8.1;245.4;0.0;0.0
8.2;245.4;0.0;0.0
8.1;245.4;0.0;0.0
8.3;245.4;0.2;64.0
8.1;245.4;0.0;0.0
8.2;245.4;0.0;0.0
8.2;245.4;0.2;64.0
8.1;245.4;0.0;0.0
8.0;245.4;0.0;0.0
8.2;245.4;0.0;0.0
8.2;245.4;0.2;64.0
8.1;245.4;0.0;0.0
8.0;245.4;0.0;0.0
8.2;245.4;0.0;0.0
8.0;245.4;0.0;0.0
16.1;245.4;0.0;0.0
0.0;245.4;0.1;48.0
16.4;215.0;0.2;16.0
7.5;215.0;0.0;0.0
8.1;215.0;0.0;0.0
8.1;215.1;0.0;0.0
8.2;215.1;0.0;0.0
8.2;184.5;0.0;0.0
16.3;0.0;0.0;0.0
0.0;0.0;0.0;0.0
