98.7;28.7;1.2;0.0
107.2;29.5;2.6;0.0
98.7;30.6;3.9;0.0
99.0;32.6;4.4;0.0
98.9;33.9;4.1;0.0
98.9;36.4;1.9;0.0
48.8;37.3;1.8;0.0
8.2;38.4;3.6;0.0
8.2;39.0;1.6;0.0
8.2;43.3;4.0;0.0
0.0;46.3;3.2;0.0
8.1;47.7;3.1;0.0
8.2;48.6;5.4;0.0
8.3;50.6;4.8;0.0
8.1;52.9;4.4;0.0
8.2;54.5;3.0;0.0
0.0;56.3;2.6;0.0
8.1;58.2;2.7;0.0
8.1;59.7;2.3;0.0
8.1;59.9;0.5;0.0
8.1;61.8;3.3;0.0
7.8;63.7;7.6;0.0
8.1;65.0;2.7;0.0
8.1;65.8;1.3;0.0
8.2;67.2;2.8;0.0
8.2;68.0;4.6;0.0
0.0;68.5;2.0;0.0
16.3;67.5;4.0;0.0
0.0;69.1;3.6;0.0
8.0;69.9;0.6;0.0
8.0;72.1;2.4;0.0
0.0;74.1;2.1;0.0
8.0;74.9;0.8;0.0
16.4;76.7;2.4;0.0
8.2;78.5;3.8;0.0
8.1;80.4;5.9;0.0
8.2;82.1;8.1;0.0
8.2;83.1;2.8;0.0
8.2;83.6;0.0;0.0
8.2;84.1;1.4;0.0
8.2;84.8;1.9;0.0
8.2;84.8;0.0;0.0
8.1;85.8;4.4;0.0
0.0;86.3;5.2;0.0
8.1;87.0;5.5;0.0
8.0;88.4;5.0;0.0
0.0;90.4;3.6;0.0
8.2;91.3;4.0;0.0
0.0;92.3;6.0;0.0
16.5;93.9;3.0;0.0
8.1;94.7;5.0;0.0
8.0;95.4;4.0;0.0
0.0;96.4;5.4;0.0
8.1;97.4;2.8;0.0
16.2;98.5;4.2;0.0
8.0;99.7;5.2;0.0
8.1;100.5;3.8;0.0
8.0;101.6;8.0;0.0
0.0;104.1;6.4;0.0
8.1;105.1;3.8;0.0
8.2;105.6;3.3;0.0
8.0;106.6;4.9;0.0
8.0;108.4;6.6;0.0
8.2;110.9;7.8;0.0
0.0;112.3;4.0;0.0
8.2;112.3;0.0;0.0
8.1;112.3;0.4;0.0
57.6;120.0;0.5;0.0
98.9;124.8;6.2;0.0
98.9;128.1;4.8;0.0
98.9;129.3;3.6;0.0
107.2;130.7;6.7;0.0
99.0;133.0;8.5;0.0
98.8;134.7;5.8;0.0
102.8;137.1;4.1;0.0
98.9;138.4;1.5;0.0
98.9;138.4;0.0;0.0
48.9;138.9;0.0;0.0
16.3;139.4;0.0;0.0
8.1;139.6;0.0;0.0
8.2;140.4;0.6;0.0
8.2;141.5;1.2;0.0
8.2;142.6;4.4;0.0
8.1;144.2;3.4;0.0
8.0;144.7;0.2;0.0
0.0;145.0;0.0;0.0
8.2;145.0;3.2;0.0
8.2;146.7;8.2;0.0
8.2;147.8;4.1;0.0
8.1;149.9;7.8;0.0
8.1;153.9;7.8;0.0
8.0;156.6;6.0;0.0
16.2;158.8;4.2;0.0
0.0;158.8;0.0;0.0
0.0;158.8;0.1;0.0
0.0;158.8;0.0;0.0
0.0;158.8;1.8;0.0
0.0;158.8;0.0;0.0
0.0;158.8;3.2;0.0
0.0;158.8;4.4;0.0
0.0;158.8;0.0;0.0
0.0;158.8;2.5;0.0
0.0;158.8;2.2;0.0
0.0;158.8;1.3;0.0
0.0;159.0;2.4;0.0
0.0;159.0;2.8;0.0
0.0;159.0;2.2;0.0
0.0;159.0;3.9;0.0
0.0;159.3;4.1;0.0
8.3;159.3;3.4;0.0
0.0;159.3;0.0;0.0
0.0;159.3;1.2;0.0
0.0;159.5;6.3;0.0
0.0;159.5;0.0;0.0
0.0;161.7;1.2;0.0
0.0;161.9;0.0;0.0
8.1;162.9;0.0;0.0
8.2;162.9;0.0;0.0
8.1;162.9;0.0;0.0
8.1;163.6;0.4;0.0
8.0;163.6;0.0;0.0
16.0;163.9;0.0;0.0
8.1;163.9;0.0;0.0
8.2;163.9;0.0;0.0
8.1;163.9;0.0;0.0
8.2;163.9;0.0;0.0
8.1;163.9;0.0;0.0
8.0;163.9;0.0;0.0
8.2;163.9;0.0;0.0
8.1;164.7;0.0;0.0
8.0;164.7;0.0;0.0
8.1;164.7;0.0;0.0
8.0;164.7;0.0;0.0
8.2;164.7;0.0;0.0
8.1;164.7;0.0;0.0
8.2;164.7;0.0;0.0
16.4;164.7;0.0;0.0
8.1;164.7;0.0;0.0
8.2;164.7;0.0;0.0
8.1;164.7;0.0;0.0
8.2;164.7;0.0;0.0
8.0;164.7;0.0;0.0
8.1;164.7;0.0;0.0
8.0;164.7;0.0;0.0
8.1;164.7;0.0;0.0
8.2;164.7;0.0;0.0
8.1;164.7;0.0;0.0
8.2;164.7;0.0;0.0
8.1;164.7;0.0;0.0
8.2;164.7;0.0;0.0
16.3;164.7;0.0;0.0
8.2;164.8;0.0;0.0
8.3;164.8;0.0;0.0
8.2;164.8;0.0;0.0
8.1;164.8;0.0;0.0
8.2;164.8;0.0;0.0
8.0;164.8;0.0;0.0
8.2;164.8;0.0;0.0
8.1;164.8;0.0;0.0
8.2;164.8;0.0;0.0
8.1;164.8;0.0;0.0
8.2;164.8;0.0;0.0
8.1;164.8;0.0;0.0
16.4;164.8;0.0;0.0
8.2;164.8;0.0;0.0
16.3;164.8;0.0;0.0
8.2;164.8;0.0;0.0
8.1;164.8;0.0;0.0
8.2;164.8;0.0;0.0
8.1;164.8;0.0;0.0
8.2;164.8;0.0;0.0
0.0;164.8;0.0;0.0
8.2;164.8;0.0;0.0
8.1;164.8;0.0;0.0
8.2;164.8;0.0;0.0
8.0;164.8;0.0;0.0
8.2;164.8;0.0;0.0
8.1;164.8;0.0;0.0
8.0;164.8;0.0;0.0
8.2;164.8;0.0;0.0
8.1;164.8;0.0;0.0
8.2;164.8;0.0;0.0
8.1;164.8;0.0;0.0
16.2;164.8;0.0;0.0
8.2;164.8;0.0;0.0
8.0;164.8;0.0;0.0
8.1;164.8;0.0;0.0
8.2;164.8;0.0;0.0
8.0;164.8;0.0;0.0
7.8;165.1;0.0;0.0
8.1;165.1;0.0;0.0
8.2;165.1;0.0;0.0
8.1;165.1;0.0;0.0
8.2;165.1;0.0;0.0
8.1;165.1;0.0;0.0
16.4;165.1;0.0;0.0
8.2;165.1;0.0;0.0
8.1;165.1;0.0;0.0
8.2;165.1;0.0;0.0
8.1;165.1;0.0;0.0
8.2;165.1;0.0;0.0
8.3;165.3;0.0;0.0
8.1;165.3;0.0;0.0
8.2;165.3;0.0;0.0
8.0;165.3;0.0;0.0
8.1;165.3;0.0;0.0
8.0;165.3;0.0;0.0
8.2;165.3;0.0;0.0
8.1;165.3;0.0;0.0
8.0;165.3;0.0;0.0
8.2;165.3;0.0;0.0
16.0;165.3;0.0;0.0
8.2;165.3;0.0;0.0
8.1;165.3;0.0;0.0
8.2;165.3;0.0;0.0
8.1;165.3;0.0;0.0
8.1;165.9;0.0;0.0
8.1;166.0;0.0;0.0
8.2;166.0;0.0;0.0
8.2;166.0;0.3;0.0
0.0;166.0;0.0;0.0
0.0;166.0;0.1;0.0
0.0;166.0;0.0;0.0
0.0;166.0;1.8;0.0
0.0;166.0;0.0;0.0
0.0;166.0;0.1;0.0
0.0;166.0;6.7;0.0
0.0;166.0;0.5;0.0
0.0;166.0;1.1;0.0
0.0;166.0;3.5;0.0
0.0;166.0;1.1;0.0
0.0;166.0;3.3;0.0
8.2;166.1;2.1;0.0
8.2;166.1;0.0;0.0
8.1;166.1;0.0;0.0
8.2;166.1;0.0;0.0
8.0;166.1;0.0;0.0
8.2;166.1;0.0;0.0
8.0;166.1;0.0;0.0
8.2;166.1;0.0;0.0
8.1;166.1;0.0;0.0
8.2;166.1;0.0;0.0
8.1;166.1;0.0;0.0
8.2;166.1;0.0;0.0
15.9;166.1;0.0;0.0
8.1;166.1;0.0;0.0
8.0;166.1;0.0;0.0
8.2;166.1;0.0;0.0
8.0;166.1;0.0;0.0
8.2;166.1;0.0;0.0
8.0;166.1;0.0;0.0
8.2;166.1;0.0;0.0
8.1;166.1;0.0;0.0
8.2;166.1;0.0;0.0
8.1;166.1;0.0;0.0
8.0;166.1;0.0;0.0
8.1;166.1;0.0;0.0
8.2;166.1;0.0;0.0
8.1;166.1;0.0;0.0
16.1;166.1;0.0;0.0
8.2;166.1;0.0;0.0
8.0;166.1;0.0;0.0
8.2;166.1;0.0;0.0
8.1;166.1;0.0;0.0
8.2;166.1;0.0;0.0
8.1;166.1;0.0;0.0
8.2;166.1;0.0;0.0
8.1;166.1;0.0;0.0
8.2;166.1;0.0;0.0
8.1;166.1;0.0;0.0
8.0;166.1;0.0;0.0
8.1;166.1;0.0;0.0
16.1;166.1;0.0;0.0
8.0;166.1;0.0;0.0
8.2;166.1;0.0;0.0
8.1;166.1;0.0;0.0
8.0;166.1;0.0;0.0
8.1;166.1;0.0;0.0
8.2;166.1;0.0;0.0
8.0;166.1;0.0;0.0
7.9;166.1;0.0;0.0
8.0;166.1;0.0;0.0
8.2;166.1;0.0;0.0
8.1;166.1;0.0;0.0
8.0;166.1;0.0;0.0
8.1;166.1;0.0;0.0
32.7;172.5;0.0;0.0
82.5;174.5;0.0;0.0
99.0;174.5;0.0;0.0
98.7;175.1;0.7;0.0
99.0;175.1;0.2;0.0
90.6;175.1;0.2;0.0
90.7;175.1;0.0;0.0
90.7;175.1;0.1;0.0
90.9;175.1;0.0;0.0
99.1;175.1;1.8;0.0
90.9;175.1;1.8;0.0
74.1;175.1;0.0;0.0
0.0;175.1;0.9;0.0
0.0;175.1;4.8;0.0
0.0;175.1;0.5;0.0
0.0;175.1;2.8;0.0
0.0;175.1;3.4;0.0
0.0;175.3;2.5;0.0
0.0;175.6;1.3;0.0
8.2;175.6;3.7;0.0
0.0;175.6;2.5;0.0
0.0;176.3;5.7;0.0
33.0;177.5;0.5;0.0
99.1;178.3;1.5;0.0
99.1;178.3;2.3;0.0
90.7;178.6;1.4;0.0
90.8;178.8;2.1;0.0
90.8;180.9;2.2;0.0
98.9;180.5;0.0;0.0
98.9;180.7;0.0;0.0
99.0;180.7;0.0;0.0
98.9;180.7;0.0;0.0
99.1;180.7;0.0;0.0
99.0;180.7;0.0;0.0
107.2;180.7;0.0;0.0
99.0;180.7;0.0;0.0
98.9;181.2;0.0;0.0
99.0;181.3;0.0;0.0
98.9;181.3;0.0;0.0
99.0;181.3;0.0;0.0
107.2;181.3;0.0;0.0
96.9;181.9;0.0;0.0
99.0;181.9;0.0;0.0
32.9;181.9;0.0;0.0
8.2;181.9;0.0;0.0
16.4;181.9;0.0;0.0
8.3;181.9;0.0;0.0
8.1;182.6;0.0;0.0
8.2;182.6;0.0;0.0
8.1;182.6;0.0;0.0
8.2;182.6;0.0;0.0
8.1;182.6;0.0;0.0
8.0;182.6;0.0;0.0
8.2;182.6;0.0;0.0
8.1;182.6;0.0;0.0
7.9;182.6;0.0;0.0
8.2;182.6;0.0;0.0
8.1;182.6;0.0;0.0
8.2;182.6;0.0;0.0
16.2;182.6;0.0;0.0
8.2;182.6;0.0;0.0
8.0;182.6;0.0;0.0
8.3;180.2;0.3;4.0
0.0;180.2;0.1;0.0
8.0;180.2;0.0;0.0
8.1;180.3;0.0;0.0
8.2;180.3;0.0;0.0
16.2;211.0;16.1;0.0
0.0;211.0;85.6;0.0
8.2;211.0;91.9;0.0
8.3;211.1;83.0;0.0
8.2;211.1;79.5;0.0
8.1;211.1;68.2;0.0
8.2;211.1;88.5;0.0
8.2;211.1;78.2;0.0
8.0;211.3;0.4;0.0
8.0;211.3;32.3;0.0
8.2;211.3;39.0;0.0
8.0;211.3;47.4;0.0
16.3;211.3;39.4;0.0
8.2;211.3;36.8;0.0
8.2;211.3;42.6;0.0
8.0;211.3;39.8;0.0
8.0;211.3;48.0;0.0
8.2;211.3;37.8;0.0
8.1;211.3;52.7;0.0
8.2;211.3;36.9;0.0
8.2;211.3;43.0;0.0
8.2;211.3;40.3;0.0
8.2;211.3;36.7;0.0
8.2;211.3;45.0;0.0
8.2;211.3;33.8;0.0
8.2;211.3;46.2;0.0
8.2;211.3;48.2;0.0
8.2;211.3;36.7;0.0
8.1;211.3;32.2;0.0
8.2;211.3;47.7;0.0
8.0;211.3;40.8;0.0
8.2;211.3;38.6;0.0
8.2;211.3;39.2;0.0
8.1;211.3;40.6;0.0
8.2;211.3;40.0;0.0
8.1;211.3;39.2;0.0
16.1;230.2;31.7;0.0
8.0;242.7;1.6;0.0
8.1;242.7;0.0;0.0
8.2;242.7;0.0;0.0
8.1;242.7;0.0;0.0
8.2;242.7;0.0;0.0
16.3;242.7;0.2;68.0
8.2;242.7;0.0;0.0
8.2;242.7;0.2;64.0
8.1;242.7;0.0;0.0
8.2;242.7;0.2;64.0
8.2;242.7;0.0;0.0
8.1;242.7;0.0;0.0
8.0;242.7;0.0;0.0
8.2;242.7;0.2;64.0
8.2;242.7;0.0;0.0
8.3;242.7;0.0;0.0
8.2;242.7;0.0;0.0
8.2;242.7;0.2;64.0
8.2;242.7;0.0;0.0
8.3;242.7;0.0;0.0
8.2;242.7;0.0;0.0
8.2;212.3;0.3;64.0
8.2;212.3;0.0;0.0
8.0;212.3;0.0;0.0
8.1;212.3;0.0;0.0
8.2;212.3;0.0;0.0
8.1;212.3;0.0;0.0
16.2;212.3;0.0;0.0
8.2;212.3;0.0;0.0
8.2;181.5;0.0;0.0
8.1;0.0;0.0;0.0
0.0;0.0;0.0;0.0
