98.9;27.7;4.4;0.0
98.8;28.6;2.4;0.0
98.9;30.2;4.2;0.0
107.2;32.2;1.2;0.0
41.2;33.5;2.8;0.0
8.2;34.8;4.0;0.0
8.2;36.7;2.5;0.0
8.2;39.7;3.2;0.0
8.2;43.4;4.3;0.0
0.0;44.2;5.1;0.0
8.1;45.7;4.9;0.0
0.0;48.7;4.7;0.0
16.2;50.6;3.4;0.0
8.1;52.0;2.6;0.0
8.2;54.2;2.9;0.0
8.1;55.7;2.1;0.0
8.1;55.9;0.5;0.0
8.1;57.8;5.3;0.0
8.1;59.7;5.8;0.0
8.2;61.0;2.5;0.0
8.2;61.7;1.3;0.0
8.2;63.1;2.8;0.0
0.0;63.9;4.6;0.0
8.2;64.4;2.0;0.0
0.0;65.0;4.4;0.0
8.2;66.5;3.4;0.0
8.2;67.2;0.6;0.0
16.1;69.5;1.5;0.0
0.0;71.2;3.0;0.0
8.1;72.1;0.4;0.0
8.2;73.5;1.6;0.0
8.1;75.9;5.0;0.0
8.1;77.1;1.8;0.0
8.0;78.9;9.8;0.0
16.4;80.6;5.0;0.0
8.3;81.1;0.2;0.0
8.2;81.6;1.4;0.0
0.0;82.4;1.9;0.0
8.0;82.4;0.0;0.0
8.2;83.2;4.2;0.0
8.3;83.6;3.6;0.0
0.0;84.3;6.3;0.0
8.2;85.2;3.6;0.0
8.2;87.7;3.2;0.0
0.0;88.3;4.6;0.0
0.0;89.1;4.2;0.0
8.0;90.4;4.6;0.0
0.0;91.5;2.6;0.0
8.0;92.3;5.2;0.0
8.2;93.3;4.8;0.0
8.0;94.5;5.8;0.0
16.3;95.8;3.6;0.0
8.1;96.5;3.0;0.0
0.0;97.7;5.4;0.0
8.2;98.2;4.0;0.0
0.0;99.8;8.6;0.0
0.0;102.1;6.0;0.0
16.2;102.6;2.2;0.0
0.0;103.0;2.9;0.0
8.2;103.8;4.3;0.0
8.1;105.1;4.9;0.0
8.0;107.9;7.2;0.0
8.1;109.7;7.1;0.0
8.2;109.7;0.0;0.0
49.6;118.1;2.7;0.0
99.1;122.8;7.2;0.0
99.1;124.2;4.4;0.0
99.1;126.2;7.3;0.0
107.4;127.9;7.6;0.0
99.1;129.9;5.7;0.0
99.0;133.8;7.0;0.0
98.9;134.1;0.2;0.0
99.0;134.5;0.0;0.0
98.9;134.8;0.0;0.0
56.7;135.1;0.0;0.0
0.0;135.3;0.0;0.0
8.2;136.0;0.6;0.0
8.2;137.0;1.0;0.0
16.4;138.0;3.6;0.0
0.0;138.5;1.0;0.0
8.2;139.9;3.4;0.0
8.1;140.4;0.2;0.0
8.2;140.7;0.0;0.0
8.2;140.7;3.2;0.0
8.2;140.9;4.2;0.0
8.2;142.8;5.2;0.0
8.1;144.4;5.9;0.0
8.2;147.4;7.4;0.0
8.2;150.7;7.2;0.0
8.2;153.6;6.0;0.0
8.3;154.6;2.3;0.0
0.0;154.6;0.0;0.0
0.0;154.6;0.1;0.0
0.0;154.6;0.0;0.0
0.0;154.6;1.9;0.0
0.0;154.6;0.0;0.0
0.0;154.6;0.2;0.0
0.0;154.6;0.0;0.0
0.0;154.6;6.9;0.0
0.0;154.6;0.0;0.0
0.0;154.6;3.4;0.0
0.0;154.6;1.3;0.0
0.0;154.6;0.0;0.0
0.0;154.6;0.2;0.0
0.0;154.6;0.0;0.0
0.0;154.9;1.8;0.0
0.0;154.9;1.1;0.0
0.0;154.9;0.6;0.0
0.0;154.9;0.7;0.0
0.0;154.9;0.0;0.0
0.0;154.9;2.2;0.0
0.0;154.9;1.4;0.0
0.0;154.9;1.6;0.0
0.0;154.9;1.2;0.0
0.0;155.2;0.8;0.0
0.0;155.2;0.0;0.0
0.0;155.2;1.6;0.0
8.2;155.2;1.3;0.0
0.0;155.2;0.7;0.0
0.0;155.2;0.0;0.0
0.0;155.2;2.0;0.0
0.0;155.2;0.6;0.0
0.0;155.2;0.9;0.0
0.0;155.4;1.7;0.0
0.0;155.4;0.8;0.0
0.0;161.2;0.9;0.0
8.1;158.7;0.0;0.0
8.2;158.7;0.0;0.0
8.0;158.7;0.0;0.0
16.1;159.3;0.4;0.0
0.0;159.6;0.0;0.0
8.0;159.6;0.0;0.0
8.1;159.6;0.0;0.0
8.2;159.6;0.0;0.0
8.1;159.6;0.0;0.0
8.2;159.6;0.0;0.0
16.3;159.6;0.0;0.0
8.2;159.6;0.0;0.0
8.1;160.3;0.0;0.0
8.2;160.3;0.0;0.0
8.1;160.3;0.0;0.0
8.0;160.3;0.0;0.0
16.3;160.3;0.0;0.0
8.0;160.3;0.0;0.0
8.2;160.3;0.0;0.0
8.1;160.3;0.0;0.0
8.2;160.3;0.0;0.0
8.1;160.5;0.0;0.0
8.2;160.5;0.0;0.0
8.0;160.5;0.0;0.0
8.2;160.5;0.0;0.0
8.1;160.5;0.0;0.0
8.0;160.5;0.0;0.0
8.1;160.5;0.0;0.0
8.0;160.5;0.0;0.0
8.2;160.5;0.0;0.0
8.1;160.5;0.0;0.0
8.2;160.5;0.0;0.0
8.1;160.5;0.0;0.0
8.2;160.5;0.0;0.0
8.1;160.5;0.0;0.0
8.2;160.5;0.0;0.0
8.0;160.5;0.0;0.0
8.1;160.5;0.0;0.0
8.2;160.5;0.0;0.0
8.1;160.5;0.0;0.0
8.2;160.5;0.0;0.0
8.0;160.5;0.0;0.0
8.1;160.5;0.0;0.0
8.2;160.9;0.0;0.0
8.0;160.9;0.0;0.0
16.2;160.9;0.0;0.0
8.2;160.9;0.0;0.0
8.2;161.1;0.0;0.0
16.4;161.1;0.0;0.0
8.1;161.1;0.0;0.0
8.2;161.1;0.0;0.0
8.1;161.1;0.0;0.0
8.0;161.1;0.0;0.0
8.2;161.1;0.0;0.0
8.0;161.1;0.0;0.0
8.2;161.1;0.0;0.0
8.1;161.1;0.0;0.0
8.2;161.1;0.0;0.0
16.2;161.1;0.0;0.0
8.2;161.1;0.0;0.0
0.0;161.1;0.0;0.0
8.2;161.1;0.0;0.0
8.1;161.1;0.0;0.0
8.3;161.1;0.0;0.0
8.2;161.1;0.0;0.0
8.0;161.1;0.0;0.0
8.2;161.1;0.0;0.0
8.1;161.1;0.0;0.0
8.2;161.1;0.0;0.0
8.1;161.1;0.0;0.0
8.2;161.1;0.0;0.0
8.1;161.1;0.0;0.0
8.2;161.1;0.0;0.0
16.2;161.1;0.0;0.0
8.2;161.1;0.0;0.0
8.1;161.1;0.0;0.0
8.2;161.1;0.0;0.0
8.0;161.1;0.0;0.0
8.2;161.1;0.0;0.0
8.1;161.1;0.0;0.0
8.2;161.1;0.0;0.0
16.4;161.1;0.0;0.0
8.2;161.1;0.0;0.0
8.0;161.1;0.0;0.0
8.1;161.1;0.0;0.0
8.2;161.1;0.0;0.0
8.3;161.1;0.0;0.0
8.1;161.1;0.0;0.0
8.2;161.1;0.0;0.0
8.1;161.1;0.0;0.0
8.2;161.1;0.0;0.0
8.1;161.1;0.0;0.0
8.2;161.1;0.0;0.0
0.0;161.1;0.0;0.0
8.2;161.1;0.0;0.0
8.1;161.1;0.0;0.0
8.2;161.1;0.0;0.0
8.1;161.1;0.0;0.0
8.0;161.1;0.0;0.0
8.2;161.1;0.0;0.0
8.1;161.1;0.0;0.0
8.0;161.5;0.0;0.0
8.1;161.5;0.0;0.0
8.2;161.8;0.0;0.0
8.1;161.8;0.3;0.0
0.0;161.8;0.0;0.0
0.0;161.8;0.1;0.0
0.0;161.8;0.0;0.0
0.0;161.8;1.8;0.0
0.0;161.8;0.0;0.0
0.0;161.8;0.6;0.0
8.2;161.8;6.4;0.0
0.0;161.8;0.0;0.0
0.0;161.8;0.5;0.0
0.0;161.8;2.6;0.0
0.0;161.8;0.2;0.0
0.0;161.8;1.2;0.0
0.0;161.8;0.0;0.0
0.0;161.8;1.5;0.0
0.0;161.8;0.9;0.0
0.0;161.9;1.5;0.0
8.2;161.9;0.0;0.0
8.1;161.9;0.0;0.0
8.2;161.9;0.0;0.0
8.1;161.9;0.0;0.0
8.2;161.9;0.0;0.0
8.0;161.9;0.0;0.0
8.2;161.9;0.0;0.0
8.1;161.9;0.0;0.0
8.2;161.9;0.0;0.0
8.1;161.9;0.0;0.0
8.2;161.9;0.0;0.0
8.1;161.9;0.0;0.0
8.2;161.9;0.0;0.0
0.0;161.9;0.0;0.0
8.2;161.9;0.0;0.0
8.1;161.9;0.0;0.0
8.2;161.9;0.0;0.0
8.0;161.9;0.0;0.0
8.2;161.9;0.0;0.0
16.2;161.9;0.0;0.0
8.2;161.9;0.0;0.0
8.1;161.9;0.0;0.0
8.2;161.9;0.0;0.0
8.1;161.9;0.0;0.0
8.2;161.9;0.0;0.0
8.0;161.9;0.0;0.0
8.2;161.9;0.0;0.0
8.1;161.9;0.0;0.0
8.0;161.9;0.0;0.0
16.3;161.9;0.0;0.0
8.2;161.9;0.0;0.0
16.2;161.9;0.0;0.0
8.2;161.9;0.0;0.0
8.1;161.9;0.0;0.0
8.0;161.9;0.0;0.0
8.2;161.9;0.0;0.0
8.1;161.9;0.0;0.0
8.2;161.9;0.0;0.0
15.8;162.2;0.0;0.0
82.4;176.2;0.0;0.0
99.0;176.7;0.7;0.0
90.7;176.7;0.2;0.0
97.8;176.7;0.2;0.0
98.9;176.7;0.0;0.0
91.3;176.7;0.1;0.0
90.1;176.7;0.1;0.0
90.6;176.7;0.0;0.0
90.6;176.7;1.9;0.0
98.5;176.7;1.8;0.0
90.4;176.7;0.2;0.0
0.0;176.7;0.0;0.0
0.0;176.7;5.9;0.0
0.0;176.7;0.0;0.0
0.0;176.7;0.1;0.0
0.0;176.7;0.0;0.0
0.0;176.7;3.8;0.0
0.0;176.7;0.0;0.0
0.0;176.7;2.3;0.0
0.0;176.7;0.0;0.0
0.0;176.9;0.3;0.0
0.0;177.2;2.1;0.0
0.0;177.2;3.3;0.0
0.0;177.2;1.0;0.0
8.2;177.2;1.4;0.0
0.0;178.1;0.5;0.0
99.1;179.1;1.9;0.0
99.1;179.3;0.0;0.0
107.4;179.9;0.0;0.0
99.2;179.9;1.8;0.0
99.1;179.9;0.5;0.0
107.3;179.9;0.3;0.0
99.1;180.1;0.5;0.0
98.6;180.1;1.5;0.0
101.5;180.1;1.4;0.0
98.6;180.1;1.2;0.0
98.9;180.1;0.4;0.0
97.9;180.1;0.7;0.0
90.4;180.2;0.7;0.0
87.8;180.2;0.5;0.0
90.4;180.2;0.5;0.0
90.1;180.2;0.0;0.0
98.4;180.4;1.3;0.0
98.3;180.4;0.5;0.0
90.2;180.4;0.3;0.0
90.6;180.4;0.5;0.0
77.2;183.7;0.6;0.0
8.2;182.8;0.0;0.0
8.1;183.3;0.0;0.0
7.9;183.3;0.0;0.0
8.1;183.3;0.0;0.0
8.2;183.3;0.0;0.0
8.1;183.3;0.0;0.0
8.2;183.3;0.0;0.0
8.2;184.1;0.0;0.0
16.4;184.1;0.0;0.0
8.2;184.1;0.0;0.0
8.0;184.1;0.0;0.0
8.1;184.1;0.0;0.0
8.2;184.1;0.0;0.0
16.3;184.1;0.0;0.0
8.3;184.1;0.0;0.0
8.2;184.1;0.0;0.0
8.1;184.1;0.0;0.0
8.2;184.1;0.0;0.0
8.1;184.1;0.0;0.0
8.2;184.1;0.0;0.0
8.0;184.1;0.0;0.0
8.1;184.1;0.0;0.0
0.0;184.1;0.0;0.0
8.2;181.7;0.4;4.0
0.0;181.7;0.0;0.0
8.2;181.7;0.0;0.0
8.1;212.4;0.0;0.0
16.1;212.4;85.7;0.0
8.2;212.4;76.1;0.0
8.2;212.6;51.0;0.0
8.2;212.6;73.3;0.0
8.2;212.6;84.2;0.0
8.2;212.6;83.4;0.0
8.2;212.6;82.8;0.0
8.1;212.6;54.9;0.0
8.1;213.0;8.9;0.0
8.2;213.0;36.8;0.0
8.0;213.0;39.4;0.0
16.2;213.0;36.6;0.0
8.2;213.0;46.4;0.0
8.3;213.0;28.6;0.0
8.2;213.0;40.8;0.0
8.3;213.0;39.8;0.0
8.2;213.0;37.6;0.0
8.2;213.0;45.4;0.0
8.2;213.0;40.8;0.0
8.2;213.0;41.7;0.0
8.0;213.0;38.2;0.0
8.2;213.0;31.7;0.0
8.2;213.0;42.2;0.0
8.1;213.0;34.4;0.0
8.2;213.0;43.6;0.0
8.0;213.0;29.0;0.0
8.3;213.0;41.8;0.0
0.0;213.0;41.1;0.0
8.2;213.0;30.1;0.0
7.8;213.0;40.2;0.0
8.2;213.0;29.8;0.0
8.2;213.0;45.4;0.0
8.1;213.0;52.2;0.0
8.2;213.0;39.8;0.0
8.2;213.0;40.6;0.0
8.2;213.0;48.3;0.0
8.2;213.0;51.5;0.0
8.1;238.1;11.1;0.0
8.2;244.0;1.6;0.0
8.0;244.0;0.0;0.0
8.1;244.0;0.0;0.0
8.2;244.0;0.0;0.0
8.2;244.0;0.2;68.0
15.8;244.0;0.0;0.0
8.1;244.0;0.2;64.0
8.3;244.0;0.0;0.0
8.2;244.0;0.0;0.0
8.0;244.0;0.0;0.0
8.1;244.0;0.0;0.0
8.2;244.0;0.2;64.0
8.2;244.0;0.0;0.0
8.0;244.0;0.0;0.0
8.2;244.0;0.0;0.0
8.1;244.0;0.0;0.0
8.1;244.0;0.2;64.0
8.2;244.0;0.0;0.0
8.1;244.0;0.0;0.0
8.2;244.0;0.2;64.0
8.1;244.0;0.0;0.0
8.2;244.0;0.0;0.0
8.1;244.0;0.0;0.0
8.2;244.0;0.0;0.0
8.1;244.0;0.0;0.0
8.2;244.0;0.0;0.0
8.0;244.0;0.3;64.0
8.1;213.6;0.0;0.0
8.0;213.6;0.0;0.0
8.1;213.6;0.0;0.0
8.0;213.6;0.0;0.0
8.2;213.6;0.0;0.0
8.1;213.6;0.0;0.0
8.2;169.1;0.0;0.0
8.0;0.0;0.0;0.0
0.0;0.0;0.0;0.0
