98.4;32.4;4.6;0.0
107.0;34.1;4.3;0.0
97.2;36.4;1.9;0.0
99.0;37.4;1.8;0.0
99.1;38.3;2.6;0.0
16.5;39.2;2.6;0.0
8.2;43.2;3.7;0.0
0.0;46.4;3.2;0.0
8.1;48.1;3.6;0.0
8.1;49.3;6.0;0.0
0.0;52.3;6.0;0.0
16.1;54.0;4.2;0.0
8.2;56.2;3.5;0.0
8.1;56.8;1.7;0.0
8.2;59.8;3.4;0.0
8.1;60.3;0.9;0.0
8.2;61.7;2.9;0.0
8.1;63.6;6.8;0.0
8.2;65.1;3.7;0.0
8.2;66.1;1.4;0.0
8.3;66.8;2.5;0.0
0.0;68.3;5.2;0.0
8.3;68.8;1.6;0.0
8.2;64.4;4.1;0.0
8.2;65.7;0.8;0.0
8.2;67.0;3.2;0.0
8.1;68.5;1.5;0.0
0.0;70.5;2.6;0.0
8.1;72.0;1.2;0.0
8.2;73.3;1.6;0.0
16.3;75.6;5.0;0.0
0.0;77.0;2.4;0.0
8.1;78.8;9.8;0.0
8.1;80.4;4.4;0.0
16.1;80.9;0.2;0.0
8.2;81.4;1.4;0.0
8.2;82.1;1.9;0.0
8.1;82.1;0.0;0.0
8.2;83.1;4.6;0.0
0.0;83.6;5.2;0.0
8.2;84.3;5.5;0.0
8.1;85.9;5.2;0.0
0.0;87.7;3.8;0.0
8.2;88.6;4.4;0.0
0.0;89.9;5.6;0.0
8.2;91.2;2.6;0.0
8.2;92.0;5.2;0.0
8.2;93.3;5.0;0.0
8.2;94.3;5.6;0.0
8.1;95.5;3.6;0.0
8.2;96.3;3.6;0.0
8.2;97.5;4.8;0.0
0.0;98.4;6.8;0.0
8.2;101.1;6.6;0.0
8.2;101.9;6.0;0.0
8.2;102.6;2.9;0.0
8.2;103.3;4.9;0.0
8.2;104.3;3.9;0.0
8.2;107.5;8.2;0.0
8.3;108.3;6.1;0.0
8.2;109.4;1.8;0.0
8.2;109.4;0.0;0.0
15.7;115.2;0.9;0.0
98.9;118.2;6.4;0.0
107.2;121.4;4.8;0.0
99.0;123.2;6.8;0.0
98.9;125.1;8.4;0.0
99.0;126.6;6.0;0.0
99.0;130.1;7.1;0.0
98.9;131.5;1.7;0.0
107.2;131.8;0.0;0.0
99.0;132.0;0.0;0.0
80.9;132.2;0.0;0.0
8.1;132.8;0.0;0.0
8.1;133.2;0.4;0.0
8.0;134.6;1.2;0.0
16.2;135.7;4.6;0.0
0.0;137.3;3.4;0.0
8.2;137.8;0.2;0.0
16.3;138.1;0.0;0.0
0.0;138.1;3.2;0.0
8.2;138.4;4.2;0.0
8.2;140.2;5.6;0.0
8.1;142.6;7.3;0.0
8.1;146.0;9.6;0.0
8.2;149.7;6.4;0.0
8.2;152.0;4.9;0.0
0.0;152.0;0.2;0.0
0.0;152.0;0.0;0.0
0.0;152.0;0.1;0.0
0.0;152.0;0.0;0.0
0.0;152.0;1.9;0.0
0.0;152.0;0.0;0.0
0.0;152.0;3.3;0.0
0.0;152.0;3.9;0.0
0.0;152.0;0.0;0.0
0.0;152.0;3.5;0.0
0.0;152.0;2.5;0.0
0.0;152.0;1.9;0.0
0.0;152.0;1.6;0.0
0.0;152.0;0.0;0.0
0.0;152.2;0.6;0.0
0.0;152.2;3.8;0.0
0.0;152.2;4.1;0.0
0.0;152.2;1.6;0.0
0.0;152.4;3.4;0.0
0.0;152.4;4.3;0.0
0.0;152.4;2.5;0.0
0.0;157.2;3.7;0.0
8.1;155.0;0.0;0.0
8.1;156.6;0.0;0.0
8.2;156.6;0.0;0.0
8.2;156.9;0.4;0.0
8.1;156.9;0.0;0.0
8.2;156.9;0.0;0.0
16.2;156.9;0.0;0.0
8.2;156.9;0.0;0.0
8.1;156.9;0.0;0.0
8.2;156.9;0.0;0.0
8.2;157.7;0.0;0.0
8.0;158.2;0.0;0.0
8.1;158.2;0.0;0.0
8.1;158.5;0.0;0.0
8.2;158.5;0.0;0.0
8.1;158.5;0.0;0.0
8.2;158.5;0.0;0.0
7.9;158.5;0.0;0.0
8.2;158.5;0.0;0.0
8.1;158.5;0.0;0.0
8.2;158.5;0.0;0.0
8.0;158.5;0.0;0.0
8.2;158.5;0.0;0.0
8.1;158.5;0.0;0.0
8.2;158.5;0.0;0.0
8.1;158.5;0.0;0.0
8.0;158.5;0.0;0.0
8.2;158.5;0.0;0.0
8.1;158.5;0.0;0.0
8.2;158.5;0.0;0.0
8.1;158.5;0.0;0.0
8.0;158.5;0.0;0.0
8.2;158.5;0.0;0.0
8.0;158.5;0.0;0.0
8.2;158.5;0.0;0.0
16.2;158.5;0.0;0.0
8.1;158.5;0.0;0.0
8.2;158.5;0.0;0.0
8.1;158.5;0.0;0.0
8.2;158.5;0.0;0.0
8.1;158.5;0.0;0.0
8.2;158.5;0.0;0.0
8.1;158.5;0.0;0.0
8.2;158.5;0.0;0.0
8.1;158.5;0.0;0.0
8.2;158.5;0.0;0.0
8.1;158.5;0.0;0.0
8.2;158.5;0.0;0.0
8.0;158.5;0.0;0.0
8.2;158.5;0.0;0.0
8.1;158.5;0.0;0.0
8.2;158.5;0.0;0.0
8.0;158.5;0.0;0.0
8.2;158.5;0.0;0.0
8.0;158.5;0.0;0.0
8.2;158.5;0.0;0.0
8.1;158.5;0.0;0.0
8.2;158.5;0.0;0.0
8.0;158.5;0.0;0.0
8.1;158.5;0.0;0.0
8.2;158.5;0.0;0.0
16.2;158.5;0.0;0.0
8.2;158.5;0.0;0.0
8.1;158.5;0.0;0.0
8.2;158.5;0.0;0.0
8.1;158.5;0.0;0.0
8.2;158.5;0.0;0.0
8.1;158.5;0.0;0.0
8.2;158.5;0.0;0.0
8.1;158.5;0.0;0.0
8.0;158.5;0.0;0.0
8.1;158.5;0.0;0.0
16.3;158.5;0.0;0.0
8.2;158.5;0.0;0.0
8.1;158.5;0.0;0.0
8.2;158.5;0.0;0.0
8.1;158.5;0.0;0.0
8.2;158.5;0.0;0.0
8.1;158.5;0.0;0.0
8.2;158.5;0.0;0.0
8.1;158.5;0.0;0.0
8.2;158.5;0.0;0.0
8.1;158.5;0.0;0.0
8.2;158.5;0.0;0.0
8.1;158.5;0.0;0.0
8.2;158.5;0.0;0.0
8.1;158.5;0.0;0.0
8.2;158.5;0.0;0.0
8.0;158.5;0.0;0.0
8.2;158.5;0.0;0.0
8.0;158.9;0.0;0.0
8.2;158.9;0.0;0.0
8.0;159.2;0.0;0.0
8.2;159.2;0.0;0.0
16.3;159.2;0.3;0.0
0.0;159.2;0.0;0.0
0.0;159.2;0.1;0.0
0.0;159.2;0.0;0.0
0.0;159.2;1.8;0.0
0.0;159.2;0.0;0.0
0.0;159.2;0.2;0.0
0.0;159.2;1.6;0.0
0.0;159.2;5.2;0.0
0.0;159.2;0.0;0.0
0.0;159.2;0.5;0.0
0.0;159.2;0.0;0.0
0.0;159.2;3.2;0.0
0.0;159.2;1.1;0.0
0.0;159.2;0.0;0.0
0.0;159.2;2.2;0.0
0.0;165.4;1.5;0.0
8.2;159.3;0.0;0.0
8.1;159.3;0.0;0.0
8.2;159.3;0.0;0.0
8.1;159.3;0.0;0.0
8.2;159.3;0.0;0.0
8.1;159.3;0.0;0.0
8.2;159.3;0.0;0.0
8.1;159.3;0.0;0.0
8.2;159.3;0.0;0.0
8.1;159.3;0.0;0.0
8.2;159.3;0.0;0.0
8.3;159.3;0.0;0.0
8.2;159.3;0.0;0.0
8.1;159.3;0.0;0.0
8.2;159.3;0.0;0.0
8.1;159.3;0.0;0.0
16.3;159.3;0.0;0.0
8.0;159.3;0.0;0.0
8.1;159.3;0.0;0.0
8.2;159.3;0.0;0.0
8.1;159.3;0.0;0.0
8.2;159.3;0.0;0.0
8.1;159.3;0.0;0.0
8.2;159.3;0.0;0.0
8.0;159.3;0.0;0.0
8.2;159.3;0.0;0.0
8.0;159.3;0.0;0.0
8.2;159.3;0.0;0.0
8.0;159.3;0.0;0.0
8.1;159.3;0.0;0.0
8.2;159.3;0.0;0.0
8.1;159.3;0.0;0.0
8.2;159.3;0.0;0.0
16.2;159.3;0.0;0.0
8.2;159.3;0.0;0.0
7.9;159.3;0.0;0.0
8.2;159.3;0.0;0.0
8.0;159.3;0.0;0.0
8.2;159.3;0.0;0.0
8.1;159.3;0.0;0.0
8.2;159.3;0.0;0.0
8.0;159.3;0.0;0.0
8.2;159.3;0.0;0.0
8.1;159.3;0.0;0.0
8.2;159.3;0.0;0.0
8.0;159.3;0.0;0.0
16.4;159.3;0.0;0.0
8.2;159.3;0.0;0.0
66.1;167.6;0.0;0.0
107.2;167.6;0.1;0.0
98.7;168.2;1.0;0.0
90.4;168.2;0.0;0.0
98.4;168.2;0.2;0.0
90.0;168.2;0.0;0.0
90.2;168.2;0.0;0.0
90.6;168.2;3.4;0.0
90.4;168.2;0.2;0.0
90.1;168.2;0.0;0.0
41.4;168.2;2.5;0.0
0.0;168.2;2.8;0.0
0.0;168.2;0.9;0.0
0.0;168.2;2.4;0.0
0.0;168.2;3.9;0.0
0.0;168.4;5.9;0.0
0.0;168.7;5.0;0.0
0.0;170.9;2.8;0.0
22.5;172.1;0.0;0.0
99.1;172.6;2.3;0.0
90.5;173.4;1.1;0.0
98.9;173.4;0.3;0.0
98.0;173.4;2.5;0.0
99.0;173.7;1.6;0.0
97.6;175.6;3.7;0.0
98.9;175.6;0.0;0.0
107.2;175.6;0.0;0.0
98.9;175.6;0.0;0.0
99.0;175.6;0.0;0.0
99.2;175.6;0.0;0.0
106.5;175.6;0.0;0.0
98.4;175.6;0.0;0.0
90.8;174.3;0.0;0.0
99.1;174.3;0.0;0.0
107.3;174.3;0.0;0.0
99.0;174.3;0.0;0.0
107.2;174.3;0.0;0.0
99.2;174.3;0.0;0.0
98.9;174.9;0.0;0.0
98.8;174.9;0.0;0.0
57.3;174.9;0.0;0.0
8.3;174.9;0.0;0.0
8.2;174.9;0.0;0.0
8.3;174.9;0.0;0.0
8.2;174.9;0.0;0.0
8.2;175.6;0.0;0.0
8.3;175.6;0.0;0.0
8.2;175.6;0.0;0.0
8.1;175.6;0.0;0.0
8.0;175.6;0.0;0.0
8.1;175.6;0.0;0.0
8.2;175.6;0.0;0.0
8.1;175.6;0.0;0.0
8.2;175.6;0.0;0.0
8.1;175.6;0.0;0.0
8.2;175.6;0.0;0.0
8.2;173.2;0.4;4.0
0.0;173.2;0.0;0.0
8.3;173.2;0.0;0.0
16.3;185.7;0.0;0.0
8.2;203.9;22.2;0.0
8.2;203.9;67.9;0.0
8.1;203.9;79.2;0.0
8.3;203.9;82.3;0.0
8.2;203.9;83.9;0.0
8.1;204.2;85.1;0.0
8.1;204.2;84.1;0.0
8.2;204.2;80.5;0.0
8.1;204.2;7.2;0.0
8.2;204.5;32.7;0.0
8.1;204.5;39.0;0.0
8.2;204.5;33.0;0.0
8.2;204.5;47.0;0.0
8.2;204.5;36.9;0.0
8.2;204.5;32.7;0.0
8.1;204.5;55.7;0.0
8.2;204.5;36.4;0.0
8.2;204.5;47.7;0.0
8.2;204.5;41.0;0.0
8.0;204.5;51.8;0.0
8.2;204.5;43.0;0.0
16.1;204.5;39.2;0.0
8.1;204.5;40.2;0.0
8.2;204.5;42.2;0.0
8.0;204.5;34.8;0.0
8.2;204.5;43.3;0.0
8.2;204.5;39.7;0.0
8.2;204.5;29.8;0.0
8.2;204.5;36.4;0.0
8.2;204.5;39.4;0.0
8.2;204.5;42.2;0.0
8.2;204.5;48.0;0.0
8.2;204.5;51.8;0.0
8.2;204.5;41.0;0.0
8.2;204.5;40.0;0.0
8.2;204.5;49.5;0.0
8.2;220.0;21.4;0.0
8.2;235.7;1.6;0.0
0.0;235.7;0.0;0.0
8.2;235.7;0.0;0.0
8.0;235.7;0.0;0.0
8.2;235.7;0.0;0.0
8.1;235.7;0.0;0.0
8.0;235.7;0.0;0.0
16.3;235.7;0.0;0.0
8.3;235.7;0.2;68.0
8.2;235.7;0.0;0.0
8.1;235.7;0.2;64.0
8.2;235.7;0.0;0.0
8.1;235.7;0.0;0.0
8.2;235.7;0.0;0.0
8.2;235.7;0.2;64.0
8.1;235.7;0.0;0.0
8.2;235.7;0.0;0.0
8.1;235.7;0.0;0.0
8.2;235.7;0.2;64.0
8.1;235.7;0.0;0.0
8.0;235.7;0.0;0.0
8.1;235.7;0.0;0.0
8.2;235.7;0.2;64.0
8.1;235.7;0.0;0.0
8.2;235.7;0.0;0.0
16.3;235.7;0.0;0.0
8.2;235.7;0.0;0.0
8.1;235.7;0.0;0.0
8.2;205.2;0.3;64.0
8.2;205.2;0.0;0.0
8.2;205.3;0.0;0.0
8.1;205.3;0.0;0.0
8.0;205.3;0.0;0.0
8.1;205.3;0.0;0.0
8.0;205.3;0.0;0.0
8.2;205.3;0.0;0.0
8.2;174.8;0.0;0.0
16.4;0.0;0.0;0.0
0.0;0.0;0.0;0.0
