39.7;23.4;2.7;0.0
97.8;25.4;1.6;0.0
98.7;26.2;2.4;0.0
97.0;26.7;1.4;0.0
98.4;27.0;0.4;0.0
98.8;27.7;3.4;0.0
98.9;28.6;2.9;0.0
97.5;30.5;4.0;0.0
82.4;31.9;3.9;0.0
90.6;34.1;2.1;0.0
49.1;35.3;2.2;0.0
8.2;36.4;4.6;0.0
8.2;38.0;1.6;0.0
8.2;41.8;3.7;0.0
0.0;44.9;4.1;0.0
8.1;45.8;2.0;0.0
8.2;46.9;5.1;0.0
8.2;48.4;4.3;0.0
8.1;50.6;3.9;0.0
8.0;52.5;3.3;0.0
0.0;54.0;2.6;0.0
8.2;54.8;1.5;0.0
8.2;56.3;2.0;0.0
8.2;57.5;1.4;0.0
8.2;57.9;0.7;0.0
8.1;58.3;0.5;0.0
8.1;59.9;3.0;0.0
8.2;61.2;6.6;0.0
8.2;62.7;3.5;0.0
8.3;63.4;1.0;0.0
8.1;64.4;1.7;0.0
0.0;65.4;2.8;0.0
8.1;66.0;3.8;0.0
8.2;57.8;4.6;0.0
0.0;59.1;1.6;0.0
8.0;60.7;3.2;0.0
24.1;62.3;1.5;0.0
0.0;64.4;3.0;0.0
8.2;65.6;0.8;0.0
8.2;67.0;1.6;0.0
8.2;69.5;5.0;0.0
8.1;70.4;1.6;0.0
8.2;71.8;9.0;0.0
7.9;73.8;5.8;0.0
8.2;74.6;0.4;0.0
8.2;75.1;1.4;0.0
8.2;75.9;1.9;0.0
8.2;75.9;0.0;0.0
8.2;76.6;4.2;0.0
0.0;77.3;5.6;0.0
8.2;78.2;6.5;0.0
8.2;81.2;4.4;0.0
8.2;81.9;5.0;0.0
8.2;82.7;5.5;0.0
0.0;84.6;3.5;0.0
8.2;85.5;5.6;0.0
8.2;86.2;3.6;0.0
8.2;87.2;5.2;0.0
0.0;88.4;4.4;0.0
16.4;89.5;4.2;0.0
8.2;90.6;3.4;0.0
8.2;91.2;3.6;0.0
0.0;92.2;7.0;0.0
8.1;95.0;7.2;0.0
8.1;95.9;5.8;0.0
8.1;96.4;2.9;0.0
8.0;97.3;5.1;0.0
8.2;98.7;4.9;0.0
8.1;101.5;7.3;0.0
0.0;102.4;6.4;0.0
8.2;103.3;0.6;0.0
8.1;103.3;0.0;0.0
32.8;109.5;1.3;0.0
74.2;111.6;4.9;0.0
99.0;114.9;5.7;0.0
98.8;116.1;2.8;0.0
98.8;117.3;6.4;0.0
98.9;119.5;7.9;0.0
98.9;120.9;4.9;0.0
98.8;123.0;4.4;0.0
98.9;125.3;3.8;0.0
98.9;125.5;0.0;0.0
81.7;125.9;0.0;0.0
32.3;126.2;0.0;0.0
8.2;126.4;0.0;0.0
8.2;126.9;0.2;0.0
8.2;127.4;0.6;0.0
8.1;128.9;2.0;0.0
8.2;129.7;3.4;0.0
8.1;131.2;3.4;0.0
8.1;131.5;0.2;0.0
0.0;132.0;0.0;0.0
8.1;132.2;3.2;0.0
8.1;132.5;5.8;0.0
8.0;134.3;4.0;0.0
8.0;137.0;8.9;0.0
8.1;139.6;7.2;0.0
0.0;142.9;5.6;0.0
16.5;145.0;5.1;0.0
0.0;145.8;1.5;0.0
0.0;145.8;0.0;0.0
0.0;145.8;0.1;0.0
0.0;145.8;0.0;0.0
0.0;145.8;1.8;0.0
0.0;145.8;0.0;0.0
8.2;145.8;3.3;0.0
0.0;145.8;4.6;0.0
0.0;145.8;0.0;0.0
0.0;145.8;1.9;0.0
0.0;145.8;4.1;0.0
0.0;145.8;0.2;0.0
0.0;145.8;0.5;0.0
0.0;145.8;0.0;0.0
0.0;145.8;0.6;0.0
0.0;146.1;4.1;0.0
0.0;146.1;1.4;0.0
0.0;146.1;0.0;0.0
0.0;146.1;4.7;0.0
0.0;146.1;0.0;0.0
0.0;146.3;3.3;0.0
8.2;146.3;5.8;0.0
0.0;146.3;0.8;0.0
0.0;146.6;0.9;0.0
0.0;150.2;3.1;0.0
0.0;149.9;0.0;0.0
8.2;150.4;0.0;0.0
15.9;150.4;0.0;0.0
8.2;150.4;0.0;0.0
8.0;150.9;0.4;0.0
8.0;150.9;0.0;0.0
8.1;150.9;0.0;0.0
8.2;150.9;0.0;0.0
8.0;150.9;0.0;0.0
8.2;150.9;0.0;0.0
8.2;151.6;0.0;0.0
16.3;151.6;0.0;0.0
8.2;151.6;0.0;0.0
8.1;151.6;0.0;0.0
8.2;151.6;0.0;0.0
16.2;151.6;0.0;0.0
8.2;151.6;0.0;0.0
8.0;151.6;0.0;0.0
8.2;151.6;0.0;0.0
8.1;151.6;0.0;0.0
8.0;151.6;0.0;0.0
8.2;151.9;0.0;0.0
8.1;151.9;0.0;0.0
8.2;151.9;0.0;0.0
8.1;151.9;0.0;0.0
8.2;151.9;0.0;0.0
8.1;151.9;0.0;0.0
8.0;151.9;0.0;0.0
8.2;151.9;0.0;0.0
8.0;151.9;0.0;0.0
8.2;151.9;0.0;0.0
8.1;151.9;0.0;0.0
8.2;151.9;0.0;0.0
16.5;151.9;0.0;0.0
8.2;151.9;0.0;0.0
8.1;151.9;0.0;0.0
8.2;151.9;0.0;0.0
8.2;152.2;0.0;0.0
0.0;152.2;0.0;0.0
8.2;152.2;0.0;0.0
8.1;152.2;0.0;0.0
8.2;152.2;0.0;0.0
8.1;152.2;0.0;0.0
8.2;152.2;0.0;0.0
8.1;152.2;0.0;0.0
8.2;152.2;0.0;0.0
8.1;152.2;0.0;0.0
8.2;152.2;0.0;0.0
8.2;152.4;0.0;0.0
8.1;152.4;0.0;0.0
8.2;152.4;0.0;0.0
8.0;152.4;0.0;0.0
8.2;152.4;0.0;0.0
8.1;152.4;0.0;0.0
8.2;152.4;0.0;0.0
8.0;152.4;0.0;0.0
8.2;152.4;0.0;0.0
8.1;152.4;0.0;0.0
8.2;152.4;0.0;0.0
8.1;152.4;0.0;0.0
8.2;152.4;0.0;0.0
16.3;152.4;0.0;0.0
8.2;152.4;0.0;0.0
8.3;152.4;0.0;0.0
8.1;152.4;0.0;0.0
8.0;152.4;0.0;0.0
8.2;152.4;0.0;0.0
8.1;152.4;0.0;0.0
8.2;152.4;0.0;0.0
8.1;152.4;0.0;0.0
8.2;152.4;0.0;0.0
8.1;152.4;0.0;0.0
8.2;152.4;0.0;0.0
8.0;152.4;0.0;0.0
8.2;152.4;0.0;0.0
8.0;152.4;0.0;0.0
8.2;152.4;0.0;0.0
8.1;152.4;0.0;0.0
8.2;152.4;0.0;0.0
8.0;152.4;0.0;0.0
8.1;152.4;0.0;0.0
8.3;152.4;0.0;0.0
8.1;152.4;0.0;0.0
8.2;152.4;0.0;0.0
8.0;152.4;0.0;0.0
8.1;152.4;0.0;0.0
8.2;152.4;0.0;0.0
8.0;152.4;0.0;0.0
8.1;152.4;0.0;0.0
8.2;152.4;0.0;0.0
8.1;152.4;0.0;0.0
8.2;152.4;0.0;0.0
8.1;152.4;0.0;0.0
8.2;152.4;0.0;0.0
8.1;152.4;0.0;0.0
8.2;152.4;0.0;0.0
8.1;152.4;0.0;0.0
8.0;152.4;0.0;0.0
8.1;152.4;0.0;0.0
8.2;152.4;0.0;0.0
8.1;152.4;0.0;0.0
8.2;152.4;0.0;0.0
8.0;152.8;0.0;0.0
16.1;152.8;0.0;0.0
8.2;153.1;0.0;0.0
0.0;153.1;0.3;0.0
0.0;153.1;0.0;0.0
8.2;153.1;0.1;0.0
0.0;153.1;0.0;0.0
0.0;153.1;1.4;0.0
0.0;153.1;0.4;0.0
0.0;153.1;0.0;0.0
0.0;153.1;0.2;0.0
0.0;153.1;0.0;0.0
0.0;153.1;4.1;0.0
0.0;153.1;0.0;0.0
0.0;153.1;0.4;0.0
0.0;153.1;0.0;0.0
0.0;153.1;1.5;0.0
0.0;153.1;1.4;0.0
0.0;153.1;0.0;0.0
0.0;153.1;1.5;0.0
0.0;156.3;1.8;0.0
8.2;153.2;0.0;0.0
8.0;153.2;0.0;0.0
8.2;153.2;0.0;0.0
8.0;153.2;0.0;0.0
8.1;153.2;0.0;0.0
8.2;153.2;0.0;0.0
8.1;153.2;0.0;0.0
8.2;153.2;0.0;0.0
8.0;153.2;0.0;0.0
8.2;153.2;0.0;0.0
8.1;153.2;0.0;0.0
8.2;153.2;0.0;0.0
8.1;153.2;0.0;0.0
8.2;153.2;0.0;0.0
8.0;153.2;0.0;0.0
8.2;153.2;0.0;0.0
16.0;153.2;0.0;0.0
8.1;153.2;0.0;0.0
8.0;153.2;0.0;0.0
8.2;153.2;0.0;0.0
8.0;153.2;0.0;0.0
8.2;153.2;0.0;0.0
8.1;153.2;0.0;0.0
8.0;153.2;0.0;0.0
8.2;153.2;0.0;0.0
8.0;153.2;0.0;0.0
8.1;153.2;0.0;0.0
8.0;153.2;0.0;0.0
8.1;153.2;0.0;0.0
8.2;153.2;0.0;0.0
16.3;153.2;0.0;0.0
8.2;153.2;0.0;0.0
8.0;153.2;0.0;0.0
8.2;153.2;0.0;0.0
8.0;153.2;0.0;0.0
8.1;153.2;0.0;0.0
8.2;153.2;0.0;0.0
8.1;153.2;0.0;0.0
8.2;153.2;0.0;0.0
8.0;153.2;0.0;0.0
8.1;153.2;0.0;0.0
8.2;153.2;0.0;0.0
8.1;153.2;0.0;0.0
8.0;153.2;0.0;0.0
8.1;153.2;0.0;0.0
8.2;153.2;0.0;0.0
8.0;153.2;0.0;0.0
8.1;153.2;0.0;0.0
8.0;153.2;0.0;0.0
8.1;153.2;0.0;0.0
8.2;153.2;0.0;0.0
8.0;153.2;0.0;0.0
8.2;153.2;0.0;0.0
7.8;153.2;0.0;0.0
8.1;153.2;0.0;0.0
24.6;163.5;0.0;0.0
90.8;167.5;0.0;0.0
99.4;168.1;0.7;0.0
90.4;168.1;0.4;0.0
90.3;168.1;0.0;0.0
90.5;168.1;0.0;0.0
90.9;168.1;0.2;0.0
90.4;168.1;0.0;0.0
90.6;168.1;0.0;0.0
98.2;168.1;2.3;0.0
98.2;168.1;1.4;0.0
73.6;168.1;0.0;0.0
0.0;168.1;0.2;0.0
0.0;168.1;0.0;0.0
0.0;168.1;2.2;0.0
0.0;168.1;2.5;0.0
0.0;168.1;0.0;0.0
0.0;168.1;0.2;0.0
0.0;168.1;0.0;0.0
8.2;168.1;3.1;0.0
0.0;168.1;0.0;0.0
0.0;168.1;3.1;0.0
0.0;168.4;1.1;0.0
0.0;168.4;0.5;0.0
0.0;168.7;2.1;0.0
0.0;168.7;2.0;0.0
8.2;168.7;2.2;0.0
0.0;168.7;1.8;0.0
0.0;168.7;1.7;0.0
0.0;172.6;1.4;0.0
16.5;170.2;0.7;0.0
98.9;172.9;0.0;0.0
98.8;172.9;1.5;0.0
99.0;173.5;1.0;0.0
99.1;173.5;0.1;0.0
99.0;173.5;0.2;0.0
99.0;173.5;0.0;0.0
107.1;173.7;0.7;0.0
90.8;173.7;1.0;0.0
98.8;173.7;0.0;0.0
115.7;173.7;0.4;0.0
82.5;173.7;0.7;0.0
115.6;174.0;0.8;0.0
90.9;174.0;0.3;0.0
99.0;174.0;0.5;0.0
98.9;174.2;1.7;0.0
90.5;174.3;0.5;0.0
99.0;174.3;0.8;0.0
90.5;174.3;0.3;0.0
90.5;179.3;1.0;0.0
98.9;176.2;0.0;0.0
107.2;176.7;0.0;0.0
99.0;176.7;0.0;0.0
98.9;176.7;0.0;0.0
65.4;176.7;0.0;0.0
8.1;177.2;0.0;0.0
8.2;177.2;0.0;0.0
8.1;177.2;0.0;0.0
8.2;177.2;0.0;0.0
8.0;177.2;0.0;0.0
8.1;177.2;0.0;0.0
8.1;178.0;0.0;0.0
8.0;178.0;0.0;0.0
8.1;178.0;0.0;0.0
8.2;178.0;0.0;0.0
8.1;178.0;0.0;0.0
8.2;178.0;0.0;0.0
8.1;178.0;0.0;0.0
8.2;178.0;0.0;0.0
16.4;178.0;0.0;0.0
8.2;178.0;0.0;0.0
8.1;178.0;0.0;0.0
8.0;178.0;0.0;0.0
8.2;178.0;0.0;0.0
8.1;178.0;0.0;0.0
8.2;178.0;0.0;0.0
8.1;178.0;0.0;0.0
0.0;175.6;0.4;4.0
8.2;175.6;0.0;0.0
8.2;175.7;0.0;0.0
8.1;206.4;2.0;0.0
8.1;206.4;86.3;0.0
8.2;206.4;82.8;0.0
8.1;206.5;80.5;0.0
8.2;206.5;84.8;0.0
16.4;206.5;81.8;0.0
8.2;206.5;75.7;0.0
8.2;206.5;76.4;0.0
8.2;206.5;22.9;0.0
8.2;206.8;19.7;0.0
8.2;206.8;39.0;0.0
8.1;206.8;26.4;0.0
8.2;206.8;41.0;0.0
8.2;206.8;37.6;0.0
8.2;206.8;32.8;0.0
8.2;206.8;32.2;0.0
8.1;206.8;41.9;0.0
8.1;206.8;43.3;0.0
8.1;206.8;33.2;0.0
8.2;206.8;41.6;0.0
8.1;206.8;47.2;0.0
8.0;206.8;37.0;0.0
8.2;206.8;28.0;0.0
8.2;206.8;38.9;0.0
8.2;206.8;34.5;0.0
8.1;206.8;36.0;0.0
8.2;206.8;41.4;0.0
8.1;206.8;34.0;0.0
8.2;206.8;45.5;0.0
8.1;206.8;33.1;0.0
8.0;206.8;36.5;0.0
8.2;206.8;33.5;0.0
8.1;206.8;51.8;0.0
8.0;206.8;40.8;0.0
8.2;206.8;49.7;0.0
8.2;206.8;44.4;0.0
8.2;206.8;45.5;0.0
8.2;206.8;39.2;0.0
8.2;220.8;31.7;0.0
8.2;238.0;1.6;0.0
8.3;238.0;0.0;0.0
8.1;238.0;0.0;0.0
8.0;238.0;0.0;0.0
8.2;238.0;0.0;0.0
8.1;238.0;0.0;0.0
8.2;238.0;0.0;0.0
8.1;238.0;0.0;0.0
8.2;238.0;0.0;0.0
7.9;238.0;0.2;68.0
8.3;238.0;0.0;0.0
8.2;238.0;0.0;0.0
8.1;238.0;0.2;64.0
7.9;238.0;0.0;0.0
8.2;238.0;0.0;0.0
8.2;238.0;0.2;64.0
8.3;238.0;0.0;0.0
8.2;238.0;0.0;0.0
8.0;238.0;0.2;64.0
8.2;238.0;0.0;0.0
8.1;238.0;0.0;0.0
8.0;238.0;0.2;64.0
8.2;238.0;0.0;0.0
8.0;238.0;0.0;0.0
8.2;238.0;0.0;0.0
8.1;238.0;0.0;0.0
8.2;238.0;0.0;0.0
8.1;238.0;0.0;0.0
8.2;207.6;0.3;64.0
8.2;207.6;0.0;0.0
8.0;207.6;0.0;0.0
8.2;207.6;0.0;0.0
8.0;207.6;0.0;0.0
8.1;207.6;0.0;0.0
8.2;207.6;0.0;0.0
8.1;207.6;0.0;0.0
8.2;207.6;0.0;0.0
8.1;207.6;0.0;0.0
8.2;177.1;0.0;0.0
8.1;0.0;0.0;0.0
0.0;0.0;0.0;0.0
