99.0;36.3;2.9;0.0
107.3;38.2;5.4;0.0
99.1;38.7;1.2;0.0
99.0;39.8;3.7;0.0
99.0;42.3;1.9;0.0
66.0;43.3;2.0;0.0
0.0;44.4;3.8;0.0
0.0;45.0;1.6;0.0
16.4;49.3;3.6;0.0
0.0;52.8;3.8;0.0
8.2;53.8;2.5;0.0
8.2;54.9;5.4;0.0
0.0;56.4;4.7;0.0
8.0;59.0;4.7;0.0
8.2;61.0;3.1;0.0
8.1;62.1;2.3;0.0
8.2;64.4;3.2;0.0
8.2;65.8;1.8;0.0
8.2;66.0;0.5;0.0
8.2;67.4;2.5;0.0
8.2;68.9;6.4;0.0
8.2;70.7;3.9;0.0
8.2;71.4;1.2;0.0
8.2;72.0;1.5;0.0
8.2;73.5;4.8;0.0
8.2;74.3;3.0;0.0
8.2;74.2;4.2;0.0
8.1;75.5;1.6;0.0
8.2;76.7;3.2;0.0
8.2;77.5;0.6;0.0
8.2;79.8;2.6;0.0
8.2;81.6;1.7;0.0
8.2;82.0;0.4;0.0
8.2;83.6;2.2;0.0
8.2;85.9;4.4;0.0
8.2;87.5;4.2;0.0
8.2;89.1;8.0;0.0
8.2;90.5;4.4;0.0
8.3;91.0;0.2;0.0
8.2;91.5;1.4;0.0
8.2;92.2;1.9;0.0
8.2;92.2;0.0;0.0
8.2;93.0;4.4;0.0
8.2;93.8;6.9;0.0
0.0;95.2;6.4;0.0
16.4;97.5;4.2;0.0
8.2;98.4;5.6;0.0
0.0;99.9;6.8;0.0
16.2;101.3;2.6;0.0
0.0;101.9;4.8;0.0
8.2;102.4;1.2;0.0
16.4;102.9;3.0;0.0
0.0;104.1;5.6;0.0
8.2;104.6;1.6;0.0
8.2;105.6;3.2;0.0
8.2;106.2;2.4;0.0
8.2;107.5;5.6;0.0
8.2;107.9;3.2;0.0
8.2;108.8;6.2;0.0
8.2;111.5;6.2;0.0
8.2;112.3;5.4;0.0
0.0;112.8;3.1;0.0
8.2;113.9;4.3;0.0
8.2;114.9;5.5;0.0
8.2;117.8;7.3;0.0
8.2;119.5;6.4;0.0
8.2;119.5;0.0;0.0
41.2;133.2;1.2;0.0
90.6;136.0;5.9;0.0
107.1;139.2;4.8;0.0
98.8;140.0;2.2;0.0
122.2;142.3;8.9;0.0
104.4;144.1;6.4;0.0
98.8;145.0;3.7;0.0
99.0;146.1;4.6;0.0
98.0;149.6;4.4;0.0
98.5;149.9;0.0;0.0
24.7;150.1;0.0;0.0
8.1;150.6;0.0;0.0
8.2;150.9;0.0;0.0
8.2;151.4;0.2;0.0
8.2;152.1;0.8;0.0
8.2;153.4;1.8;0.0
0.0;154.1;3.4;0.0
8.2;155.7;3.4;0.0
8.2;155.9;0.2;0.0
16.5;156.5;0.0;0.0
8.2;156.5;3.2;0.0
0.0;156.7;3.2;0.0
8.2;158.6;6.0;0.0
8.2;159.9;5.1;0.0
16.4;162.2;7.0;0.0
8.2;165.5;6.6;0.0
8.2;168.3;6.2;0.0
8.2;170.4;3.8;0.0
0.0;170.4;0.2;0.0
0.0;170.4;0.0;0.0
0.0;170.4;0.1;0.0
0.0;170.4;0.0;0.0
0.0;170.4;1.9;0.0
0.0;170.4;0.0;0.0
0.0;170.4;0.2;0.0
0.0;170.4;0.0;0.0
0.0;170.4;6.5;0.0
0.0;170.4;0.0;0.0
0.0;170.4;1.1;0.0
0.0;170.4;0.0;0.0
0.0;170.4;1.9;0.0
0.0;170.4;0.6;0.0
0.0;170.4;1.2;0.0
0.0;170.4;0.2;0.0
0.0;170.4;0.1;0.0
0.0;170.4;0.0;0.0
0.0;170.7;1.0;0.0
0.0;170.7;0.7;0.0
0.0;170.7;0.6;0.0
0.0;170.7;0.9;0.0
0.0;170.7;0.7;0.0
0.0;170.7;0.0;0.0
0.0;170.7;1.6;0.0
0.0;170.7;1.4;0.0
0.0;170.7;0.5;0.0
0.0;170.7;1.5;0.0
0.0;170.7;1.0;0.0
0.0;171.0;0.7;0.0
0.0;171.0;0.5;0.0
0.0;171.0;0.9;0.0
8.1;171.0;1.0;0.0
0.0;171.0;0.0;0.0
0.0;171.0;7.3;0.0
0.0;171.2;3.1;0.0
0.0;171.2;0.0;0.0
0.0;171.2;0.8;0.0
0.0;173.4;1.0;0.0
0.0;173.6;0.0;0.0
8.2;174.5;0.0;0.0
16.4;175.2;0.4;0.0
0.0;175.4;0.0;0.0
8.2;175.4;0.0;0.0
8.1;176.1;0.0;0.0
8.2;176.1;0.0;0.0
8.2;176.4;0.0;0.0
16.4;176.4;0.0;0.0
8.2;176.4;0.0;0.0
8.1;176.4;0.0;0.0
8.2;176.4;0.0;0.0
8.1;176.4;0.0;0.0
8.2;176.4;0.0;0.0
8.1;176.4;0.0;0.0
8.1;176.9;0.0;0.0
8.2;176.9;0.0;0.0
8.1;176.9;0.0;0.0
8.2;176.9;0.0;0.0
8.1;176.9;0.0;0.0
8.2;176.9;0.0;0.0
8.1;176.9;0.0;0.0
8.2;176.9;0.0;0.0
8.1;176.9;0.0;0.0
8.2;176.9;0.0;0.0
8.1;176.9;0.0;0.0
8.2;176.9;0.0;0.0
8.1;176.9;0.0;0.0
16.5;176.9;0.0;0.0
8.2;176.9;0.0;0.0
8.1;176.9;0.0;0.0
8.2;176.9;0.0;0.0
8.1;176.9;0.0;0.0
8.2;176.9;0.0;0.0
8.1;176.9;0.0;0.0
8.2;176.9;0.0;0.0
8.1;176.9;0.0;0.0
8.2;176.9;0.0;0.0
8.2;177.4;0.0;0.0
8.2;177.6;0.0;0.0
16.4;177.6;0.3;0.0
0.0;177.6;0.0;0.0
0.0;177.6;0.1;0.0
0.0;177.6;0.0;0.0
0.0;177.6;1.9;0.0
0.0;177.6;0.0;0.0
0.0;177.6;0.2;0.0
0.0;177.6;0.0;0.0
0.0;177.6;4.0;0.0
0.0;177.6;0.0;0.0
0.0;177.6;0.3;0.0
0.0;177.6;0.4;0.0
0.0;177.6;0.0;0.0
0.0;177.6;1.5;0.0
0.0;177.6;0.4;0.0
0.0;177.6;1.4;0.0
0.0;177.6;0.0;0.0
0.0;177.6;1.4;0.0
0.0;180.8;1.5;0.0
0.0;177.7;0.0;0.0
8.2;177.7;0.0;0.0
8.1;177.7;0.0;0.0
8.2;177.7;0.0;0.0
8.1;177.7;0.0;0.0
8.2;177.7;0.0;0.0
8.1;177.7;0.0;0.0
8.2;177.7;0.0;0.0
8.1;177.7;0.0;0.0
8.2;177.7;0.0;0.0
8.1;177.7;0.0;0.0
8.2;177.7;0.0;0.0
8.1;177.7;0.0;0.0
8.2;177.7;0.0;0.0
8.1;177.7;0.0;0.0
8.2;177.7;0.0;0.0
8.1;177.7;0.0;0.0
8.2;177.7;0.0;0.0
8.1;177.7;0.0;0.0
8.2;177.7;0.0;0.0
8.3;177.7;0.0;0.0
8.2;177.7;0.0;0.0
8.1;177.7;0.0;0.0
8.2;177.7;0.0;0.0
16.5;177.7;0.0;0.0
8.2;177.7;0.0;0.0
99.1;182.0;0.0;0.0
98.9;182.0;0.1;0.0
90.3;182.5;1.0;0.0
96.8;182.5;0.0;0.0
90.7;182.5;0.0;0.0
90.8;182.5;0.2;0.0
90.5;182.5;0.0;0.0
90.4;182.5;0.0;0.0
110.4;182.5;3.7;0.0
90.2;182.5;0.0;0.0
41.1;182.5;0.0;0.0
0.0;182.5;0.4;0.0
0.0;182.5;0.8;0.0
8.2;182.5;0.9;0.0
0.0;182.5;1.6;0.0
0.0;182.5;0.3;0.0
0.0;182.5;0.0;0.0
0.0;182.5;2.2;0.0
0.0;182.5;1.0;0.0
0.0;182.5;0.0;0.0
0.0;182.5;0.8;0.0
0.0;182.7;1.6;0.0
0.0;182.7;0.0;0.0
0.0;183.0;3.2;0.0
0.0;183.0;0.0;0.0
0.0;183.0;3.3;0.0
0.0;183.0;1.1;0.0
0.0;183.0;0.0;0.0
0.0;183.0;2.7;0.0
8.2;184.0;0.7;0.0
96.2;185.0;0.5;0.0
98.9;185.5;0.3;0.0
90.6;185.8;1.0;0.0
90.6;185.8;1.4;0.0
98.8;185.8;0.3;0.0
100.8;185.8;0.8;0.0
98.9;186.0;0.9;0.0
99.0;186.0;0.5;0.0
90.7;186.0;0.6;0.0
98.9;186.0;0.5;0.0
99.0;186.0;1.4;0.0
98.9;186.3;0.7;0.0
98.2;186.3;1.4;0.0
98.8;186.3;1.2;0.0
98.9;186.3;0.8;0.0
90.8;186.3;0.3;0.0
90.8;186.6;0.5;0.0
97.7;186.6;0.4;0.0
89.5;186.6;0.6;0.0
90.4;186.6;0.7;0.0
90.5;186.6;0.4;0.0
90.6;186.6;0.5;0.0
82.0;191.9;0.4;0.0
57.4;188.5;0.0;0.0
8.2;189.0;0.0;0.0
8.2;189.5;0.0;0.0
8.1;189.5;0.0;0.0
8.2;189.5;0.0;0.0
8.1;189.5;0.0;0.0
8.2;190.3;0.0;0.0
8.1;190.3;0.0;0.0
8.2;190.3;0.0;0.0
8.1;190.3;0.0;0.0
8.2;190.3;0.0;0.0
8.1;190.3;0.0;0.0
8.2;190.3;0.0;0.0
8.3;190.3;0.0;0.0
8.2;190.3;0.0;0.0
8.1;190.3;0.0;0.0
8.2;190.3;0.0;0.0
0.0;187.9;0.4;4.0
8.2;187.9;0.0;0.0
8.2;199.7;0.0;0.0
16.4;218.6;32.3;0.0
8.2;218.6;64.9;0.0
8.2;218.6;70.0;0.0
8.1;218.8;81.0;0.0
8.2;218.8;85.2;0.0
8.2;218.8;84.2;0.0
8.2;218.8;81.8;0.0
8.2;218.8;73.1;0.0
16.4;218.9;19.5;0.0
8.2;218.9;23.4;0.0
8.1;218.9;35.3;0.0
8.1;218.9;34.7;0.0
8.1;218.9;41.9;0.0
8.2;218.9;33.2;0.0
8.2;218.9;33.1;0.0
8.2;218.9;33.6;0.0
8.1;218.9;41.7;0.0
8.1;218.9;35.8;0.0
8.2;218.9;37.1;0.0
8.2;218.9;42.0;0.0
8.1;218.9;40.5;0.0
8.1;218.9;37.4;0.0
8.2;218.9;34.3;0.0
8.1;218.9;37.1;0.0
8.1;218.9;37.4;0.0
8.2;218.9;37.6;0.0
8.1;218.9;47.5;0.0
8.0;218.9;35.1;0.0
8.0;218.9;47.9;0.0
8.0;218.9;34.4;0.0
8.1;218.9;33.7;0.0
8.2;218.9;29.4;0.0
8.2;218.9;41.0;0.0
8.2;218.9;39.4;0.0
8.2;218.9;42.6;0.0
8.1;218.9;37.2;0.0
8.2;218.9;39.8;0.0
8.2;218.9;44.2;0.0
8.0;225.3;46.7;0.0
8.1;250.1;0.8;0.0
0.0;250.2;0.8;0.0
16.1;250.2;0.0;0.0
0.0;250.2;0.0;0.0
15.9;250.2;0.0;0.0
0.0;250.2;0.0;0.0
8.1;250.2;0.0;0.0
8.0;250.2;0.0;0.0
16.4;250.2;0.0;0.0
0.0;250.2;0.2;68.0
8.1;250.2;0.0;0.0
16.4;250.2;0.0;0.0
8.2;250.2;0.2;64.0
8.1;250.2;0.0;0.0
8.2;250.2;0.2;64.0
8.0;250.2;0.0;0.0
8.3;250.2;0.0;0.0
8.2;250.2;0.0;0.0
8.2;250.2;0.2;64.0
8.2;250.2;0.0;0.0
8.2;250.2;0.2;64.0
8.2;250.2;0.0;0.0
8.1;250.2;0.0;0.0
8.2;250.2;0.0;0.0
8.2;219.9;0.3;64.0
8.2;219.9;0.0;0.0
16.4;219.9;0.0;0.0
0.0;219.9;0.0;0.0
8.2;219.9;0.0;0.0
8.2;189.4;0.0;0.0
16.2;0.0;0.0;0.0
0.0;0.0;0.0;0.0
