98.9;26.7;4.7;0.0
99.0;28.7;4.2;0.0
99.0;30.3;4.9;0.0
99.0;32.4;1.5;0.0
98.4;33.6;2.6;0.0
90.7;34.6;4.0;0.0
16.4;35.2;0.9;0.0
8.2;39.5;3.3;0.0
8.2;42.8;4.4;0.0
8.2;43.9;2.8;0.0
8.2;45.0;5.3;0.0
8.2;47.9;5.4;0.0
8.2;49.3;4.0;0.0
8.2;51.5;2.9;0.0
0.0;52.4;1.7;0.0
8.2;54.3;2.7;0.0
8.2;55.5;2.3;0.0
8.2;56.0;0.5;0.0
8.1;57.3;1.5;0.0
16.4;58.7;5.1;0.0
8.3;60.3;5.5;0.0
8.1;61.3;1.5;0.0
8.1;62.0;2.1;0.0
8.2;63.5;3.2;0.0
0.0;64.0;3.8;0.0
0.0;58.7;2.2;0.0
8.1;60.0;4.2;0.0
8.0;61.0;3.0;0.0
8.1;62.2;1.2;0.0
8.0;65.0;3.1;0.0
8.2;66.5;1.2;0.0
8.0;67.2;1.0;0.0
8.2;68.9;3.4;0.0
8.2;70.9;2.8;0.0
8.1;72.3;6.9;0.0
8.2;74.5;8.5;0.0
8.2;75.2;0.8;0.0
8.2;76.0;1.4;0.0
8.2;76.2;1.5;0.0
0.0;76.8;0.4;0.0
16.3;77.1;3.6;0.0
8.2;78.0;5.0;0.0
0.0;78.9;6.7;0.0
16.4;80.6;5.2;0.0
0.0;82.5;4.0;0.0
8.2;83.5;5.3;0.0
8.2;85.2;4.7;0.0
0.0;86.1;4.8;0.0
8.2;86.9;4.2;0.0
8.2;88.1;4.8;0.0
8.2;89.1;4.8;0.0
8.2;90.1;3.2;0.0
8.2;91.4;4.4;0.0
8.1;92.2;4.0;0.0
0.0;92.8;5.0;0.0
16.3;94.2;7.6;0.0
0.0;96.6;6.8;0.0
8.2;97.1;2.5;0.0
0.0;97.7;3.6;0.0
8.2;98.7;4.2;0.0
8.2;101.9;7.6;0.0
8.1;103.2;8.1;0.0
0.0;104.2;1.8;0.0
8.0;104.2;0.0;0.0
24.6;112.0;0.9;0.0
90.6;120.1;4.9;0.0
98.8;123.9;6.1;0.0
107.1;125.0;2.8;0.0
107.1;126.6;6.7;0.0
90.7;128.7;7.8;0.0
99.0;130.4;7.1;0.0
99.0;134.2;5.8;0.0
99.1;134.4;0.0;0.0
99.1;134.8;0.0;0.0
90.8;135.1;0.0;0.0
8.0;135.6;0.0;0.0
8.1;135.8;0.2;0.0
8.0;136.6;0.8;0.0
8.2;138.3;4.2;0.0
8.2;138.7;1.0;0.0
8.2;140.1;3.4;0.0
8.1;141.0;0.2;0.0
8.1;141.0;2.8;0.0
0.0;141.0;3.2;0.0
8.2;143.0;6.6;0.0
8.1;144.7;6.1;0.0
8.0;148.2;8.8;0.0
8.2;151.8;7.4;0.0
8.2;154.6;6.2;0.0
0.0;154.6;0.2;0.0
0.0;154.6;0.0;0.0
0.0;154.6;0.1;0.0
0.0;154.6;0.0;0.0
0.0;154.6;1.8;0.0
0.0;154.6;0.0;0.0
8.2;154.6;3.9;0.0
0.0;154.6;0.5;0.0
0.0;154.6;0.0;0.0
0.0;154.6;3.0;0.0
8.2;154.6;1.5;0.0
0.0;154.6;2.5;0.0
0.0;155.0;3.9;0.0
0.0;155.0;0.0;0.0
0.0;155.0;4.7;0.0
0.0;155.2;2.9;0.0
0.0;155.2;2.5;0.0
0.0;155.2;1.6;0.0
0.0;155.2;3.7;0.0
0.0;157.7;4.4;0.0
0.0;157.9;0.0;0.0
8.1;158.9;0.0;0.0
8.0;158.9;0.0;0.0
16.1;158.9;0.0;0.0
8.2;159.4;0.4;0.0
8.2;159.4;0.0;0.0
8.1;159.4;0.0;0.0
8.2;159.7;0.0;0.0
8.1;159.7;0.0;0.0
8.2;159.7;0.0;0.0
8.1;160.4;0.0;0.0
8.2;160.4;0.0;0.0
8.1;160.4;0.0;0.0
8.2;160.4;0.0;0.0
8.3;160.4;0.0;0.0
8.1;160.4;0.0;0.0
8.2;160.4;0.0;0.0
8.1;160.4;0.0;0.0
8.2;160.4;0.0;0.0
8.1;160.4;0.0;0.0
8.2;160.4;0.0;0.0
8.1;160.4;0.0;0.0
8.0;160.4;0.0;0.0
8.2;160.4;0.0;0.0
8.1;160.4;0.0;0.0
8.2;160.4;0.0;0.0
8.1;160.4;0.0;0.0
8.2;160.4;0.0;0.0
8.1;160.5;0.0;0.0
8.2;160.5;0.0;0.0
8.1;160.5;0.0;0.0
8.2;160.5;0.0;0.0
8.1;160.5;0.0;0.0
8.2;160.5;0.0;0.0
8.0;160.5;0.0;0.0
8.2;160.5;0.0;0.0
8.1;160.5;0.0;0.0
8.1;160.9;0.0;0.0
8.2;160.9;0.0;0.0
8.1;160.9;0.0;0.0
8.2;160.9;0.0;0.0
8.1;160.9;0.0;0.0
8.2;160.9;0.0;0.0
8.1;160.9;0.0;0.0
8.0;160.9;0.0;0.0
8.1;160.9;0.0;0.0
8.2;160.9;0.0;0.0
8.1;160.9;0.0;0.0
8.2;160.9;0.0;0.0
16.1;160.9;0.0;0.0
8.2;160.9;0.0;0.0
8.3;160.9;0.0;0.0
8.2;160.9;0.0;0.0
8.0;160.9;0.0;0.0
8.2;160.9;0.0;0.0
8.1;160.9;0.0;0.0
8.2;160.9;0.0;0.0
8.1;160.9;0.0;0.0
8.2;160.9;0.0;0.0
8.1;160.9;0.0;0.0
8.2;160.9;0.0;0.0
8.1;160.9;0.0;0.0
8.2;160.9;0.0;0.0
8.0;160.9;0.0;0.0
8.2;160.9;0.0;0.0
8.0;160.9;0.0;0.0
8.2;160.9;0.0;0.0
8.1;160.9;0.0;0.0
8.2;160.9;0.0;0.0
8.0;160.9;0.0;0.0
8.2;160.9;0.0;0.0
8.1;160.9;0.0;0.0
8.2;160.9;0.0;0.0
8.1;160.9;0.0;0.0
8.0;160.9;0.0;0.0
8.2;160.9;0.0;0.0
8.1;160.9;0.0;0.0
8.2;160.9;0.0;0.0
8.1;160.9;0.0;0.0
8.2;160.9;0.0;0.0
8.1;160.9;0.0;0.0
8.2;160.9;0.0;0.0
8.1;160.9;0.0;0.0
16.1;160.9;0.0;0.0
8.2;160.9;0.0;0.0
8.2;161.6;0.0;0.0
8.2;161.7;0.0;0.0
8.1;161.7;0.0;0.0
8.2;161.7;0.3;0.0
0.0;161.7;0.0;0.0
0.0;161.7;0.1;0.0
0.0;161.7;0.0;0.0
0.0;161.7;1.8;0.0
0.0;161.7;0.0;0.0
0.0;161.7;0.6;0.0
0.0;161.7;3.4;0.0
0.0;161.7;2.2;0.0
0.0;161.7;0.0;0.0
0.0;161.7;0.5;0.0
0.0;161.7;0.0;0.0
0.0;161.7;2.4;0.0
0.0;161.7;1.4;0.0
0.0;161.7;0.0;0.0
0.0;161.7;0.9;0.0
0.0;161.7;2.9;0.0
0.0;161.7;0.5;0.0
8.1;161.7;0.0;0.0
8.0;161.7;0.0;0.0
8.2;161.7;0.0;0.0
8.1;161.7;0.0;0.0
8.2;161.7;0.0;0.0
16.0;161.7;0.0;0.0
8.1;161.7;0.0;0.0
8.0;161.7;0.0;0.0
8.2;161.7;0.0;0.0
8.1;161.7;0.0;0.0
8.0;161.7;0.0;0.0
8.2;161.7;0.0;0.0
8.1;161.7;0.0;0.0
8.2;161.7;0.0;0.0
8.0;161.7;0.0;0.0
8.1;161.7;0.0;0.0
8.2;161.7;0.0;0.0
8.1;161.7;0.0;0.0
8.2;161.7;0.0;0.0
8.0;161.7;0.0;0.0
8.1;161.7;0.0;0.0
8.0;161.7;0.0;0.0
8.2;161.7;0.0;0.0
8.1;161.7;0.0;0.0
8.2;161.7;0.0;0.0
8.1;161.7;0.0;0.0
8.2;161.7;0.0;0.0
7.9;161.7;0.0;0.0
8.2;161.7;0.0;0.0
8.1;161.7;0.0;0.0
8.0;161.7;0.0;0.0
8.2;161.7;0.0;0.0
8.3;161.7;0.0;0.0
8.2;161.7;0.0;0.0
8.1;161.7;0.0;0.0
8.2;161.7;0.0;0.0
8.1;161.7;0.0;0.0
8.0;161.7;0.0;0.0
8.2;161.7;0.0;0.0
8.1;161.7;0.0;0.0
8.2;161.7;0.0;0.0
57.6;174.1;0.0;0.0
99.1;174.1;0.0;0.0
90.5;174.8;1.1;0.0
98.5;174.8;0.0;0.0
90.5;174.8;0.0;0.0
90.6;174.8;0.2;0.0
99.0;174.8;0.0;0.0
90.4;174.8;0.0;0.0
99.1;174.8;3.6;0.0
90.8;174.8;0.0;0.0
66.2;174.8;0.6;0.0
0.0;174.8;0.0;0.0
8.3;174.8;3.1;0.0
0.0;174.8;1.2;0.0
0.0;174.8;0.0;0.0
0.0;174.8;0.2;0.0
0.0;174.8;0.0;0.0
0.0;174.8;2.2;0.0
0.0;174.8;1.3;0.0
0.0;174.8;0.5;0.0
0.0;174.8;2.1;0.0
0.0;174.8;0.0;0.0
0.0;175.0;2.3;0.0
0.0;175.0;0.9;0.0
0.0;175.3;0.7;0.0
0.0;175.3;1.2;0.0
0.0;175.3;1.6;0.0
0.0;175.3;0.8;0.0
0.0;176.2;1.0;0.0
49.6;177.4;0.4;0.0
98.9;177.4;1.4;0.0
98.9;177.9;1.1;0.0
99.0;177.9;1.7;0.0
107.2;177.9;0.3;0.0
99.0;177.9;0.0;0.0
107.2;178.2;1.1;0.0
99.0;178.2;0.8;0.0
98.9;178.2;1.1;0.0
107.2;178.2;0.8;0.0
98.9;178.2;0.3;0.0
98.9;178.2;0.0;0.0
90.7;178.3;0.0;0.0
97.9;178.3;0.1;0.0
90.9;178.3;0.6;0.0
90.9;178.3;0.7;0.0
91.0;178.3;0.5;0.0
90.8;178.3;0.0;0.0
90.7;178.3;0.0;0.0
90.7;178.6;0.7;0.0
73.3;178.6;0.0;0.0
0.0;178.6;2.5;0.0
0.0;182.9;1.3;0.0
0.0;180.5;0.0;0.0
16.1;181.0;0.0;0.0
8.1;181.0;0.0;0.0
8.2;181.5;0.0;0.0
8.0;181.5;0.0;0.0
8.1;181.5;0.0;0.0
8.0;181.5;0.0;0.0
8.2;181.5;0.0;0.0
8.1;182.3;0.0;0.0
8.2;182.3;0.0;0.0
8.1;182.3;0.0;0.0
8.2;182.3;0.0;0.0
8.1;182.3;0.0;0.0
7.8;182.3;0.0;0.0
8.2;182.3;0.0;0.0
8.3;182.3;0.0;0.0
8.2;182.3;0.0;0.0
8.1;182.3;0.0;0.0
8.2;182.3;0.0;0.0
8.1;182.3;0.0;0.0
8.2;182.3;0.0;0.0
8.2;179.8;0.4;4.0
8.1;179.8;0.0;0.0
8.2;179.8;0.0;0.0
8.1;179.8;0.0;0.0
8.2;180.0;0.0;0.0
8.0;208.6;0.0;0.0
8.2;210.6;86.3;0.0
8.1;210.6;78.8;0.0
8.2;210.8;81.7;0.0
16.2;210.8;87.9;0.0
8.2;210.8;81.7;0.0
8.1;210.8;81.4;0.0
8.1;210.8;65.3;0.0
8.0;210.8;27.3;0.0
8.2;211.1;19.7;0.0
8.1;211.1;39.0;0.0
8.2;211.1;42.0;0.0
8.1;211.1;40.9;0.0
8.2;211.1;39.1;0.0
8.1;211.1;39.0;0.0
8.1;211.1;47.5;0.0
8.2;211.1;43.5;0.0
8.2;211.1;44.1;0.0
8.1;211.1;44.3;0.0
8.1;211.1;35.8;0.0
8.2;211.1;46.2;0.0
7.7;211.1;34.8;0.0
8.1;211.1;36.6;0.0
8.2;211.1;41.5;0.0
8.2;211.1;36.9;0.0
8.3;211.1;46.6;0.0
8.2;211.1;40.0;0.0
8.2;211.1;42.8;0.0
8.2;211.1;35.3;0.0
8.2;211.1;31.3;0.0
8.2;211.1;35.2;0.0
8.2;211.1;42.8;0.0
8.1;211.1;53.3;0.0
8.2;211.1;42.1;0.0
8.0;211.1;47.6;0.0
8.2;211.1;47.3;0.0
8.2;224.1;36.6;0.0
8.2;242.3;1.6;0.0
8.2;242.3;0.0;0.0
8.1;242.3;0.0;0.0
8.2;242.3;0.0;0.0
8.3;242.3;0.0;0.0
8.2;242.3;0.0;0.0
8.0;242.3;0.2;68.0
8.2;242.3;0.0;0.0
8.2;242.3;0.2;64.0
16.1;242.3;0.0;0.0
8.2;242.3;0.0;0.0
8.1;242.3;0.0;0.0
8.2;242.3;0.2;64.0
8.1;242.3;0.0;0.0
8.2;242.3;0.0;0.0
8.1;242.3;0.0;0.0
8.2;242.3;0.0;0.0
8.1;242.3;0.2;64.0
8.0;242.3;0.0;0.0
7.9;242.3;0.0;0.0
8.2;242.3;0.0;0.0
8.2;242.3;0.2;64.0
8.1;242.3;0.0;0.0
8.2;242.3;0.0;0.0
8.0;242.3;0.0;0.0
8.2;242.3;0.0;0.0
8.3;242.3;0.0;0.0
8.2;242.3;0.0;0.0
8.2;211.9;0.3;64.0
8.1;211.9;0.0;0.0
15.4;211.9;0.0;0.0
8.2;211.9;0.0;0.0
8.0;211.9;0.0;0.0
8.1;211.9;0.0;0.0
8.0;211.9;0.0;0.0
8.0;181.4;0.0;0.0
8.2;0.0;0.0;0.0
0.0;0.0;0.0;0.0
