99.1;30.8;4.1;0.0
99.1;32.8;4.4;0.0
99.0;35.1;4.8;0.0
98.7;37.0;2.0;0.0
57.7;37.9;2.0;0.0
8.2;39.1;3.6;0.0
8.2;41.4;3.2;0.0
8.2;44.5;2.6;0.0
8.1;47.7;4.7;0.0
8.2;48.8;5.0;0.0
8.2;50.5;5.1;0.0
0.0;52.8;4.5;0.0
16.5;54.7;2.8;0.0
0.0;56.2;2.8;0.0
8.2;58.4;2.9;0.0
8.2;59.9;2.1;0.0
16.2;60.0;0.5;0.0
8.1;62.0;3.3;0.0
8.1;63.3;7.4;0.0
0.0;65.1;2.9;0.0
8.1;65.9;1.2;0.0
8.1;66.5;1.7;0.0
8.1;68.1;5.8;0.0
0.0;68.6;2.0;0.0
8.2;60.9;4.1;0.0
8.1;62.6;3.4;0.0
8.1;63.3;0.6;0.0
0.0;65.6;2.4;0.0
8.1;67.5;2.1;0.0
8.2;68.3;0.8;0.0
8.2;70.1;2.2;0.0
8.2;72.0;4.0;0.0
8.2;73.6;4.5;0.0
8.1;75.4;8.5;0.0
8.1;76.6;3.8;0.0
16.1;77.3;0.4;0.0
8.1;77.9;1.5;0.0
0.0;78.3;1.4;0.0
0.0;78.6;3.2;0.0
8.2;79.5;4.4;0.0
0.0;80.5;7.5;0.0
8.2;81.9;5.0;0.0
8.2;83.9;3.6;0.0
8.2;84.8;4.0;0.0
8.2;86.1;6.2;0.0
0.0;87.3;1.8;0.0
8.0;88.0;6.0;0.0
8.2;88.7;3.2;0.0
8.2;89.7;4.2;0.0
8.1;90.7;4.4;0.0
8.2;92.0;4.2;0.0
8.2;93.0;4.0;0.0
8.2;93.8;3.0;0.0
0.0;94.4;5.6;0.0
8.1;97.3;7.8;0.0
8.2;98.2;6.0;0.0
8.1;98.7;2.3;0.0
0.0;99.3;3.6;0.0
8.1;100.4;4.4;0.0
8.2;103.4;7.6;0.0
8.2;104.4;5.9;0.0
0.0;105.7;4.0;0.0
8.1;105.7;0.0;0.0
8.2;106.0;0.7;0.0
82.5;114.9;2.4;0.0
96.0;118.8;7.6;0.0
107.1;120.6;4.0;0.0
99.0;122.6;8.3;0.0
98.9;124.8;8.3;0.0
90.6;126.3;6.8;0.0
98.9;129.9;4.0;0.0
99.0;130.1;0.0;0.0
99.0;130.5;0.0;0.0
98.9;130.8;0.0;0.0
24.6;131.1;0.0;0.0
8.1;131.6;0.2;0.0
8.2;132.3;0.8;0.0
16.5;133.6;1.8;0.0
0.0;134.3;3.4;0.0
8.1;135.9;3.4;0.0
8.0;136.1;0.2;0.0
7.9;136.7;0.0;0.0
8.3;136.7;3.2;0.0
0.0;136.9;3.4;0.0
8.1;138.8;5.8;0.0
8.1;140.4;6.1;0.0
8.2;142.9;6.8;0.0
16.2;146.2;7.4;0.0
8.2;149.6;6.4;0.0
0.0;150.5;2.1;0.0
0.0;150.5;0.2;0.0
0.0;150.5;0.0;0.0
0.0;150.5;0.1;0.0
0.0;150.5;0.0;0.0
8.2;150.5;1.8;0.0
0.0;150.5;0.0;0.0
0.0;150.5;7.2;0.0
0.0;150.5;0.0;0.0
0.0;150.5;1.1;0.0
0.0;150.5;0.0;0.0
0.0;150.5;2.3;0.0
0.0;150.5;1.9;0.0
0.0;150.5;0.0;0.0
0.0;150.5;1.3;0.0
0.0;150.8;1.4;0.0
0.0;150.8;2.5;0.0
0.0;150.8;1.0;0.0
0.0;150.8;0.4;0.0
0.0;150.8;0.9;0.0
0.0;150.8;0.8;0.0
0.0;150.8;1.8;0.0
0.0;150.8;0.0;0.0
0.0;151.1;2.5;0.0
0.0;151.1;0.8;0.0
0.0;151.1;0.3;0.0
0.0;151.1;1.4;0.0
0.0;151.1;0.6;0.0
0.0;151.1;1.1;0.0
0.0;151.1;0.7;0.0
0.0;151.1;0.5;0.0
0.0;151.1;0.0;0.0
0.0;151.1;1.6;0.0
0.0;151.1;1.1;0.0
8.2;154.9;5.1;0.0
8.2;154.5;0.0;0.0
8.0;155.1;0.0;0.0
8.2;155.5;0.4;0.0
8.2;155.5;0.0;0.0
8.1;155.5;0.0;0.0
8.2;155.5;0.0;0.0
8.1;155.5;0.0;0.0
8.2;155.5;0.0;0.0
8.1;155.5;0.0;0.0
8.2;155.5;0.0;0.0
8.2;156.3;0.0;0.0
8.1;156.3;0.0;0.0
16.5;156.3;0.0;0.0
8.3;156.3;0.0;0.0
8.2;156.3;0.0;0.0
8.1;156.3;0.0;0.0
8.2;156.3;0.0;0.0
8.2;156.5;0.0;0.0
8.1;156.5;0.0;0.0
8.2;156.5;0.0;0.0
8.1;156.5;0.0;0.0
8.2;156.5;0.0;0.0
8.1;156.5;0.0;0.0
8.2;156.5;0.0;0.0
8.1;156.5;0.0;0.0
8.2;156.5;0.0;0.0
8.1;156.5;0.0;0.0
8.2;156.5;0.0;0.0
8.1;156.5;0.0;0.0
8.2;156.5;0.0;0.0
8.2;156.9;0.0;0.0
7.6;156.9;0.0;0.0
8.1;156.9;0.0;0.0
8.2;156.9;0.0;0.0
8.0;157.1;0.0;0.0
8.1;157.1;0.0;0.0
16.3;157.1;0.0;0.0
8.1;157.1;0.0;0.0
8.2;157.1;0.0;0.0
8.1;157.1;0.0;0.0
8.2;157.1;0.0;0.0
8.1;157.1;0.0;0.0
8.0;157.1;0.0;0.0
8.2;157.1;0.0;0.0
8.1;157.1;0.0;0.0
8.0;157.1;0.0;0.0
8.2;157.1;0.0;0.0
16.3;157.1;0.0;0.0
8.3;157.1;0.0;0.0
8.1;157.1;0.0;0.0
8.2;157.1;0.0;0.0
8.1;157.1;0.0;0.0
8.2;157.1;0.0;0.0
8.1;157.1;0.0;0.0
8.0;157.1;0.0;0.0
8.2;157.1;0.0;0.0
8.0;157.1;0.0;0.0
8.1;157.1;0.0;0.0
8.2;157.1;0.0;0.0
8.1;157.1;0.0;0.0
16.4;157.1;0.0;0.0
8.3;157.1;0.0;0.0
8.2;157.1;0.0;0.0
8.0;157.1;0.0;0.0
8.1;157.1;0.0;0.0
8.2;157.1;0.0;0.0
8.1;157.1;0.0;0.0
8.2;157.1;0.0;0.0
8.1;157.1;0.0;0.0
8.0;157.1;0.0;0.0
8.1;157.1;0.0;0.0
8.2;157.1;0.0;0.0
8.1;157.1;0.0;0.0
8.2;157.1;0.0;0.0
16.4;157.1;0.0;0.0
8.2;157.1;0.0;0.0
8.1;157.1;0.0;0.0
8.2;157.1;0.0;0.0
8.1;157.1;0.0;0.0
8.2;157.1;0.0;0.0
8.1;157.1;0.0;0.0
8.0;157.1;0.0;0.0
8.1;157.1;0.0;0.0
16.2;157.1;0.0;0.0
8.0;157.1;0.0;0.0
8.2;157.1;0.0;0.0
8.1;157.1;0.0;0.0
8.0;157.1;0.0;0.0
8.0;157.5;0.0;0.0
8.0;157.7;0.0;0.0
8.2;157.7;0.0;0.0
8.2;157.7;0.3;0.0
0.0;157.7;0.0;0.0
0.0;157.7;0.1;0.0
0.0;157.7;0.0;0.0
0.0;157.7;0.2;0.0
0.0;157.7;1.6;0.0
0.0;157.7;0.0;0.0
0.0;157.7;0.2;0.0
0.0;157.7;6.9;0.0
0.0;157.7;0.0;0.0
0.0;157.7;3.1;0.0
0.0;157.7;3.0;0.0
0.0;157.7;0.1;0.0
0.0;157.7;1.5;0.0
8.2;157.8;3.0;0.0
8.1;157.8;0.0;0.0
8.2;157.8;0.0;0.0
8.1;157.8;0.0;0.0
8.2;157.8;0.0;0.0
8.0;157.8;0.0;0.0
8.1;157.8;0.0;0.0
8.0;157.8;0.0;0.0
8.2;157.8;0.0;0.0
8.0;157.8;0.0;0.0
8.2;157.8;0.0;0.0
8.0;157.8;0.0;0.0
8.2;157.8;0.0;0.0
8.1;157.8;0.0;0.0
8.2;157.8;0.0;0.0
8.0;157.8;0.0;0.0
8.2;157.8;0.0;0.0
16.0;157.8;0.0;0.0
8.2;157.8;0.0;0.0
8.1;157.8;0.0;0.0
8.2;157.8;0.0;0.0
7.7;157.8;0.0;0.0
8.2;157.8;0.0;0.0
8.1;157.8;0.0;0.0
8.0;157.8;0.0;0.0
8.2;157.8;0.0;0.0
8.1;157.8;0.0;0.0
8.2;157.8;0.0;0.0
8.1;157.8;0.0;0.0
16.2;157.8;0.0;0.0
8.1;157.8;0.0;0.0
8.2;157.8;0.0;0.0
8.1;157.8;0.0;0.0
8.0;157.8;0.0;0.0
8.2;157.8;0.0;0.0
8.1;157.8;0.0;0.0
8.2;157.8;0.0;0.0
8.1;157.8;0.0;0.0
8.2;157.8;0.0;0.0
8.0;157.8;0.0;0.0
8.2;157.8;0.0;0.0
8.0;157.8;0.0;0.0
8.2;157.8;0.0;0.0
8.1;157.8;0.0;0.0
8.2;157.8;0.0;0.0
16.5;157.8;0.0;0.0
8.3;157.8;0.0;0.0
8.1;157.8;0.0;0.0
33.0;166.2;0.0;0.0
90.7;166.2;0.0;0.0
99.0;166.6;0.7;0.0
99.0;166.6;0.4;0.0
90.8;166.6;0.0;0.0
90.7;166.6;0.1;0.0
89.6;166.6;0.0;0.0
90.6;166.6;0.1;0.0
90.6;166.6;0.0;0.0
90.7;166.6;3.3;0.0
98.9;166.6;0.3;0.0
90.7;166.6;0.0;0.0
0.0;166.6;1.7;0.0
8.2;166.6;6.1;0.0
0.0;166.6;0.5;0.0
0.0;166.6;2.9;0.0
0.0;166.6;3.7;0.0
0.0;166.9;2.5;0.0
0.0;167.1;4.1;0.0
0.0;169.4;6.0;0.0
8.2;168.1;1.5;0.0
90.8;169.2;0.5;0.0
107.0;169.7;4.8;0.0
99.0;170.3;3.6;0.0
98.9;170.3;1.7;0.0
98.9;173.1;0.8;0.0
98.9;172.2;0.0;0.0
107.1;172.2;0.0;0.0
98.8;172.2;0.0;0.0
98.9;172.4;0.0;0.0
107.1;172.4;0.0;0.0
107.0;172.4;0.0;0.0
98.8;172.4;0.0;0.0
98.8;172.9;0.0;0.0
98.9;173.1;0.0;0.0
90.6;173.1;0.0;0.0
98.8;173.1;0.0;0.0
107.0;173.1;0.0;0.0
99.0;173.1;0.0;0.0
107.1;173.1;0.0;0.0
98.9;173.1;0.0;0.0
81.7;173.1;0.0;0.0
8.2;173.6;0.0;0.0
16.4;173.6;0.0;0.0
8.2;173.6;0.0;0.0
8.1;173.6;0.0;0.0
8.0;173.6;0.0;0.0
8.2;174.4;0.0;0.0
8.1;174.4;0.0;0.0
8.2;174.4;0.0;0.0
8.1;174.4;0.0;0.0
8.2;174.4;0.0;0.0
8.1;174.4;0.0;0.0
8.2;174.4;0.0;0.0
8.1;174.4;0.0;0.0
8.2;174.4;0.0;0.0
16.2;174.4;0.0;0.0
8.2;174.4;0.0;0.0
8.1;174.4;0.0;0.0
8.2;174.4;0.0;0.0
8.0;174.4;0.0;0.0
8.1;174.4;0.0;0.0
8.2;174.4;0.0;0.0
0.0;172.0;0.4;4.0
8.2;172.0;0.0;0.0
8.2;182.2;0.0;0.0
8.2;202.7;43.0;0.0
8.2;202.7;93.7;0.0
8.0;202.8;95.3;0.0
8.2;202.8;92.0;0.0
8.2;202.8;88.3;0.0
8.2;202.8;81.2;0.0
8.1;202.8;60.8;0.0
8.2;202.8;36.9;0.0
8.1;203.2;8.9;0.0
8.2;203.2;36.8;0.0
16.3;203.2;17.2;0.0
8.2;203.2;26.6;0.0
8.2;203.2;44.1;0.0
8.2;203.2;34.9;0.0
8.0;203.2;39.8;0.0
8.0;203.2;49.2;0.0
8.1;203.2;43.6;0.0
8.0;203.2;40.2;0.0
8.0;203.2;51.3;0.0
8.1;203.2;40.9;0.0
8.1;203.2;50.4;0.0
8.1;203.2;42.9;0.0
8.0;203.2;34.8;0.0
8.2;203.2;42.3;0.0
8.2;203.2;45.8;0.0
8.2;203.2;40.7;0.0
8.2;203.2;46.3;0.0
8.1;203.2;39.4;0.0
8.2;203.2;40.2;0.0
8.2;203.2;31.2;0.0
8.0;203.2;53.7;0.0
16.1;203.2;41.3;0.0
8.3;203.2;55.3;0.0
7.8;203.2;44.7;0.0
8.2;203.2;44.4;0.0
8.2;203.2;46.3;0.0
8.0;230.0;0.2;0.0
8.2;234.4;1.6;0.0
8.2;234.4;0.0;0.0
8.0;234.4;0.0;0.0
8.2;234.4;0.0;0.0
8.1;234.4;0.0;0.0
8.2;234.4;0.0;0.0
8.1;234.4;0.0;0.0
8.2;234.4;0.0;0.0
8.2;234.4;0.2;68.0
8.2;234.4;0.0;0.0
8.3;234.4;0.0;0.0
8.1;234.4;0.2;64.0
8.2;234.4;0.0;0.0
8.1;234.4;0.0;0.0
8.2;234.4;0.0;0.0
8.1;234.4;0.2;64.0
8.2;234.4;0.0;0.0
8.1;234.4;0.0;0.0
8.2;234.4;0.0;0.0
8.2;234.4;0.2;64.0
8.0;234.4;0.0;0.0
8.2;234.4;0.0;0.0
8.1;234.4;0.2;64.0
8.2;234.4;0.0;0.0
8.1;234.4;0.0;0.0
8.0;234.4;0.0;0.0
8.2;234.4;0.0;0.0
8.1;234.4;0.0;0.0
8.0;203.9;0.3;64.0
8.1;203.9;0.0;0.0
8.2;204.0;0.0;0.0
8.1;204.0;0.0;0.0
8.2;204.0;0.0;0.0
8.1;204.0;0.0;0.0
8.2;204.0;0.0;0.0
8.2;173.2;0.0;0.0
8.2;0.0;0.0;0.0
0.0;0.0;0.0;0.0
