15.0;35.5;21.0;0.0
7.5;48.6;22.3;0.0
7.5;58.3;14.6;0.0
8.3;65.5;23.4;0.0
7.5;73.7;13.8;0.0
8.3;81.9;22.1;0.0
7.5;86.0;22.2;0.0
6.6;93.5;26.6;0.0
8.3;99.7;29.0;0.0
7.5;107.9;27.9;0.0
39.9;131.6;19.8;0.0
71.5;136.7;17.8;0.0
8.3;143.4;12.4;0.0
8.3;148.1;9.3;0.0
7.5;152.8;20.0;0.0
8.3;163.7;20.6;0.0
8.3;163.7;0.0;0.0
7.5;164.9;2.3;0.0
0.0;164.9;0.0;0.0
0.0;164.9;0.0;0.0
0.0;164.9;0.0;0.0
0.0;164.9;0.0;0.0
0.0;164.9;0.0;0.0
0.0;164.9;0.0;0.0
0.0;164.9;0.0;0.0
0.0;165.2;1.8;0.0
0.0;165.2;0.0;0.0
0.0;165.2;0.0;0.0
0.0;165.2;0.4;0.0
0.0;165.2;0.0;0.0
0.0;165.2;0.0;0.0
0.0;165.2;0.0;0.0
3.3;165.5;1.4;0.0
8.3;165.5;0.0;0.0
8.3;165.5;0.0;0.0
8.3;165.5;0.0;0.0
8.3;165.5;0.0;0.0
8.3;165.5;0.0;0.0
8.3;166.0;1.4;0.0
3.3;166.4;0.1;0.0
0.0;166.4;0.0;0.0
0.0;166.4;0.0;0.0
0.0;166.4;0.0;0.0
0.0;166.4;0.0;0.0
0.0;166.4;0.0;0.0
0.0;166.4;0.0;0.0
0.0;166.4;1.8;0.0
0.0;166.4;0.0;0.0
0.0;166.4;0.0;0.0
0.0;166.4;0.0;0.0
0.0;166.4;0.4;0.0
0.0;166.4;0.0;0.0
0.0;166.4;0.0;0.0
2.5;166.7;1.3;0.0
7.5;187.4;0.3;4.0
8.3;201.1;725.2;0.0
8.3;201.5;328.6;0.0
9.2;201.5;316.9;0.0
8.3;201.5;316.6;0.0
8.3;201.5;294.6;0.0
