7.5;46.5;31.7;0.0
7.5;60.8;29.4;0.0
6.6;69.4;28.5;0.0
8.3;83.0;27.6;0.0
6.6;92.8;39.4;0.0
7.5;103.7;47.4;0.0
24.1;120.0;36.4;0.0
83.1;132.3;32.5;0.0
8.3;139.7;21.4;0.0
8.3;153.0;28.5;0.0
6.6;154.3;2.3;0.0
0.0;154.3;0.0;0.0
0.0;154.3;0.0;0.0
0.0;154.3;0.0;0.0
0.0;154.3;0.0;0.0
0.0;154.3;0.0;0.0
0.0;154.3;0.0;0.0
0.0;154.3;0.0;0.0
0.0;154.6;1.7;0.0
0.0;154.6;0.0;0.0
0.0;154.6;0.0;0.0
0.0;154.6;0.4;0.0
0.0;154.6;0.7;0.0
0.0;154.6;0.0;0.0
0.0;154.6;0.0;0.0
2.5;154.9;0.8;0.0
8.3;154.9;0.0;0.0
9.1;154.9;0.0;0.0
8.3;154.9;0.0;0.0
7.5;154.9;0.0;0.0
8.3;155.2;1.5;0.0
4.1;155.8;0.0;0.0
0.0;155.8;0.0;0.0
0.0;155.8;0.0;0.0
0.0;155.8;0.0;0.0
0.0;155.8;0.0;0.0
0.0;155.8;0.0;0.0
0.0;155.8;0.0;0.0
0.8;155.8;1.8;0.0
0.0;155.8;0.0;0.0
0.0;155.8;0.0;0.0
0.0;155.8;0.4;0.0
0.0;155.8;0.6;0.0
0.0;155.8;0.0;0.0
0.0;155.8;0.0;0.0
0.8;156.1;0.9;0.0
7.5;159.1;0.3;4.0
7.5;190.3;663.1;0.0
8.3;190.9;388.9;0.0
10.0;190.9;345.3;0.0
8.3;190.9;353.2;0.0
8.3;190.9;354.7;0.0
8.3;222.4;289.4;0.0
8.3;222.7;0.2;68.0
8.3;222.7;0.6;192.0
7.5;222.7;0.4;128.0
9.1;192.3;0.3;48.0
8.3;192.3;0.0;0.0
2.5;0.0;0.0;0.0
0.0;0.0;0.0;0.0
