6.6;47.6;22.4;0.0
7.5;59.1;24.8;0.0
8.3;65.9;16.2;0.0
6.6;66.9;18.0;0.0
8.3;75.7;10.0;0.0
8.3;82.0;20.1;0.0
6.6;90.0;34.3;0.0
8.3;96.1;25.0;0.0
7.5;103.0;31.1;0.0
13.3;122.7;24.4;0.0
94.8;132.5;28.0;0.0
7.5;139.5;11.2;0.0
8.3;144.7;12.8;0.0
8.3;157.6;36.5;0.0
8.3;159.4;0.4;0.0
7.5;160.7;2.2;0.0
0.0;160.7;0.1;0.0
0.0;160.7;0.0;0.0
0.0;160.7;0.0;0.0
0.0;160.7;0.0;0.0
0.0;160.7;0.0;0.0
0.0;160.7;0.0;0.0
0.0;160.7;0.0;0.0
0.8;160.9;1.7;0.0
0.0;160.9;0.0;0.0
0.0;160.9;0.0;0.0
0.0;160.9;0.0;0.0
0.0;160.9;0.4;0.0
0.0;160.9;0.0;0.0
0.0;160.9;0.0;0.0
1.7;161.2;1.4;0.0
8.3;161.2;0.0;0.0
8.3;161.2;0.0;0.0
8.3;161.2;0.0;0.0
8.3;161.2;0.0;0.0
9.1;161.5;0.0;0.0
5.8;162.2;1.5;0.0
0.0;162.2;0.0;0.0
0.0;162.2;0.0;0.0
0.0;162.2;0.0;0.0
0.0;162.2;0.0;0.0
0.0;162.2;0.0;0.0
0.0;162.2;0.0;0.0
0.0;162.2;1.8;0.0
0.0;162.2;0.0;0.0
0.0;162.2;0.0;0.0
0.0;162.2;0.0;0.0
0.0;162.2;0.4;0.0
0.0;162.2;0.0;0.0
0.0;162.2;0.0;0.0
0.0;162.2;0.0;0.0
6.6;165.1;1.7;4.0
9.1;196.7;405.5;0.0
8.3;197.2;510.1;0.0
8.3;197.2;309.3;0.0
8.3;197.2;313.5;0.0
8.3;197.2;305.7;0.0
8.3;197.2;342.4;0.0
7.5;228.9;206.3;0.0
8.3;229.1;0.2;68.0
