6.6;57.4;26.1;0.0
6.6;68.4;22.8;0.0
7.5;74.9;22.4;0.0
8.3;86.2;21.2;0.0
7.5;92.0;24.8;0.0
6.6;102.1;37.4;0.0
7.5;111.4;39.8;0.0
36.6;138.5;30.1;0.0
71.5;148.0;28.7;0.0
9.1;152.9;4.5;0.0
7.5;160.1;27.7;0.0
8.3;170.7;19.5;0.0
8.3;171.3;0.9;0.0
0.0;171.8;1.4;0.0
0.0;171.8;0.0;0.0
0.0;171.8;0.0;0.0
0.0;171.8;0.0;0.0
0.0;171.8;0.0;0.0
0.0;171.8;0.0;0.0
0.0;171.8;0.0;0.0
0.0;172.1;1.7;0.0
0.0;172.1;0.0;0.0
0.0;172.1;0.0;0.0
0.0;172.1;0.0;0.0
0.0;172.1;0.4;0.0
0.0;172.1;0.0;0.0
0.0;172.1;0.0;0.0
0.8;172.4;1.5;0.0
8.3;172.4;0.0;0.0
8.3;172.4;0.0;0.0
8.3;172.4;0.0;0.0
8.3;172.4;0.0;0.0
8.3;172.4;0.0;0.0
8.3;172.7;1.5;0.0
0.8;173.2;0.0;0.0
0.0;173.2;0.0;0.0
0.0;173.2;0.0;0.0
0.0;173.2;0.0;0.0
0.0;173.2;0.0;0.0
0.0;173.2;0.0;0.0
0.0;173.2;0.0;0.0
0.8;173.2;1.8;0.0
0.0;173.2;0.0;0.0
0.0;173.2;0.0;0.0
0.0;173.2;0.4;0.0
0.0;173.2;0.0;0.0
0.0;173.2;0.0;0.0
0.0;173.2;0.0;0.0
0.0;173.2;0.0;0.0
0.0;173.2;0.0;0.0
0.0;173.2;0.0;0.0
5.0;173.5;1.4;0.0
7.5;199.4;0.3;4.0
8.3;207.9;754.0;0.0
8.3;208.4;320.1;0.0
7.5;208.4;328.8;0.0
8.3;208.4;333.2;0.0
8.3;208.4;333.8;0.0
9.1;208.7;356.8;0.0
8.3;240.0;15.7;0.0
