16.6;52.0;30.9;0.0
8.3;67.5;32.0;0.0
5.8;67.0;22.0;0.0
8.3;78.5;25.8;0.0
6.6;86.5;35.8;0.0
6.6;95.8;40.6;0.0
6.6;106.6;37.7;0.0
89.9;128.9;41.6;0.0
19.1;135.5;9.8;0.0
9.2;150.3;40.2;0.0
8.3;150.4;0.0;0.0
0.0;151.5;2.3;0.0
0.0;151.5;0.0;0.0
0.0;151.5;0.0;0.0
0.0;151.5;0.0;0.0
0.0;151.5;0.0;0.0
0.0;151.5;0.0;0.0
0.0;151.5;0.0;0.0
0.0;151.8;1.8;0.0
0.0;151.8;0.0;0.0
0.0;151.8;0.0;0.0
0.0;151.8;0.0;0.0
0.0;151.8;0.4;0.0
0.0;151.8;0.0;0.0
0.0;151.8;0.0;0.0
0.8;152.0;1.4;0.0
8.3;152.2;0.0;0.0
8.3;152.2;0.0;0.0
8.3;152.2;0.0;0.0
9.1;152.2;0.0;0.0
8.3;152.2;0.0;0.0
5.8;153.0;1.5;0.0
0.0;153.0;0.0;0.0
0.0;153.0;0.0;0.0
0.0;153.0;0.0;0.0
0.0;153.0;0.0;0.0
0.0;153.0;0.0;0.0
0.0;153.0;0.0;0.0
0.0;153.0;1.7;0.0
0.0;153.0;0.0;0.0
0.0;153.0;0.0;0.0
0.0;153.0;0.0;0.0
0.0;153.0;1.1;0.0
0.0;153.0;0.0;0.0
0.0;153.0;0.0;0.0
0.0;153.0;0.0;0.0
6.6;158.1;1.0;4.0
9.2;189.6;378.6;0.0
7.5;190.2;567.2;0.0
8.3;190.2;343.9;0.0
8.3;190.2;350.4;0.0
8.3;190.2;351.2;0.0
8.3;190.2;395.6;0.0
8.3;222.1;51.9;0.0
8.3;222.1;0.6;196.0
8.3;222.1;0.6;192.0
9.1;191.7;0.3;56.0
8.3;191.7;0.0;0.0
5.8;0.0;0.0;0.0
0.0;0.0;0.0;0.0
