10.0;47.1;29.9;0.0
7.5;60.7;25.4;0.0
6.6;65.5;27.7;0.0
8.3;78.5;26.2;0.0
7.5;83.6;22.6;0.0
7.5;92.9;34.8;0.0
6.6;101.4;35.9;0.0
16.6;125.1;25.4;0.0
93.1;134.7;27.4;0.0
8.3;142.2;11.8;0.0
7.5;147.1;12.8;0.0
8.3;161.4;36.5;0.0
8.3;161.9;0.4;0.0
4.2;163.1;2.3;0.0
0.0;163.1;0.0;0.0
0.0;163.1;0.0;0.0
0.0;163.1;0.0;0.0
0.0;163.1;0.0;0.0
0.0;163.1;0.0;0.0
0.0;163.1;0.0;0.0
0.0;163.1;0.0;0.0
0.8;163.3;1.7;0.0
0.0;163.3;0.0;0.0
0.0;163.3;0.0;0.0
0.0;163.3;0.4;0.0
0.0;163.3;0.0;0.0
0.0;163.3;0.0;0.0
0.0;163.3;0.0;0.0
2.5;163.7;1.4;0.0
8.3;163.7;0.0;0.0
8.3;163.7;0.0;0.0
8.3;163.7;0.0;0.0
8.3;163.7;0.0;0.0
8.3;164.0;0.0;0.0
5.8;164.6;1.5;0.0
0.0;164.6;0.0;0.0
0.0;164.6;0.0;0.0
0.0;164.6;0.0;0.0
0.0;164.6;0.0;0.0
0.0;164.6;0.0;0.0
0.0;164.6;0.0;0.0
0.8;164.6;1.8;0.0
0.0;164.6;0.0;0.0
0.0;164.6;0.0;0.0
0.0;164.6;0.0;0.0
0.0;164.6;1.2;0.0
0.0;164.6;0.0;0.0
0.0;164.6;0.0;0.0
0.8;164.9;0.8;0.0
7.5;167.9;0.3;4.0
9.2;199.2;543.7;0.0
8.3;199.6;388.5;0.0
8.3;199.6;298.6;0.0
8.3;199.6;320.7;0.0
8.3;199.6;327.1;0.0
7.5;199.6;348.7;0.0
8.3;231.4;168.5;0.0
8.3;231.6;0.2;68.0
8.3;231.6;0.8;256.0
8.3;231.6;0.2;64.0
