7.5;60.1;33.8;0.0
7.5;72.3;25.3;0.0
7.5;78.4;22.6;0.0
7.5;86.5;26.8;0.0
6.7;96.6;42.3;0.0
7.5;106.6;44.0;0.0
39.0;130.4;37.5;0.0
69.0;140.8;24.8;0.0
8.3;148.2;23.4;0.0
8.3;160.6;26.6;0.0
5.8;161.7;2.3;0.0
0.0;161.7;0.0;0.0
0.0;161.7;0.0;0.0
0.0;161.7;0.0;0.0
0.0;161.7;0.0;0.0
0.0;161.7;0.0;0.0
0.0;161.7;0.0;0.0
0.0;161.7;0.0;0.0
0.0;162.0;1.8;0.0
0.0;162.0;0.0;0.0
0.0;162.0;0.0;0.0
0.0;162.0;0.4;0.0
0.0;162.0;0.7;0.0
0.0;162.0;0.0;0.0
0.0;162.0;0.0;0.0
0.0;162.0;0.0;0.0
5.8;162.4;0.8;0.0
8.3;162.4;0.0;0.0
8.3;162.4;0.0;0.0
8.3;162.4;0.0;0.0
8.3;162.4;0.0;0.0
8.3;162.6;0.0;0.0
6.6;163.2;1.5;0.0
0.0;163.2;0.0;0.0
0.0;163.2;0.0;0.0
0.0;163.2;0.0;0.0
0.0;163.2;0.0;0.0
0.0;163.2;0.0;0.0
0.0;163.2;0.0;0.0
0.0;163.2;1.7;0.0
0.0;163.2;0.0;0.0
0.0;163.2;0.0;0.0
0.0;163.2;0.0;0.0
0.0;163.2;0.4;0.0
0.0;163.2;0.0;0.0
0.0;163.2;0.0;0.0
0.0;163.4;1.6;0.0
8.3;166.2;0.3;4.0
8.3;197.8;390.3;0.0
8.3;198.3;548.6;0.0
8.3;198.3;353.2;0.0
8.3;198.3;351.4;0.0
8.3;198.3;360.1;0.0
8.3;198.3;373.4;0.0
8.3;230.0;64.8;0.0
8.3;230.2;0.6;196.0
8.3;230.2;0.4;128.0
8.3;199.8;0.5;116.0
8.3;199.8;0.0;0.0
6.6;0.0;0.0;0.0
