23.3;42.7;23.5;0.0
7.5;55.7;26.0;0.0
7.5;66.1;22.6;0.0
7.5;69.5;19.7;0.0
8.3;77.8;21.7;0.0
7.5;80.9;13.3;0.0
7.5;88.9;29.7;0.0
7.5;96.2;34.8;0.0
7.5;107.0;37.7;0.0
72.4;126.3;17.4;0.0
37.4;135.9;24.2;0.0
8.3;141.0;9.6;0.0
7.5;144.0;14.0;0.0
8.3;155.9;26.4;0.0
7.5;156.3;0.0;0.0
6.6;157.5;2.3;0.0
0.0;157.5;0.0;0.0
0.0;157.5;0.0;0.0
0.0;157.5;0.0;0.0
0.0;157.5;0.0;0.0
0.0;157.5;0.0;0.0
0.0;157.5;0.0;0.0
0.0;157.5;0.0;0.0
0.0;157.6;1.8;0.0
0.0;157.6;0.0;0.0
0.0;157.6;0.0;0.0
0.0;157.6;0.4;0.0
0.0;157.6;0.0;0.0
0.0;157.6;0.0;0.0
0.0;157.6;0.0;0.0
4.1;158.0;1.4;0.0
8.3;158.0;0.0;0.0
9.1;158.0;0.0;0.0
8.3;158.0;0.0;0.0
8.3;158.0;0.0;0.0
8.3;158.0;0.0;0.0
7.5;160.3;1.5;0.0
2.5;160.8;0.0;0.0
0.0;160.8;0.0;0.0
0.0;160.8;0.0;0.0
0.0;160.8;0.0;0.0
0.0;160.8;0.0;0.0
0.0;160.8;0.0;0.0
0.8;160.8;1.8;0.0
0.0;160.8;0.0;0.0
0.0;160.8;0.0;0.0
0.0;160.8;0.0;0.0
0.0;160.8;0.4;0.0
0.0;160.8;0.0;0.0
0.0;160.8;0.0;0.0
0.0;160.8;0.0;0.0
5.0;159.4;1.8;4.0
9.1;193.2;296.3;0.0
8.3;193.8;587.5;0.0
8.3;193.8;299.7;0.0
8.3;193.8;285.8;0.0
8.3;193.8;298.8;0.0
8.3;193.8;346.8;0.0
8.3;225.5;282.1;0.0
8.3;225.7;0.0;0.0
