8.3;44.0;33.3;0.0
8.3;59.1;30.6;0.0
6.6;67.4;22.5;0.0
8.3;79.6;26.4;0.0
6.6;88.9;36.6;0.0
7.5;97.6;42.4;0.0
7.5;107.7;35.1;0.0
84.9;132.4;30.6;0.0
21.6;140.7;12.0;0.0
8.3;150.8;34.3;0.0
8.3;159.1;14.6;0.0
5.0;160.3;2.3;0.0
0.0;160.3;0.0;0.0
0.0;160.3;0.0;0.0
0.0;160.3;0.0;0.0
0.0;160.3;0.0;0.0
0.0;160.3;0.0;0.0
0.0;160.3;0.0;0.0
0.0;160.3;0.0;0.0
0.0;160.5;1.7;0.0
0.0;160.5;0.0;0.0
0.0;160.5;0.0;0.0
0.0;160.5;0.4;0.0
0.0;160.5;0.0;0.0
0.0;160.5;0.0;0.0
0.0;160.5;0.0;0.0
5.8;160.8;1.6;0.0
8.3;160.8;0.0;0.0
8.3;160.8;0.0;0.0
7.5;160.8;0.0;0.0
8.3;160.8;0.0;0.0
8.3;160.8;0.0;0.0
8.3;161.1;1.5;0.0
0.8;161.7;0.0;0.0
0.0;161.7;0.0;0.0
0.0;161.7;0.0;0.0
0.0;161.7;0.0;0.0
0.0;161.7;0.0;0.0
0.0;161.7;0.0;0.0
0.0;161.7;1.7;0.0
0.0;161.7;0.0;0.0
0.0;161.7;0.0;0.0
0.0;161.7;0.0;0.0
0.8;161.7;1.1;0.0
0.0;161.7;0.0;0.0
0.0;161.7;0.0;0.0
0.0;161.7;0.0;0.0
5.0;162.0;0.9;0.0
8.3;196.1;194.7;4.0
8.3;196.7;643.5;0.0
8.3;196.7;298.2;0.0
8.3;196.7;299.5;0.0
8.3;196.7;296.4;0.0
8.3;196.7;327.1;0.0
8.3;208.5;334.5;0.0
8.3;228.5;1.6;0.0
9.1;228.7;0.6;196.0
8.3;228.7;0.6;192.0
8.3;198.2;0.3;48.0
8.3;198.2;0.0;0.0
