7.5;43.9;21.0;0.0
7.5;54.8;19.2;0.0
7.5;63.4;15.3;0.0
8.3;70.2;15.5;0.0
6.6;69.9;15.1;0.0
8.3;76.4;8.5;0.0
9.1;83.9;20.9;0.0
8.3;86.0;5.5;0.0
7.5;91.6;20.3;0.0
7.5;96.2;22.4;0.0
7.5;101.1;22.0;0.0
7.5;107.5;27.3;0.0
8.3;114.8;18.8;0.0
85.6;127.4;11.4;0.0
17.4;137.5;29.8;0.0
8.3;139.1;0.0;0.0
8.3;143.5;9.6;0.0
7.5;148.6;21.3;0.0
9.1;158.9;19.0;0.0
8.3;158.9;0.0;0.0
5.8;160.1;2.3;0.0
0.0;160.1;0.0;0.0
0.0;160.1;0.0;0.0
0.0;160.1;0.0;0.0
0.0;160.1;0.0;0.0
0.0;160.1;0.0;0.0
0.0;160.1;0.0;0.0
0.0;160.1;0.0;0.0
0.8;160.3;1.8;0.0
0.0;160.3;0.0;0.0
0.0;160.3;0.0;0.0
0.0;160.3;0.4;0.0
0.0;160.3;0.0;0.0
0.0;160.3;0.0;0.0
0.0;160.3;0.0;0.0
3.3;160.7;1.6;0.0
8.3;160.7;0.0;0.0
8.3;160.7;0.0;0.0
8.3;160.7;0.0;0.0
8.3;160.7;0.0;0.0
8.3;160.7;0.0;0.0
8.3;160.7;0.0;0.0
8.3;160.7;0.0;0.0
9.1;163.1;1.5;0.0
4.2;163.5;0.0;0.0
0.0;163.5;0.0;0.0
0.0;163.5;0.0;0.0
0.0;163.5;0.0;0.0
0.0;163.5;0.0;0.0
0.0;163.5;0.0;0.0
0.0;163.5;0.0;0.0
0.0;163.5;1.7;0.0
0.0;163.5;0.0;0.0
0.0;163.5;0.0;0.0
0.0;163.5;0.4;0.0
0.0;163.5;0.0;0.0
0.0;163.5;0.0;0.0
0.0;163.5;0.0;0.0
0.0;163.5;0.0;0.0
0.0;163.5;0.0;0.0
