7.5;49.3;31.1;0.0
8.3;62.7;27.9;0.0
5.8;68.1;22.7;0.0
7.5;77.7;24.8;0.0
7.5;86.7;35.7;0.0
6.6;97.4;47.6;0.0
16.6;115.8;35.7;0.0
93.0;130.2;34.8;0.0
8.3;136.2;18.0;0.0
7.5;150.6;31.9;0.0
7.5;151.9;2.3;0.0
0.0;151.9;0.0;0.0
0.0;151.9;0.0;0.0
0.0;151.9;0.0;0.0
0.0;151.9;0.0;0.0
0.0;151.9;0.0;0.0
0.0;151.9;0.0;0.0
0.0;151.9;0.0;0.0
0.0;152.0;1.8;0.0
0.0;152.0;0.0;0.0
0.0;152.0;0.0;0.0
0.0;152.0;0.4;0.0
0.0;152.0;0.0;0.0
0.0;152.0;0.0;0.0
0.0;152.0;0.0;0.0
3.3;152.3;1.4;0.0
8.3;152.3;0.0;0.0
8.3;152.3;0.0;0.0
8.3;152.3;0.0;0.0
8.3;152.3;0.0;0.0
8.3;152.6;1.5;0.0
2.5;153.2;0.0;0.0
0.0;153.2;0.0;0.0
0.0;153.2;0.0;0.0
0.0;153.2;0.0;0.0
0.0;153.2;0.0;0.0
0.0;153.2;0.0;0.0
0.0;153.2;0.0;0.0
0.0;153.2;1.8;0.0
0.0;153.2;0.0;0.0
0.0;153.2;0.0;0.0
0.0;153.2;0.4;0.0
0.0;153.2;0.0;0.0
0.0;153.2;0.0;0.0
0.0;153.2;0.0;0.0
0.8;153.2;0.6;0.0
0.0;153.2;0.0;0.0
0.0;153.2;0.0;0.0
0.0;153.2;0.0;0.0
4.2;153.5;0.7;0.0
7.5;189.5;232.6;4.0
8.3;190.2;639.4;0.0
8.3;190.2;313.6;0.0
8.3;190.2;344.6;0.0
8.3;190.2;365.2;0.0
8.3;190.2;381.3;0.0
8.3;221.9;118.8;0.0
8.3;222.2;0.4;132.0
8.3;222.2;0.6;192.0
8.3;222.2;0.2;64.0
