7.5;47.8;31.9;0.0
8.3;61.8;26.9;0.0
5.8;62.8;25.1;0.0
8.3;76.5;26.8;0.0
6.6;81.9;25.0;0.0
7.5;91.5;36.4;0.0
7.5;102.5;43.1;0.0
54.9;125.4;39.1;0.0
54.9;134.6;15.1;0.0
7.5;148.7;42.9;0.0
8.3;152.7;5.5;0.0
5.0;153.7;2.3;0.0
0.0;153.7;0.0;0.0
0.0;153.7;0.0;0.0
0.0;153.7;0.0;0.0
0.0;153.7;0.0;0.0
0.0;153.7;0.0;0.0
0.0;153.7;0.0;0.0
0.0;153.7;0.0;0.0
0.0;154.1;1.8;0.0
0.0;154.1;0.0;0.0
0.0;154.1;0.0;0.0
0.0;154.1;1.0;0.0
0.0;154.1;0.0;0.0
0.0;154.1;0.0;0.0
0.0;154.1;0.0;0.0
4.1;154.4;0.9;0.0
8.3;154.4;0.0;0.0
8.3;154.4;0.0;0.0
8.3;154.4;0.0;0.0
8.3;154.4;0.0;0.0
9.1;154.4;0.0;0.0
6.6;155.2;1.5;0.0
0.0;155.2;0.0;0.0
0.0;155.2;0.0;0.0
0.0;155.2;0.0;0.0
0.0;155.2;0.0;0.0
0.0;155.2;0.0;0.0
0.0;155.2;0.0;0.0
0.0;155.2;1.7;0.0
0.0;155.2;0.0;0.0
0.0;155.2;0.0;0.0
0.0;155.2;0.0;0.0
0.0;155.2;0.4;0.0
0.0;155.2;0.0;0.0
0.0;155.2;0.0;0.0
0.0;155.2;0.0;0.0
0.0;155.2;0.0;0.0
0.0;155.2;0.0;0.0
0.0;155.2;0.0;0.0
0.0;155.2;0.0;0.0
0.0;155.2;0.0;0.0
7.5;160.2;1.8;4.0
8.3;191.8;478.8;0.0
8.3;192.3;503.5;0.0
8.3;192.3;342.2;0.0
8.3;192.3;342.1;0.0
8.3;192.3;355.7;0.0
9.1;192.3;375.1;0.0
8.3;223.9;42.0;0.0
