5.8;49.8;17.6;0.0
7.5;59.1;22.1;0.0
8.3;67.7;18.5;0.0
6.6;70.5;15.9;0.0
8.3;77.8;9.5;0.0
8.3;84.8;20.3;0.0
7.5;87.8;12.9;0.0
6.6;95.3;27.9;0.0
7.5;101.1;24.2;0.0
7.5;107.2;27.7;0.0
10.0;125.4;23.3;0.0
98.9;136.6;29.4;0.0
8.3;143.6;11.8;0.0
7.5;148.6;9.8;0.0
7.5;159.3;34.3;0.0
8.3;163.7;5.8;0.0
8.3;163.9;0.0;0.0
1.7;165.0;2.3;0.0
0.0;165.0;0.0;0.0
0.0;165.0;0.0;0.0
0.0;165.0;0.0;0.0
0.0;165.0;0.0;0.0
0.0;165.0;0.0;0.0
0.0;165.0;0.0;0.0
0.8;165.3;1.7;0.0
0.0;165.3;0.0;0.0
0.0;165.3;0.0;0.0
0.0;165.3;0.0;0.0
0.0;165.3;0.4;0.0
0.0;165.3;0.0;0.0
0.0;165.3;0.0;0.0
0.0;165.7;1.6;0.0
8.3;165.7;0.0;0.0
8.3;165.7;0.0;0.0
8.3;165.7;0.0;0.0
8.3;165.7;0.0;0.0
8.3;165.7;0.0;0.0
8.3;165.7;0.0;0.0
9.1;166.1;1.5;0.0
0.0;166.5;0.0;0.0
0.0;166.5;0.0;0.0
0.0;166.5;0.0;0.0
0.0;166.5;0.0;0.0
0.0;166.5;0.0;0.0
0.0;166.5;0.0;0.0
0.0;166.5;1.7;0.0
0.0;166.5;0.0;0.0
0.0;166.5;0.0;0.0
0.0;166.5;0.0;0.0
0.0;166.5;1.1;0.0
0.0;166.5;0.0;0.0
0.0;166.5;0.0;0.0
0.0;166.5;0.0;0.0
5.8;169.4;1.1;4.0
8.3;201.1;449.8;0.0
8.3;201.6;487.6;0.0
8.3;201.6;317.4;0.0
8.3;201.6;301.8;0.0
8.3;201.6;277.0;0.0
8.3;201.6;280.7;0.0
