14.1;46.5;31.8;0.0
8.3;61.7;31.0;0.0
5.8;70.8;22.0;0.0
9.2;82.2;26.3;0.0
5.8;91.1;35.7;0.0
7.5;101.5;45.8;0.0
12.5;118.8;33.3;0.0
96.5;134.8;39.0;0.0
7.5;140.8;17.4;0.0
8.3;155.4;32.5;0.0
6.6;156.6;2.3;0.0
0.0;156.6;0.0;0.0
0.0;156.6;0.0;0.0
0.0;156.6;0.0;0.0
0.0;156.6;0.0;0.0
0.0;156.6;0.0;0.0
0.0;156.6;0.0;0.0
0.0;156.6;0.0;0.0
0.0;156.9;1.8;0.0
0.0;156.9;0.0;0.0
0.0;156.9;0.0;0.0
0.0;156.9;0.4;0.0
0.0;156.9;0.0;0.0
0.0;156.9;0.0;0.0
0.0;156.9;0.0;0.0
4.2;157.2;1.3;0.0
8.3;157.2;0.0;0.0
8.3;157.2;0.0;0.0
8.3;157.2;0.0;0.0
8.3;157.2;0.0;0.0
8.3;157.4;1.5;0.0
2.5;158.0;0.0;0.0
0.0;158.0;0.0;0.0
0.0;158.0;0.0;0.0
0.0;158.0;0.0;0.0
0.0;158.0;0.0;0.0
0.0;158.0;0.0;0.0
0.0;158.0;0.0;0.0
0.8;158.0;1.7;0.0
0.0;158.0;0.0;0.0
0.0;158.0;0.0;0.0
0.0;158.0;0.4;0.0
0.0;158.0;0.0;0.0
0.0;158.0;0.0;0.0
0.0;158.0;0.0;0.0
2.5;158.2;1.3;0.0
8.3;190.4;106.8;4.0
8.3;190.7;726.9;0.0
8.3;191.0;275.7;0.0
8.3;191.0;339.8;0.0
8.3;191.0;351.9;0.0
8.3;191.0;376.1;0.0
7.5;222.8;263.1;0.0
8.3;223.0;0.2;68.0
8.3;223.0;0.6;192.0
8.3;223.0;0.4;128.0
8.3;192.6;0.3;52.0
8.3;192.6;0.0;0.0
2.5;0.0;0.0;0.0
0.0;0.0;0.0;0.0
