6.6;55.7;24.4;0.0
9.1;68.5;27.1;0.0
6.6;69.0;29.4;0.0
7.5;82.7;29.0;0.0
7.5;90.7;27.8;0.0
7.5;99.8;39.6;0.0
6.6;111.2;46.6;0.0
67.4;130.1;28.7;0.0
41.5;139.0;15.8;0.0
6.6;146.6;26.7;0.0
9.1;158.2;22.6;0.0
7.5;159.4;2.3;0.0
0.0;159.4;0.0;0.0
0.0;159.4;0.0;0.0
0.0;159.4;0.0;0.0
0.0;159.4;0.0;0.0
0.0;159.4;0.0;0.0
0.0;159.4;0.0;0.0
0.0;159.4;0.0;0.0
0.0;159.5;1.6;0.0
0.0;159.5;0.0;0.0
0.0;159.5;0.0;0.0
0.0;159.5;0.4;0.0
0.0;159.5;0.0;0.0
0.0;159.5;0.0;0.0
0.0;159.5;0.0;0.0
2.5;159.8;1.4;0.0
8.3;159.8;0.0;0.0
8.3;159.8;0.0;0.0
8.3;159.8;0.0;0.0
8.3;159.8;0.0;0.0
8.3;160.1;0.0;0.0
8.3;160.1;1.5;0.0
0.8;160.7;0.0;0.0
0.0;160.7;0.0;0.0
0.0;160.7;0.0;0.0
0.0;160.7;0.0;0.0
0.0;160.7;0.0;0.0
0.0;160.7;0.0;0.0
0.0;160.7;1.8;0.0
0.0;160.7;0.0;0.0
0.0;160.7;0.0;0.0
0.0;160.7;0.0;0.0
0.0;160.7;0.4;0.0
0.0;160.7;0.0;0.0
0.0;160.7;0.0;0.0
0.0;160.7;0.0;0.0
6.7;161.0;1.3;0.0
8.3;193.0;146.5;4.0
8.3;193.2;640.3;0.0
8.3;193.7;219.9;0.0
8.3;193.7;244.0;0.0
8.3;193.7;265.1;0.0
8.3;193.7;290.9;0.0
8.3;193.7;300.7;0.0
8.3;193.7;312.3;0.0
8.3;225.4;21.8;0.0
8.3;225.6;0.4;132.0
8.3;225.6;0.4;128.0
8.3;225.6;0.4;128.0
