7.5;46.1;18.0;0.0
7.5;56.5;14.8;0.0
7.5;64.6;19.8;0.0
7.5;72.3;15.9;0.0
7.5;76.9;12.8;0.0
6.6;71.7;11.6;0.0
8.3;78.4;9.8;0.0
8.3;83.5;17.5;0.0
6.6;87.8;22.1;0.0
7.5;94.3;23.4;0.0
6.6;99.3;22.0;0.0
8.3;105.4;26.2;0.0
17.5;127.2;20.1;0.0
90.5;137.8;27.5;0.0
8.3;144.9;12.9;0.0
8.3;149.7;9.8;0.0
7.5;155.2;23.7;0.0
7.5;164.8;16.5;0.0
9.1;164.8;0.0;0.0
5.8;166.0;2.3;0.0
0.0;166.0;0.0;0.0
0.0;166.0;0.0;0.0
0.0;166.0;0.0;0.0
0.0;166.0;0.0;0.0
0.0;166.0;0.0;0.0
0.0;166.0;0.0;0.0
0.0;166.0;0.0;0.0
0.0;166.2;1.8;0.0
0.0;166.2;0.0;0.0
0.0;166.2;0.0;0.0
0.0;166.2;0.4;0.0
0.0;166.2;0.0;0.0
0.0;166.2;0.0;0.0
0.0;166.2;0.0;0.0
0.0;166.2;0.0;0.0
0.0;166.2;0.0;0.0
8.3;166.5;1.5;0.0
8.3;166.5;0.0;0.0
8.3;166.5;0.0;0.0
8.3;166.5;0.0;0.0
8.3;166.5;0.0;0.0
8.3;167.0;1.5;0.0
1.7;167.5;0.0;0.0
0.0;167.5;0.0;0.0
0.0;167.5;0.0;0.0
0.0;167.5;0.0;0.0
0.0;167.5;0.0;0.0
0.0;167.5;0.0;0.0
0.0;167.5;1.7;0.0
0.0;167.5;0.0;0.0
0.0;167.5;0.0;0.0
0.0;167.5;0.0;0.0
0.8;167.5;0.4;0.0
0.0;167.5;0.0;0.0
0.0;167.5;0.0;0.0
0.0;167.5;0.0;0.0
5.0;168.4;1.7;4.0
9.1;199.9;405.7;0.0
7.5;200.4;485.8;0.0
8.3;200.4;272.4;0.0
