5.8;47.4;32.3;0.0
8.3;60.8;27.5;0.0
7.5;70.8;22.6;0.0
7.5;80.4;24.8;0.0
7.5;87.6;32.5;0.0
7.5;95.8;32.3;0.0
5.8;107.9;47.4;0.0
70.7;128.9;22.9;0.0
39.9;138.0;18.9;0.0
8.3;145.1;22.6;0.0
8.3;157.6;27.1;0.0
8.3;158.8;2.0;0.0
0.0;158.8;0.3;0.0
0.0;158.8;0.0;0.0
0.0;158.8;0.0;0.0
0.0;158.8;0.0;0.0
0.0;158.8;0.0;0.0
0.0;158.8;0.0;0.0
0.0;158.8;0.0;0.0
0.0;158.9;1.7;0.0
0.0;158.9;0.0;0.0
0.0;158.9;0.0;0.0
0.0;158.9;0.0;0.0
0.0;158.9;0.4;0.0
0.0;158.9;0.0;0.0
0.0;158.9;0.0;0.0
0.0;158.9;0.0;0.0
0.8;159.2;1.5;0.0
8.3;159.3;0.0;0.0
8.3;159.3;0.0;0.0
8.3;159.3;0.0;0.0
8.3;159.3;0.0;0.0
8.3;159.3;0.0;0.0
9.2;159.6;1.2;0.0
5.8;162.2;0.3;0.0
0.0;162.2;0.0;0.0
0.0;162.2;0.0;0.0
0.0;162.2;0.0;0.0
0.0;162.2;0.0;0.0
0.0;162.2;0.0;0.0
0.0;162.2;0.0;0.0
0.0;162.2;1.7;0.0
0.0;162.2;0.0;0.0
0.0;162.2;0.0;0.0
0.0;162.2;0.0;0.0
0.0;162.2;1.1;0.0
0.0;162.2;0.0;0.0
0.0;162.2;0.0;0.0
1.7;162.4;0.7;0.0
7.5;161.4;0.3;4.0
8.3;192.8;588.3;0.0
8.3;193.2;407.8;0.0
7.5;193.2;276.8;0.0
8.3;193.2;304.8;0.0
8.3;193.2;340.8;0.0
8.3;193.2;368.3;0.0
8.3;225.1;153.8;0.0
8.3;225.1;0.2;68.0
8.3;225.1;0.7;192.0
8.3;225.1;0.3;128.0
