7.5;44.6;27.3;0.0
8.3;59.4;29.4;0.0
8.3;67.5;18.8;0.0
6.6;72.4;14.9;0.0
8.3;79.6;8.3;0.0
8.3;85.1;17.9;0.0
7.5;89.4;20.6;0.0
7.5;97.2;26.8;0.0
7.5;106.1;34.8;0.0
7.5;114.5;33.7;0.0
82.4;137.9;26.0;0.0
27.4;146.4;15.8;0.0
7.5;153.3;22.6;0.0
8.3;165.9;27.1;0.0
9.1;166.0;0.0;0.0
1.7;167.2;2.3;0.0
0.0;167.2;0.0;0.0
0.0;167.2;0.0;0.0
0.0;167.2;0.0;0.0
0.0;167.2;0.0;0.0
0.0;167.2;0.0;0.0
0.0;167.2;0.0;0.0
0.8;167.2;1.8;0.0
0.0;167.2;0.0;0.0
0.0;167.2;0.0;0.0
0.0;167.2;0.0;0.0
0.0;167.2;1.0;0.0
0.0;167.2;0.0;0.0
0.0;167.2;0.0;0.0
0.0;167.2;0.0;0.0
7.5;167.6;0.8;0.0
8.3;167.6;0.0;0.0
8.3;167.6;0.0;0.0
8.3;167.6;0.0;0.0
8.3;167.6;0.0;0.0
8.3;168.5;1.5;0.0
0.0;168.5;0.0;0.0
0.0;168.5;0.0;0.0
0.0;168.5;0.0;0.0
0.0;168.5;0.0;0.0
0.0;168.5;0.0;0.0
0.0;168.5;0.0;0.0
0.0;168.5;1.8;0.0
0.0;168.5;0.0;0.0
0.0;168.5;0.0;0.0
0.0;168.5;0.0;0.0
0.0;168.5;1.0;0.0
0.0;168.5;0.0;0.0
0.0;168.5;0.0;0.0
0.0;168.5;0.0;0.0
5.0;168.7;0.8;0.0
7.5;202.8;200.6;4.0
7.5;203.5;640.0;0.0
8.3;203.5;312.8;0.0
8.3;203.5;347.0;0.0
8.3;203.5;329.4;0.0
8.3;203.5;312.2;0.0
8.3;203.8;276.7;0.0
9.1;235.1;22.2;0.0
8.3;235.4;0.6;196.0
