11.6;46.5;26.5;0.0
8.3;58.7;25.2;0.0
6.6;67.6;24.6;0.0
8.3;74.0;15.6;0.0
7.5;81.4;22.0;0.0
7.5;89.8;34.5;0.0
8.3;96.3;27.6;0.0
6.6;104.0;35.5;0.0
37.4;129.1;26.6;0.0
71.5;139.2;29.6;0.0
8.3;143.9;6.2;0.0
7.5;157.3;40.7;0.0
8.3;160.5;3.0;0.0
5.8;161.7;2.3;0.0
0.0;161.7;0.0;0.0
0.0;161.7;0.0;0.0
0.0;161.7;0.0;0.0
0.0;161.7;0.0;0.0
0.0;161.7;0.0;0.0
0.0;161.7;0.0;0.0
0.0;161.7;0.0;0.0
0.0;161.8;1.8;0.0
0.0;161.8;0.0;0.0
0.0;161.8;0.0;0.0
0.0;161.8;0.4;0.0
0.0;161.8;0.0;0.0
0.0;161.8;0.0;0.0
0.0;161.8;0.0;0.0
3.3;162.1;1.3;0.0
8.3;162.1;0.0;0.0
8.3;162.1;0.0;0.0
8.3;162.1;0.0;0.0
8.3;162.1;0.0;0.0
8.3;162.1;0.0;0.0
8.3;162.4;1.5;0.0
0.0;163.0;0.0;0.0
0.0;163.0;0.0;0.0
0.0;163.0;0.0;0.0
0.0;163.0;0.0;0.0
0.0;163.0;0.0;0.0
0.0;163.0;0.0;0.0
0.0;163.0;1.8;0.0
0.0;163.0;0.0;0.0
0.0;163.0;0.0;0.0
0.0;163.0;0.0;0.0
0.0;163.0;1.1;0.0
0.0;163.0;0.0;0.0
0.0;163.0;0.0;0.0
0.0;163.0;0.0;0.0
5.8;166.0;1.1;4.0
9.1;197.5;383.0;0.0
8.3;198.0;535.4;0.0
8.3;198.0;330.5;0.0
8.3;198.0;338.1;0.0
8.3;198.0;324.3;0.0
8.3;198.0;259.4;0.0
8.3;229.7;224.5;0.0
8.3;229.7;0.0;0.0
8.3;230.0;0.8;260.0
8.3;230.0;0.4;128.0
