5.8;39.6;21.9;0.0
7.5;53.6;25.1;0.0
7.5;61.9;17.3;0.0
7.5;64.7;18.5;0.0
8.3;72.7;10.3;0.0
8.3;80.6;21.3;0.0
7.5;85.2;22.2;0.0
7.5;93.2;30.0;0.0
7.5;101.5;33.2;0.0
6.6;109.5;30.1;0.0
72.4;124.7;17.6;0.0
36.5;134.3;24.0;0.0
8.3;138.8;6.6;0.0
7.5;144.5;23.5;0.0
8.3;155.0;19.9;0.0
8.3;155.0;0.0;0.0
4.2;156.1;2.3;0.0
0.0;156.1;0.0;0.0
0.0;156.1;0.0;0.0
0.0;156.1;0.0;0.0
0.0;156.1;0.0;0.0
0.0;156.1;0.0;0.0
0.0;156.1;0.0;0.0
0.0;156.2;1.8;0.0
0.0;156.2;0.0;0.0
0.0;156.2;0.0;0.0
0.0;156.2;0.0;0.0
0.0;156.2;0.4;0.0
0.0;156.2;0.0;0.0
0.0;156.2;0.0;0.0
0.0;156.2;0.0;0.0
5.8;156.6;1.3;0.0
8.3;156.6;0.0;0.0
8.3;156.6;0.0;0.0
8.3;156.6;0.0;0.0
8.3;156.6;0.0;0.0
8.3;156.6;0.0;0.0
9.1;158.9;1.5;0.0
0.0;159.5;0.0;0.0
0.0;159.5;0.0;0.0
0.0;159.5;0.0;0.0
0.0;159.5;0.0;0.0
0.0;159.5;0.0;0.0
0.0;159.5;0.0;0.0
0.0;159.5;1.7;0.0
0.0;159.5;0.0;0.0
0.0;159.5;0.0;0.0
0.0;159.5;0.0;0.0
0.0;159.5;0.4;0.0
0.0;159.5;0.0;0.0
0.0;159.5;0.0;0.0
0.0;159.5;0.0;0.0
6.6;160.5;1.7;4.0
8.3;191.9;406.9;0.0
8.3;192.5;501.2;0.0
8.3;192.5;303.2;0.0
8.3;192.5;277.9;0.0
8.3;192.5;274.5;0.0
8.3;192.5;274.5;0.0
8.3;192.5;279.8;0.0
