6.6;48.8;23.5;0.0
8.3;60.4;24.0;0.0
8.3;67.8;18.8;0.0
6.6;67.1;15.7;0.0
8.3;78.4;25.0;0.0
7.5;82.6;18.2;0.0
6.6;91.9;34.2;0.0
8.3;99.7;30.6;0.0
6.6;108.1;33.1;0.0
69.2;131.5;16.4;0.0
32.4;140.8;25.2;0.0
9.1;144.1;2.8;0.0
7.5;151.6;28.1;0.0
7.5;161.7;19.0;0.0
9.2;162.8;2.0;0.0
0.0;162.8;0.3;0.0
0.0;162.8;0.0;0.0
0.0;162.8;0.0;0.0
0.0;162.8;0.0;0.0
0.0;162.8;0.0;0.0
0.0;162.8;0.0;0.0
0.0;162.8;0.0;0.0
0.0;163.2;1.8;0.0
0.0;163.2;0.0;0.0
0.0;163.2;0.0;0.0
0.0;163.2;0.0;0.0
0.0;163.2;1.0;0.0
0.0;163.2;0.0;0.0
0.0;163.2;0.0;0.0
0.8;163.4;0.8;0.0
8.3;163.5;0.0;0.0
8.3;163.5;0.0;0.0
8.3;163.5;0.0;0.0
8.3;163.5;0.0;0.0
8.3;163.5;0.0;0.0
8.3;163.7;1.5;0.0
1.7;164.3;0.0;0.0
0.0;164.3;0.0;0.0
0.0;164.3;0.0;0.0
0.0;164.3;0.0;0.0
0.0;164.3;0.0;0.0
0.0;164.3;0.0;0.0
0.0;164.3;0.0;0.0
0.0;164.3;1.8;0.0
0.0;164.3;0.0;0.0
0.0;164.3;0.0;0.0
0.0;164.3;0.0;0.0
0.0;164.3;0.0;0.0
0.0;164.3;0.0;0.0
0.0;164.3;0.0;0.0
2.5;164.6;1.6;0.0
8.3;165.8;0.3;4.0
8.3;196.9;643.0;0.0
8.3;197.3;357.5;0.0
8.3;197.3;290.2;0.0
8.3;197.3;281.8;0.0
8.3;197.3;304.6;0.0
8.3;197.3;164.4;0.0
8.3;197.3;231.2;0.0
8.3;204.3;166.9;0.0
