5.8;57.3;32.9;0.0
7.5;70.6;26.5;0.0
6.6;69.6;22.5;0.0
9.1;79.1;27.0;0.0
5.0;88.6;39.3;0.0
7.5;99.1;44.2;0.0
20.0;119.2;33.1;0.0
87.3;133.6;34.8;0.0
7.5;139.6;15.8;0.0
5.0;153.0;35.4;0.0
0.0;153.0;0.0;0.0
0.0;153.0;0.0;0.0
0.0;153.0;0.0;0.0
0.0;153.0;0.0;0.0
0.0;153.0;0.0;0.0
0.0;153.0;0.0;0.0
0.0;153.0;0.8;0.0
0.0;153.1;1.0;0.0
0.0;153.1;0.0;0.0
0.0;153.1;0.0;0.0
0.0;153.1;0.4;0.0
0.0;153.1;0.0;0.0
0.0;153.1;0.0;0.0
0.0;153.1;0.0;0.0
0.0;153.1;0.0;0.0
0.0;153.1;0.0;0.0
0.0;153.1;0.0;0.0
0.0;153.1;2.2;0.0
0.0;153.1;0.0;0.0
0.0;153.1;0.0;0.0
0.0;153.1;0.0;0.0
0.0;153.1;0.0;0.0
0.0;153.1;0.0;0.0
0.0;153.1;0.0;0.0
0.0;153.1;0.0;0.0
0.0;153.1;0.0;0.0
0.0;153.1;0.0;0.0
0.0;153.1;0.0;0.0
0.0;153.1;2.5;0.0
0.0;153.1;0.0;0.0
0.0;153.1;0.0;0.0
0.0;153.1;0.0;0.0
4.2;155.6;1.1;0.0
8.3;155.6;0.0;0.0
8.3;155.8;0.0;0.0
8.3;155.8;0.0;0.0
8.3;155.8;0.0;0.0
27.5;184.5;0.4;0.0
78.9;184.5;0.0;0.0
0.0;184.5;0.0;0.0
0.0;184.5;0.0;0.0
0.0;184.5;0.0;0.0
0.0;184.5;0.0;0.0
0.0;184.5;0.0;0.0
0.0;184.5;0.0;0.0
0.0;184.5;1.7;0.0
0.0;184.5;0.0;0.0
0.0;184.5;0.0;0.0
0.0;184.5;0.4;0.0
0.0;184.5;0.0;0.0
