8.3;49.0;35.5;0.0
8.3;62.2;27.3;0.0
5.8;69.4;23.2;0.0
7.5;79.4;25.0;0.0
5.8;88.5;39.1;0.0
8.3;99.0;45.0;0.0
8.3;114.6;28.5;0.0
99.8;137.2;41.0;0.0
10.0;143.7;10.0;0.0
5.8;157.3;41.5;0.0
0.0;157.3;0.0;0.0
0.0;157.3;0.0;0.0
0.0;157.3;0.0;0.0
0.0;157.3;0.0;0.0
0.0;157.3;0.0;0.0
0.0;157.3;0.0;0.0
0.0;157.3;0.0;0.0
0.0;157.5;1.8;0.0
0.0;157.5;0.0;0.0
0.0;157.5;0.0;0.0
0.0;157.5;0.4;0.0
0.0;157.5;0.0;0.0
0.0;157.5;0.0;0.0
0.0;157.5;0.0;0.0
0.0;157.5;0.0;0.0
0.0;157.5;0.0;0.0
0.0;157.5;0.0;0.0
0.0;157.5;0.0;0.0
0.8;157.5;2.2;0.0
0.0;157.5;0.0;0.0
0.0;157.5;0.0;0.0
0.0;157.5;0.0;0.0
0.0;157.5;0.0;0.0
0.0;157.5;0.0;0.0
0.0;157.5;0.0;0.0
0.0;157.5;0.0;0.0
0.0;157.5;0.0;0.0
0.0;157.5;0.0;0.0
0.0;157.5;0.7;0.0
0.0;157.5;1.7;0.0
0.0;157.5;0.0;0.0
0.0;157.5;0.0;0.0
2.5;160.0;1.4;0.0
8.3;160.4;0.0;0.0
8.3;160.4;0.0;0.0
8.3;160.4;0.0;0.0
8.3;160.4;0.0;0.0
8.3;160.4;0.0;0.0
44.1;175.1;0.4;0.0
56.5;175.1;0.0;0.0
0.0;175.1;0.0;0.0
0.0;175.1;0.0;0.0
0.0;175.1;0.0;0.0
0.0;175.1;0.0;0.0
0.0;175.1;0.0;0.0
0.0;175.1;0.0;0.0
0.0;175.1;1.7;0.0
0.0;175.1;0.0;0.0
0.0;175.1;0.0;0.0
0.0;175.1;1.1;0.0
