20.7;47.6;31.5;0.0
7.5;63.0;32.2;0.0
5.8;72.4;23.3;0.0
8.3;83.9;26.5;0.0
6.6;93.2;39.1;0.0
7.5;101.2;38.0;0.0
7.5;111.5;35.1;0.0
94.9;138.6;39.9;0.0
15.0;146.0;11.5;0.0
7.5;159.8;41.4;0.0
0.0;159.8;0.0;0.0
0.0;159.8;0.0;0.0
0.0;159.8;0.0;0.0
0.0;159.8;0.0;0.0
0.0;159.8;0.0;0.0
0.0;159.8;0.0;0.0
0.0;159.8;0.0;0.0
0.0;159.9;1.7;0.0
0.0;159.9;0.0;0.0
0.0;159.9;0.0;0.0
0.0;159.9;0.4;0.0
0.0;159.9;0.0;0.0
0.0;159.9;0.0;0.0
0.0;159.9;0.0;0.0
0.0;159.9;0.0;0.0
0.0;159.9;0.0;0.0
0.0;159.9;0.0;0.0
0.0;159.9;0.0;0.0
0.0;159.9;0.0;0.0
0.0;159.9;0.0;0.0
0.0;159.9;0.0;0.0
0.0;159.9;0.0;0.0
0.0;159.9;2.2;0.0
0.0;159.9;0.0;0.0
0.0;159.9;0.0;0.0
0.0;159.9;0.0;0.0
0.0;159.9;0.0;0.0
0.0;159.9;0.0;0.0
0.0;159.9;0.0;0.0
0.0;159.9;0.0;0.0
0.0;159.9;0.0;0.0
0.0;159.9;0.0;0.0
0.0;159.9;0.0;0.0
0.0;159.9;2.8;0.0
0.0;159.9;0.0;0.0
0.0;159.9;0.0;0.0
0.0;159.9;0.0;0.0
4.2;162.5;0.8;0.0
8.3;162.6;0.0;0.0
8.3;162.8;0.0;0.0
8.3;162.8;0.0;0.0
8.3;162.8;0.0;0.0
23.9;175.7;0.3;0.0
78.0;175.7;0.1;0.0
0.0;175.7;0.0;0.0
0.0;175.7;0.0;0.0
0.0;175.7;0.0;0.0
0.0;175.7;0.0;0.0
0.0;175.7;0.0;0.0
0.0;175.7;0.0;0.0
