6.6;51.3;22.1;0.0
8.3;65.1;29.1;0.0
5.8;71.3;25.8;0.0
8.3;84.7;26.6;0.0
6.6;92.5;31.6;0.0
6.6;101.4;36.4;0.0
6.6;113.6;47.5;0.0
75.7;133.7;26.8;0.0
34.9;143.0;16.4;0.0
7.5;155.3;40.3;0.0
1.7;160.0;9.4;0.0
0.0;160.0;0.0;0.0
0.0;160.0;0.0;0.0
0.0;160.0;0.0;0.0
0.0;160.0;0.0;0.0
0.0;160.0;0.0;0.0
0.0;160.0;0.0;0.0
0.0;160.2;1.8;0.0
0.0;160.2;0.0;0.0
0.0;160.2;0.0;0.0
0.0;160.2;0.0;0.0
0.0;160.2;1.0;0.0
0.0;160.2;0.0;0.0
0.0;160.2;0.0;0.0
0.0;160.2;0.0;0.0
0.0;160.2;0.0;0.0
0.0;160.2;0.0;0.0
0.0;160.2;0.0;0.0
0.0;160.2;0.0;0.0
0.0;160.2;0.0;0.0
0.0;160.2;0.0;0.0
0.0;160.2;0.0;0.0
0.0;160.2;2.2;0.0
0.0;160.2;0.0;0.0
0.0;160.2;0.0;0.0
0.0;160.2;0.0;0.0
0.0;160.2;0.0;0.0
0.0;160.2;0.0;0.0
0.0;160.2;0.0;0.0
0.0;160.2;0.0;0.0
0.0;160.2;0.0;0.0
0.0;160.2;0.0;0.0
0.0;160.2;0.0;0.0
0.0;160.2;2.1;0.0
0.0;160.2;0.0;0.0
0.0;160.2;0.0;0.0
0.8;162.0;0.8;0.0
8.3;162.9;0.4;0.0
8.3;163.1;0.0;0.0
8.3;163.1;0.0;0.0
8.3;163.1;0.0;0.0
8.3;163.1;0.0;0.0
49.1;171.8;0.4;0.0
56.5;171.8;0.0;0.0
0.0;171.8;0.0;0.0
0.0;171.8;0.0;0.0
0.0;171.8;0.0;0.0
0.0;171.8;0.0;0.0
0.0;171.8;0.0;0.0
0.0;171.8;0.0;0.0
