25.6;43.5;29.6;0.0
7.5;58.3;28.1;0.0
7.5;66.3;31.1;0.0
7.5;79.7;26.8;0.0
6.7;87.8;31.0;0.0
7.5;97.0;39.6;0.0
7.5;108.9;44.9;0.0
84.0;133.4;39.3;0.0
25.8;139.9;8.5;0.0
8.3;153.2;39.7;0.0
0.8;155.3;5.4;0.0
0.0;155.3;0.0;0.0
0.0;155.3;0.0;0.0
0.0;155.3;0.0;0.0
0.0;155.3;0.0;0.0
0.0;155.3;0.0;0.0
0.0;155.3;0.0;0.0
0.0;155.7;1.8;0.0
0.0;155.7;0.0;0.0
0.0;155.7;0.0;0.0
0.0;155.7;0.0;0.0
0.0;155.7;0.4;0.0
0.0;155.7;0.0;0.0
0.0;155.7;0.0;0.0
0.0;155.7;0.0;0.0
0.0;155.7;0.0;0.0
0.0;155.7;0.0;0.0
0.0;155.7;0.0;0.0
0.0;155.7;0.0;0.0
0.0;155.7;2.5;0.0
0.0;155.7;0.0;0.0
0.0;155.7;0.0;0.0
0.0;155.7;0.0;0.0
0.0;155.7;0.0;0.0
0.0;155.7;0.0;0.0
0.0;155.7;0.0;0.0
0.0;155.7;0.0;0.0
0.0;155.7;0.0;0.0
0.0;155.7;0.0;0.0
0.0;155.7;0.0;0.0
0.0;155.7;2.9;0.0
0.0;155.7;0.0;0.0
0.0;155.7;0.0;0.0
0.8;157.5;0.8;0.0
8.3;158.4;0.4;0.0
8.3;158.6;0.0;0.0
8.3;158.6;0.0;0.0
8.3;158.6;0.0;0.0
8.3;158.6;0.0;0.0
58.2;173.2;0.4;0.0
39.8;173.2;0.0;0.0
0.0;173.2;0.0;0.0
0.0;173.2;0.0;0.0
0.0;173.2;0.0;0.0
0.0;173.2;0.0;0.0
0.0;173.2;0.0;0.0
0.0;173.2;1.8;0.0
0.0;173.2;0.0;0.0
0.0;173.2;0.0;0.0
0.0;173.2;0.0;0.0
