8.3;59.2;35.1;0.0
6.6;70.8;27.4;0.0
7.5;81.3;19.9;0.0
7.5;88.9;27.1;0.0
6.6;98.5;38.5;0.0
6.7;108.2;41.5;0.0
30.0;130.9;36.6;0.0
79.7;142.3;30.2;0.0
8.3;149.3;20.8;0.0
4.1;161.5;30.4;0.0
0.0;161.5;0.0;0.0
0.0;161.5;0.0;0.0
0.0;161.5;0.0;0.0
0.0;161.5;0.0;0.0
0.0;161.5;0.0;0.0
0.0;161.5;0.0;0.0
0.0;161.5;0.0;0.0
0.0;161.9;1.8;0.0
0.0;161.9;0.0;0.0
0.0;161.9;0.0;0.0
0.0;161.9;0.4;0.0
0.0;161.9;0.0;0.0
0.0;161.9;0.0;0.0
0.0;161.9;0.0;0.0
0.0;161.9;0.0;0.0
0.0;161.9;0.0;0.0
0.0;161.9;0.0;0.0
0.0;161.9;0.2;0.0
0.0;161.9;1.6;0.0
0.0;161.9;0.0;0.0
0.0;161.9;0.0;0.0
0.0;161.9;0.0;0.0
0.0;161.9;0.0;0.0
0.0;161.9;0.0;0.0
0.0;161.9;0.0;0.0
0.0;161.9;0.0;0.0
0.0;161.9;0.0;0.0
0.0;161.9;0.0;0.0
0.0;161.9;2.5;0.0
0.0;161.9;0.0;0.0
0.0;161.9;0.0;0.0
0.0;161.9;0.0;0.0
3.3;164.2;1.4;0.0
7.5;164.5;0.0;0.0
8.3;164.7;0.0;0.0
9.1;164.7;0.0;0.0
8.3;164.7;0.0;0.0
8.3;165.3;0.0;0.0
89.8;175.5;0.4;0.0
6.6;175.5;0.0;0.0
0.0;175.5;0.0;0.0
0.0;175.5;0.0;0.0
0.0;175.5;0.0;0.0
0.0;175.5;0.0;0.0
0.0;175.5;0.0;0.0
0.0;175.5;1.8;0.0
0.0;175.5;0.0;0.0
0.0;175.5;0.0;0.0
0.0;175.5;0.0;0.0
0.0;175.5;0.4;0.0
