6.6;55.4;31.8;0.0
7.5;64.0;30.2;0.0
7.5;78.8;29.8;0.0
8.3;86.8;28.4;0.0
7.5;96.2;40.2;0.0
5.8;108.4;47.5;0.0
76.5;131.0;36.5;0.0
34.1;139.3;11.4;0.0
8.3;154.8;44.7;0.0
0.0;154.8;0.3;0.0
0.0;154.8;0.0;0.0
0.0;154.8;0.0;0.0
0.0;154.8;0.0;0.0
0.0;154.8;0.0;0.0
0.0;154.8;0.0;0.0
0.0;154.8;0.0;0.0
0.0;155.1;1.8;0.0
0.0;155.1;0.0;0.0
0.0;155.1;0.0;0.0
0.0;155.1;0.0;0.0
0.0;155.1;0.4;0.0
0.0;155.1;0.0;0.0
0.0;155.1;0.0;0.0
0.0;155.1;0.0;0.0
0.0;155.1;0.0;0.0
0.0;155.1;0.0;0.0
0.0;155.1;0.0;0.0
0.0;155.1;1.8;0.0
0.0;155.1;0.0;0.0
0.0;155.1;0.0;0.0
0.0;155.1;0.0;0.0
0.0;155.1;0.0;0.0
0.0;155.1;0.0;0.0
0.0;155.1;0.0;0.0
0.0;155.1;0.0;0.0
0.0;155.1;0.0;0.0
0.0;155.1;0.0;0.0
0.0;155.1;0.0;0.0
0.0;155.1;2.7;0.0
0.0;155.1;0.0;0.0
0.0;155.1;0.0;0.0
0.8;156.0;1.1;0.0
8.3;157.9;0.4;0.0
8.3;157.9;0.0;0.0
8.3;157.9;0.0;0.0
8.3;157.9;0.0;0.0
8.3;157.9;0.0;0.0
40.6;172.6;0.4;0.0
59.9;172.6;0.0;0.0
0.0;172.6;0.0;0.0
0.0;172.6;0.0;0.0
0.0;172.6;0.0;0.0
0.0;172.6;0.0;0.0
0.0;172.6;0.0;0.0
0.0;172.6;0.0;0.0
0.0;172.6;1.8;0.0
0.0;172.6;0.0;0.0
0.0;172.6;0.0;0.0
0.0;172.6;0.4;0.0
0.0;172.6;0.0;0.0
