6.6;50.7;26.7;0.0
6.6;64.6;28.6;0.0
6.6;66.9;29.3;0.0
8.3;79.9;26.4;0.0
7.5;88.4;35.4;0.0
6.6;97.8;41.4;0.0
7.5;108.7;38.5;0.0
94.8;133.8;40.8;0.0
15.0;141.4;10.6;0.0
5.8;155.1;41.4;0.0
0.0;155.1;0.0;0.0
0.0;155.1;0.0;0.0
0.0;155.1;0.0;0.0
0.0;155.1;0.0;0.0
0.0;155.1;0.0;0.0
0.0;155.1;0.0;0.0
0.0;155.1;0.0;0.0
0.0;155.3;1.8;0.0
0.0;155.3;0.0;0.0
0.0;155.3;0.0;0.0
0.0;155.3;0.4;0.0
0.0;155.3;0.0;0.0
0.0;155.3;0.0;0.0
0.0;155.3;0.0;0.0
0.0;155.3;0.0;0.0
0.0;155.3;0.0;0.0
0.0;155.3;0.0;0.0
0.0;155.3;0.0;0.0
0.0;155.3;0.0;0.0
0.0;155.3;2.3;0.0
0.0;155.3;0.0;0.0
0.0;155.3;0.0;0.0
0.0;155.3;0.0;0.0
0.0;155.3;0.0;0.0
0.0;155.3;0.0;0.0
0.0;155.3;0.0;0.0
0.0;155.3;0.0;0.0
0.0;155.3;0.0;0.0
0.0;155.3;0.0;0.0
0.0;155.3;0.0;0.0
0.0;155.3;2.5;0.0
0.0;155.3;0.0;0.0
0.0;155.3;0.0;0.0
0.8;157.2;1.0;0.0
8.3;158.2;0.4;0.0
8.3;158.2;0.0;0.0
8.3;158.2;0.0;0.0
8.3;158.2;0.0;0.0
8.3;158.2;0.0;0.0
48.2;167.1;0.4;0.0
52.4;167.1;0.0;0.0
0.0;167.1;0.0;0.0
0.0;167.1;0.0;0.0
0.0;167.1;0.0;0.0
0.0;167.1;0.0;0.0
0.0;167.1;0.0;0.0
0.0;167.1;0.0;0.0
0.0;167.1;1.7;0.0
0.0;167.1;0.0;0.0
0.0;167.1;0.0;0.0
