17.4;48.2;33.0;0.0
7.5;63.5;31.7;0.0
6.6;72.3;23.2;0.0
8.3;83.2;25.8;0.0
5.8;92.4;38.7;0.0
7.5;102.4;41.6;0.0
15.0;120.9;38.0;0.0
88.2;135.5;35.5;0.0
7.5;141.9;18.0;0.0
5.0;155.3;33.2;0.0
0.0;155.3;0.0;0.0
0.0;155.3;0.0;0.0
0.0;155.3;0.0;0.0
0.0;155.3;0.0;0.0
0.0;155.3;0.0;0.0
0.0;155.3;0.0;0.0
0.0;155.4;1.7;0.0
0.0;155.4;0.0;0.0
0.0;155.4;0.0;0.0
0.0;155.4;0.0;0.0
0.0;155.4;1.0;0.0
0.0;155.4;0.0;0.0
0.0;155.4;0.0;0.0
0.0;155.4;0.0;0.0
0.0;155.4;0.0;0.0
0.0;155.4;0.0;0.0
0.0;155.4;0.0;0.0
0.0;155.4;0.0;0.0
0.0;155.4;0.0;0.0
0.0;155.4;0.0;0.0
0.0;155.4;0.0;0.0
0.0;155.4;2.2;0.0
0.0;155.4;0.0;0.0
0.0;155.4;0.0;0.0
0.0;155.4;0.0;0.0
0.0;155.4;0.0;0.0
0.0;155.4;0.0;0.0
0.0;155.4;0.0;0.0
0.0;155.4;0.0;0.0
0.0;155.4;0.0;0.0
0.0;155.4;0.0;0.0
0.0;155.4;0.0;0.0
4.2;157.9;4.1;0.0
8.3;157.9;0.0;0.0
8.3;158.1;0.0;0.0
8.3;158.1;0.0;0.0
8.3;158.1;0.0;0.0
8.3;158.1;0.0;0.0
74.0;170.9;0.4;0.0
29.9;170.9;0.0;0.0
0.0;170.9;0.0;0.0
0.0;170.9;0.0;0.0
0.0;170.9;0.0;0.0
0.0;170.9;0.0;0.0
0.0;170.9;0.0;0.0
0.8;170.9;1.7;0.0
0.0;170.9;0.0;0.0
0.0;170.9;0.0;0.0
0.0;170.9;0.0;0.0
0.0;170.9;0.4;0.0
