7.5;64.3;28.2;0.0
7.5;66.0;29.0;0.0
7.5;78.2;18.4;0.0
7.5;84.8;27.0;0.0
6.6;94.1;36.4;0.0
7.5;99.7;26.4;0.0
7.5;110.7;38.5;0.0
59.8;131.9;11.0;0.0
46.6;143.8;30.6;0.0
7.5;149.8;17.2;0.0
5.8;163.3;34.1;0.0
0.0;163.3;0.0;0.0
0.0;163.3;0.0;0.0
0.0;163.3;0.0;0.0
0.0;163.3;0.0;0.0
0.0;163.3;0.0;0.0
0.0;163.3;0.0;0.0
0.0;163.4;1.7;0.0
0.0;163.4;0.1;0.0
0.0;163.4;0.0;0.0
0.0;163.4;0.0;0.0
0.0;163.4;0.4;0.0
0.0;163.4;0.0;0.0
0.0;163.4;0.0;0.0
0.0;163.4;0.0;0.0
0.0;163.4;0.0;0.0
0.0;163.4;0.0;0.0
0.0;163.4;0.0;0.0
0.0;163.4;1.7;0.0
0.0;163.4;0.0;0.0
0.0;163.4;0.0;0.0
0.0;163.4;0.0;0.0
0.0;163.4;0.0;0.0
0.0;163.4;0.0;0.0
0.0;163.4;0.0;0.0
0.0;163.4;0.0;0.0
0.0;163.4;0.0;0.0
0.0;163.4;0.0;0.0
0.0;163.4;0.0;0.0
0.0;163.4;2.5;0.0
0.0;163.4;0.0;0.0
0.0;163.4;0.0;0.0
0.0;163.4;0.0;0.0
4.2;165.7;1.4;0.0
8.3;165.7;0.0;0.0
8.3;165.9;0.0;0.0
8.3;165.9;0.0;0.0
8.3;165.9;0.0;0.0
8.3;168.6;0.0;0.0
79.0;186.6;0.4;0.0
21.6;186.6;0.0;0.0
0.0;186.6;0.0;0.0
0.0;186.6;0.0;0.0
0.0;186.6;0.0;0.0
0.0;186.6;0.0;0.0
0.0;186.6;0.0;0.0
0.0;186.6;0.0;0.0
0.0;186.6;1.7;0.0
0.0;186.6;0.0;0.0
0.0;186.6;0.0;0.0
