6.6;56.3;35.2;0.0
8.3;68.4;25.9;0.0
6.6;70.9;20.9;0.0
9.2;79.4;26.8;0.0
5.0;89.7;42.7;0.0
6.6;99.5;42.9;0.0
37.4;121.3;37.6;0.0
71.5;131.4;26.2;0.0
7.5;139.0;22.8;0.0
4.1;150.6;28.4;0.0
0.0;150.6;0.0;0.0
0.0;150.6;0.0;0.0
0.0;150.6;0.0;0.0
0.0;150.6;0.0;0.0
0.0;150.6;0.0;0.0
0.0;150.6;0.0;0.0
0.0;150.7;1.7;0.0
0.0;150.7;0.0;0.0
0.0;150.7;0.0;0.0
0.0;150.7;0.0;0.0
0.0;150.7;0.4;0.0
0.0;150.7;0.0;0.0
0.0;150.7;0.0;0.0
0.0;150.7;0.0;0.0
0.0;150.7;0.0;0.0
0.0;150.7;0.0;0.0
0.0;150.7;0.0;0.0
0.0;150.7;2.0;0.0
0.0;150.7;0.0;0.0
0.0;150.7;0.0;0.0
0.0;150.7;0.0;0.0
0.0;150.7;0.0;0.0
0.0;150.7;0.0;0.0
0.0;150.7;0.0;0.0
0.0;150.7;0.0;0.0
0.0;150.7;0.0;0.0
0.0;150.7;0.0;0.0
0.0;150.7;0.0;0.0
0.8;150.7;2.4;0.0
0.0;150.7;0.0;0.0
0.0;150.7;0.0;0.0
0.0;150.7;0.0;0.0
5.0;153.1;1.5;0.0
8.3;153.1;0.0;0.0
8.3;153.4;0.0;0.0
8.3;153.4;0.0;0.0
8.3;153.4;0.0;0.0
8.3;155.4;0.0;0.0
76.5;186.3;0.4;0.0
22.4;186.3;0.0;0.0
0.0;186.3;0.0;0.0
0.0;186.3;0.0;0.0
0.0;186.3;0.0;0.0
0.0;186.3;0.0;0.0
0.0;186.3;0.0;0.0
0.0;186.3;1.8;0.0
0.0;186.3;0.0;0.0
0.0;186.3;0.0;0.0
0.0;186.3;0.0;0.0
0.0;186.3;0.4;0.0
