5.8;53.6;33.0;0.0
8.3;66.3;26.5;0.0
7.5;77.4;21.8;0.0
7.5;85.9;26.8;0.0
6.6;95.8;41.3;0.0
7.5;105.5;41.7;0.0
27.5;128.2;36.2;0.0
81.4;139.1;30.2;0.0
9.2;145.4;9.8;0.0
5.0;159.0;41.4;0.0
0.0;159.0;0.0;0.0
0.0;159.0;0.0;0.0
0.0;159.0;0.0;0.0
0.0;159.0;0.0;0.0
0.0;159.0;0.0;0.0
0.0;159.0;0.0;0.0
0.0;159.0;0.0;0.0
0.8;159.2;1.9;0.0
0.0;159.2;0.0;0.0
0.0;159.2;0.0;0.0
0.0;159.2;0.4;0.0
0.0;159.2;0.0;0.0
0.0;159.2;0.0;0.0
0.0;159.2;0.0;0.0
0.0;159.2;0.0;0.0
0.0;159.2;0.0;0.0
0.0;159.2;0.0;0.0
0.0;159.2;0.0;0.0
0.0;159.2;2.0;0.0
0.0;159.2;0.0;0.0
0.0;159.2;0.0;0.0
0.0;159.2;0.0;0.0
0.0;159.2;0.0;0.0
0.0;159.2;0.0;0.0
0.0;159.2;0.0;0.0
0.0;159.2;0.0;0.0
0.0;159.2;0.0;0.0
0.0;159.2;0.0;0.0
0.0;159.2;2.5;0.0
0.0;159.2;0.0;0.0
0.0;159.2;0.0;0.0
0.0;159.2;0.0;0.0
2.5;161.4;1.1;0.0
8.3;161.8;0.0;0.0
8.3;161.8;0.0;0.0
8.3;161.8;0.0;0.0
8.3;161.8;0.0;0.0
8.3;161.8;0.0;0.0
27.5;178.5;0.4;0.0
77.3;178.5;0.0;0.0
0.0;178.5;0.0;0.0
0.0;178.5;0.0;0.0
0.0;178.5;0.0;0.0
0.0;178.5;0.0;0.0
0.0;178.5;0.0;0.0
0.0;178.5;0.0;0.0
0.0;178.5;1.8;0.0
0.0;178.5;0.0;0.0
0.0;178.5;0.0;0.0
0.0;178.5;0.0;0.0
