6.6;54.9;34.9;0.0
7.5;66.9;28.0;0.0
6.6;79.1;25.3;0.0
8.3;87.6;35.1;0.0
6.6;98.9;43.8;0.0
6.6;111.2;47.5;0.0
84.9;135.5;41.6;0.0
25.8;141.8;9.8;0.0
6.7;155.7;41.5;0.0
0.0;155.7;0.0;0.0
0.0;155.7;0.0;0.0
0.0;155.7;0.0;0.0
0.0;155.7;0.0;0.0
0.0;155.7;0.0;0.0
0.0;155.7;0.0;0.0
0.0;155.7;0.0;0.0
0.0;156.0;1.8;0.0
0.0;156.0;0.0;0.0
0.0;156.0;0.0;0.0
0.0;156.0;0.4;0.0
0.0;156.0;0.0;0.0
0.0;156.0;0.0;0.0
0.0;156.0;0.0;0.0
0.0;156.0;0.0;0.0
0.0;156.0;0.0;0.0
0.0;156.0;0.0;0.0
0.0;156.0;0.0;0.0
0.0;156.0;2.0;0.0
0.0;156.0;0.0;0.0
0.0;156.0;0.0;0.0
0.0;156.0;0.0;0.0
0.0;156.0;0.0;0.0
0.0;156.0;0.0;0.0
0.0;156.0;0.0;0.0
0.0;156.0;0.0;0.0
0.0;156.0;0.0;0.0
0.0;156.0;0.0;0.0
0.0;156.0;0.0;0.0
0.0;156.0;2.4;0.0
0.0;156.0;0.0;0.0
0.0;156.0;0.0;0.0
2.5;157.9;0.8;0.0
8.3;158.6;0.4;0.0
7.5;158.8;0.0;0.0
8.3;158.8;0.0;0.0
8.3;158.8;0.0;0.0
10.0;161.4;0.0;0.0
87.3;171.4;0.4;0.0
1.7;171.4;0.0;0.0
0.0;171.4;0.0;0.0
0.0;171.4;0.0;0.0
0.0;171.4;0.0;0.0
0.0;171.4;0.0;0.0
0.0;171.4;0.0;0.0
0.8;171.4;1.8;0.0
0.0;171.4;0.0;0.0
0.0;171.4;0.0;0.0
0.0;171.4;0.0;0.0
0.0;171.4;0.4;0.0
0.0;171.4;0.0;0.0
