13.3;51.0;28.8;0.0
8.3;65.3;30.4;0.0
7.5;70.2;26.5;0.0
7.5;83.0;26.4;0.0
7.5;90.8;30.8;0.0
6.6;99.6;37.0;0.0
6.6;111.7;47.5;0.0
70.7;137.9;28.7;0.0
39.9;148.0;16.1;0.0
7.5;163.1;45.1;0.0
0.8;164.2;2.9;0.0
0.0;164.2;0.0;0.0
0.0;164.2;0.0;0.0
0.0;164.2;0.0;0.0
0.0;164.2;0.0;0.0
0.0;164.2;0.0;0.0
0.0;164.2;0.0;0.0
0.0;164.5;1.7;0.0
0.0;164.5;0.0;0.0
0.0;164.5;0.0;0.0
0.0;164.5;0.0;0.0
0.0;164.5;0.4;0.0
0.0;164.5;0.0;0.0
0.0;164.5;0.0;0.0
0.0;164.5;0.0;0.0
0.0;164.5;0.0;0.0
0.0;164.5;0.0;0.0
0.0;164.5;0.0;0.0
0.0;164.5;2.3;0.0
0.0;164.5;0.0;0.0
0.0;164.5;0.0;0.0
0.0;164.5;0.0;0.0
0.0;164.5;0.0;0.0
0.0;164.5;0.0;0.0
0.0;164.5;0.0;0.0
0.0;164.5;0.0;0.0
0.0;164.5;0.0;0.0
0.0;164.5;0.0;0.0
0.0;164.5;0.0;0.0
0.0;164.5;2.5;0.0
0.0;164.5;0.0;0.0
0.0;164.5;0.0;0.0
0.0;164.5;0.0;0.0
8.3;167.2;1.6;0.0
8.3;167.2;0.0;0.0
8.3;167.2;0.0;0.0
8.3;167.2;0.0;0.0
8.3;167.4;0.0;0.0
30.0;176.1;0.4;0.0
70.6;176.1;0.0;0.0
0.0;176.1;0.0;0.0
0.0;176.1;0.0;0.0
0.0;176.1;0.0;0.0
0.0;176.1;0.0;0.0
0.0;176.1;0.0;0.0
0.0;176.1;0.0;0.0
0.0;176.1;1.8;0.0
0.0;176.1;0.0;0.0
0.0;176.1;0.0;0.0
0.0;176.1;0.4;0.0
