19.9;48.2;31.0;0.0
7.5;62.3;26.9;0.0
6.6;69.0;31.3;0.0
8.3;82.4;26.6;0.0
7.5;90.3;32.0;0.0
6.6;100.0;42.6;0.0
7.5;111.3;40.9;0.0
80.7;136.8;26.0;0.0
26.6;146.8;17.2;0.0
8.3;161.6;44.7;0.0
0.8;163.7;4.9;0.0
0.0;163.7;0.0;0.0
0.0;163.7;0.0;0.0
0.0;163.7;0.0;0.0
0.0;163.7;0.0;0.0
0.0;163.7;0.0;0.0
0.0;163.7;0.0;0.0
0.0;164.0;1.7;0.0
0.0;164.0;0.0;0.0
0.0;164.0;0.0;0.0
0.0;164.0;0.0;0.0
0.0;164.0;0.4;0.0
0.0;164.0;0.0;0.0
0.0;164.0;0.0;0.0
0.0;164.0;0.0;0.0
0.0;164.0;0.0;0.0
0.0;164.0;0.0;0.0
0.0;164.0;0.0;0.0
0.0;164.0;2.4;0.0
0.0;164.0;0.0;0.0
0.0;164.0;0.0;0.0
0.0;164.0;0.0;0.0
0.0;164.0;0.0;0.0
0.0;164.0;0.0;0.0
0.0;164.0;0.0;0.0
0.0;164.0;0.0;0.0
0.0;164.0;0.0;0.0
0.0;164.0;0.0;0.0
0.0;164.0;0.0;0.0
0.0;164.0;2.5;0.0
0.0;164.0;0.0;0.0
0.0;164.0;0.0;0.0
0.0;164.0;0.0;0.0
0.0;164.0;0.0;0.0
0.0;164.0;0.0;0.0
0.0;164.0;0.0;0.0
2.5;165.8;1.2;0.0
8.3;166.6;0.4;0.0
8.3;166.8;0.0;0.0
8.3;166.8;0.0;0.0
8.3;166.8;0.0;0.0
8.3;166.8;0.0;0.0
44.1;177.5;0.4;0.0
54.9;177.5;0.0;0.0
0.0;177.5;0.0;0.0
0.0;177.5;0.0;0.0
0.0;177.5;0.0;0.0
0.0;177.5;0.0;0.0
0.0;177.5;0.0;0.0
0.0;177.5;0.0;0.0
