6.7;57.8;32.1;0.0
6.6;70.5;25.3;0.0
7.5;68.5;22.8;0.0
7.5;78.4;25.0;0.0
6.7;87.7;39.3;0.0
7.5;98.2;45.2;0.0
19.1;114.0;33.4;0.0
90.7;128.9;35.9;0.0
7.5;135.0;17.2;0.0
5.0;148.4;34.0;0.0
0.0;148.4;0.0;0.0
0.0;148.4;0.0;0.0
0.0;148.4;0.0;0.0
0.0;148.4;0.0;0.0
0.0;148.4;0.0;0.0
0.0;148.4;0.0;0.0
0.0;148.4;0.8;0.0
0.0;148.7;1.0;0.0
0.0;148.7;0.0;0.0
0.0;148.7;0.0;0.0
0.0;148.7;0.4;0.0
0.0;148.7;0.0;0.0
0.0;148.7;0.0;0.0
0.0;148.7;0.0;0.0
0.0;148.7;0.0;0.0
0.0;148.7;0.0;0.0
0.0;148.7;0.0;0.0
0.0;148.7;2.1;0.0
0.0;148.7;0.0;0.0
0.0;148.7;0.0;0.0
0.0;148.7;0.0;0.0
0.0;148.7;0.0;0.0
0.0;148.7;0.0;0.0
0.0;148.7;0.0;0.0
0.0;148.7;0.0;0.0
0.0;148.7;0.0;0.0
0.0;148.7;0.0;0.0
0.0;148.7;0.0;0.0
0.0;148.7;2.5;0.0
0.0;148.7;0.0;0.0
0.0;148.7;0.0;0.0
0.0;148.7;0.0;0.0
3.3;151.1;1.4;0.0
8.3;151.4;0.0;0.0
8.3;151.6;0.0;0.0
8.3;151.6;0.0;0.0
8.3;151.6;0.0;0.0
8.3;154.3;0.0;0.0
79.9;180.3;0.4;0.0
18.3;180.3;0.0;0.0
0.0;180.3;0.0;0.0
0.0;180.3;0.0;0.0
0.0;180.3;0.0;0.0
0.0;180.3;0.0;0.0
0.0;180.3;0.0;0.0
0.0;180.3;1.8;0.0
0.0;180.3;0.0;0.0
0.0;180.3;0.0;0.0
0.0;180.3;0.0;0.0
0.0;180.3;0.4;0.0
