24.9;35.6;23.7;0.0
6.6;53.4;32.4;0.0
6.6;63.6;26.2;0.0
8.3;75.5;20.3;0.0
7.5;82.5;32.0;0.0
6.6;93.0;39.2;0.0
7.5;103.2;44.5;0.0
45.8;127.4;31.4;0.0
59.9;137.9;24.4;0.0
7.5;147.4;30.9;0.0
3.3;156.4;20.4;0.0
0.0;156.4;0.0;0.0
0.0;156.4;0.0;0.0
0.0;156.4;0.0;0.0
0.0;156.4;0.0;0.0
0.0;156.4;0.0;0.0
0.0;156.4;0.0;0.0
0.0;156.7;1.8;0.0
0.0;156.7;0.0;0.0
0.0;156.7;0.0;0.0
0.0;156.7;0.0;0.0
0.0;156.7;0.4;0.0
0.0;156.7;0.8;0.0
0.0;156.7;0.0;0.0
0.0;156.7;0.0;0.0
0.0;156.7;0.0;0.0
0.0;156.7;0.0;0.0
0.0;156.7;0.0;0.0
0.0;156.7;0.0;0.0
0.0;156.7;0.0;0.0
0.0;156.7;0.0;0.0
0.0;156.7;0.0;0.0
0.0;156.7;0.0;0.0
0.0;156.7;2.1;0.0
0.0;156.7;0.0;0.0
0.0;156.7;0.0;0.0
0.0;156.7;0.0;0.0
0.0;156.7;0.0;0.0
0.0;156.7;0.0;0.0
0.0;156.7;0.0;0.0
0.0;156.7;0.0;0.0
0.0;156.7;0.0;0.0
0.0;156.7;0.0;0.0
0.0;156.7;2.0;0.0
5.0;159.3;1.2;0.0
7.5;159.3;0.0;0.0
10.0;159.5;0.0;0.0
8.3;159.5;0.0;0.0
8.3;159.5;0.0;0.0
8.3;162.1;0.0;0.0
86.8;176.1;0.4;0.0
15.8;176.1;0.0;0.0
0.0;176.1;0.0;0.0
0.0;176.1;0.0;0.0
0.0;176.1;0.0;0.0
0.0;176.1;0.0;0.0
0.0;176.1;0.0;0.0
0.0;176.1;1.7;0.0
0.0;176.1;0.0;0.0
0.0;176.1;0.0;0.0
