6.6;60.2;33.3;0.0
8.3;73.3;26.2;0.0
6.6;80.8;21.8;0.0
8.3;89.9;26.2;0.0
5.8;100.1;42.1;0.0
8.3;110.4;43.7;0.0
33.0;131.5;36.4;0.0
74.9;142.7;29.2;0.0
7.5;150.3;22.8;0.0
4.1;161.7;28.4;0.0
0.0;161.7;0.0;0.0
0.0;161.7;0.0;0.0
0.0;161.7;0.0;0.0
0.0;161.7;0.0;0.0
0.0;161.7;0.0;0.0
0.0;161.7;0.0;0.0
0.0;161.7;0.0;0.0
0.0;161.8;1.8;0.0
0.0;161.8;0.0;0.0
0.0;161.8;0.0;0.0
0.0;161.8;1.1;0.0
0.0;161.8;0.0;0.0
0.0;161.8;0.0;0.0
0.0;161.8;0.0;0.0
0.0;161.8;0.0;0.0
0.0;161.8;0.0;0.0
0.0;161.8;0.0;0.0
0.0;161.8;0.0;0.0
0.0;161.8;0.0;0.0
0.0;161.8;0.0;0.0
0.0;161.8;0.0;0.0
0.0;161.8;0.0;0.0
0.0;161.8;2.1;0.0
0.0;161.8;0.0;0.0
0.0;161.8;0.0;0.0
0.0;161.8;0.0;0.0
0.0;161.8;0.0;0.0
0.0;161.8;0.0;0.0
0.0;161.8;0.0;0.0
0.0;161.8;0.0;0.0
0.0;161.8;0.0;0.0
0.0;161.8;0.0;0.0
0.0;161.8;2.2;0.0
0.0;161.8;0.0;0.0
0.0;161.8;0.0;0.0
0.0;161.8;0.0;0.0
5.8;164.3;1.1;0.0
8.3;164.3;0.0;0.0
8.3;164.5;0.0;0.0
8.3;164.5;0.0;0.0
8.3;164.5;0.0;0.0
11.7;169.1;0.1;0.0
90.6;169.1;0.3;0.0
0.0;169.1;0.0;0.0
0.0;169.1;0.0;0.0
0.0;169.1;0.0;0.0
0.0;169.1;0.0;0.0
0.0;169.1;0.0;0.0
0.0;169.1;0.0;0.0
0.8;169.1;1.8;0.0
