6.7;48.8;34.2;0.0
7.5;64.0;29.0;0.0
7.5;67.8;19.6;0.0
8.3;80.6;26.2;0.0
7.5;88.4;30.2;0.0
6.6;97.5;37.8;0.0
6.6;109.7;47.5;0.0
71.5;133.6;28.5;0.0
37.4;142.4;14.1;0.0
7.5;155.3;39.9;0.0
1.7;160.0;10.3;0.0
0.0;160.0;0.0;0.0
0.0;160.0;0.0;0.0
0.0;160.0;0.0;0.0
0.0;160.0;0.0;0.0
0.0;160.0;0.0;0.0
0.0;160.0;0.0;0.0
0.0;160.1;1.8;0.0
0.0;160.1;0.0;0.0
0.0;160.1;0.0;0.0
0.0;160.1;0.0;0.0
0.0;160.1;0.4;0.0
0.0;160.1;0.0;0.0
0.0;160.1;0.0;0.0
0.0;160.1;0.0;0.0
0.0;160.1;0.0;0.0
0.0;160.1;0.0;0.0
0.0;160.1;0.0;0.0
0.0;160.1;2.1;0.0
0.0;160.1;0.0;0.0
0.0;160.1;0.0;0.0
0.0;160.1;0.0;0.0
0.0;160.1;0.0;0.0
0.0;160.1;0.0;0.0
0.0;160.1;0.0;0.0
0.0;160.1;0.0;0.0
0.0;160.1;0.0;0.0
0.0;160.1;0.0;0.0
0.0;160.1;0.0;0.0
0.8;160.1;2.8;0.0
0.0;160.1;0.0;0.0
0.0;160.1;0.0;0.0
0.0;160.1;0.0;0.0
6.6;162.7;1.5;0.0
8.3;162.7;0.0;0.0
8.3;162.7;0.0;0.0
8.3;162.7;0.0;0.0
9.1;162.7;0.0;0.0
8.3;165.4;0.0;0.0
90.7;175.4;0.4;0.0
6.6;175.4;0.0;0.0
0.0;175.4;0.0;0.0
0.0;175.4;0.0;0.0
0.0;175.4;0.0;0.0
0.0;175.4;0.0;0.0
0.0;175.4;0.0;0.0
0.0;175.4;1.7;0.0
0.0;175.4;0.0;0.0
0.0;175.4;0.0;0.0
0.0;175.4;0.0;0.0
