5.8;51.9;31.7;0.0
8.3;65.6;27.5;0.0
6.6;69.4;23.2;0.0
8.3;80.3;25.8;0.0
5.8;89.0;34.9;0.0
6.6;97.3;40.4;0.0
7.5;107.8;36.9;0.0
96.5;131.3;41.0;0.0
14.1;138.3;10.4;0.0
6.6;152.2;41.4;0.0
0.0;152.2;0.0;0.0
0.0;152.2;0.0;0.0
0.0;152.2;0.0;0.0
0.0;152.2;0.0;0.0
0.0;152.2;0.0;0.0
0.0;152.2;0.0;0.0
0.0;152.2;0.0;0.0
0.0;152.3;1.6;0.0
0.0;152.3;0.0;0.0
0.0;152.3;0.0;0.0
0.0;152.3;0.0;0.0
0.0;152.3;0.4;0.0
0.0;152.3;0.0;0.0
0.0;152.3;0.0;0.0
0.0;152.3;0.0;0.0
0.0;152.3;0.0;0.0
0.0;152.3;0.0;0.0
0.0;152.3;0.0;0.0
0.0;152.3;2.0;0.0
0.0;152.3;0.0;0.0
0.0;152.3;0.0;0.0
0.0;152.3;0.0;0.0
0.0;152.3;0.0;0.0
0.0;152.3;0.0;0.0
0.0;152.3;0.0;0.0
0.0;152.3;0.0;0.0
0.0;152.3;0.0;0.0
0.0;152.3;0.0;0.0
0.0;152.3;0.0;0.0
0.0;152.3;2.6;0.0
0.0;152.3;0.0;0.0
0.0;152.3;0.0;0.0
0.0;152.3;0.0;0.0
0.0;152.3;0.0;0.0
0.0;152.3;0.0;0.0
0.0;152.3;0.0;0.0
0.0;152.3;0.0;0.0
7.5;154.9;1.1;0.0
8.3;155.1;0.0;0.0
8.3;155.1;0.0;0.0
8.3;155.1;0.0;0.0
8.3;155.1;0.0;0.0
38.3;165.7;0.4;0.0
59.8;165.7;0.0;0.0
0.0;165.7;0.0;0.0
0.0;165.7;0.0;0.0
0.0;165.7;0.0;0.0
0.0;165.7;0.0;0.0
0.0;165.7;0.0;0.0
0.0;165.7;0.0;0.0
