10.0;47.2;31.3;0.0
9.1;61.5;27.9;0.0
6.6;69.6;25.8;0.0
7.5;82.4;26.2;0.0
7.5;90.5;32.8;0.0
6.7;99.5;38.2;0.0
7.5;111.4;44.5;0.0
77.4;132.4;30.6;0.0
32.4;141.4;14.0;0.0
7.5;155.6;42.7;0.0
1.7;157.9;5.5;0.0
0.0;157.9;0.0;0.0
0.0;157.9;0.0;0.0
0.0;157.9;0.0;0.0
0.0;157.9;0.0;0.0
0.0;157.9;0.0;0.0
0.0;157.9;0.0;0.0
0.0;158.2;1.8;0.0
0.0;158.2;0.0;0.0
0.0;158.2;0.0;0.0
0.0;158.2;0.0;0.0
0.0;158.2;0.4;0.0
0.0;158.2;0.0;0.0
0.0;158.2;0.0;0.0
0.0;158.2;0.0;0.0
0.0;158.2;0.0;0.0
0.0;158.2;0.0;0.0
0.0;158.2;0.0;0.0
0.0;158.2;2.1;0.0
0.0;158.2;0.0;0.0
0.0;158.2;0.0;0.0
0.0;158.2;0.0;0.0
0.0;158.2;0.0;0.0
0.0;158.2;0.0;0.0
0.0;158.2;0.0;0.0
0.0;158.2;0.0;0.0
0.0;158.2;0.0;0.0
0.0;158.2;0.0;0.0
0.0;158.2;0.0;0.0
0.8;158.2;3.1;0.0
0.0;158.2;0.0;0.0
0.0;158.2;0.0;0.0
0.0;158.2;0.0;0.0
7.5;160.8;1.2;0.0
8.3;160.8;0.0;0.0
8.3;161.0;0.0;0.0
8.3;161.0;0.0;0.0
8.3;161.0;0.0;0.0
8.3;161.6;0.0;0.0
70.7;173.8;0.4;0.0
37.4;173.8;0.0;0.0
0.0;173.8;0.0;0.0
0.0;173.8;0.0;0.0
0.0;173.8;0.0;0.0
0.0;173.8;0.0;0.0
0.0;173.8;0.0;0.0
0.0;173.8;0.0;0.0
0.0;173.8;1.7;0.0
0.0;173.8;0.0;0.0
0.0;173.8;0.0;0.0
