6.7;56.4;32.8;0.0
7.5;68.2;24.7;0.0
5.8;72.8;21.8;0.0
9.2;80.3;24.2;0.0
5.8;90.2;39.9;0.0
6.7;100.4;43.6;0.0
19.1;121.6;34.7;0.0
90.7;134.6;33.8;0.0
8.3;140.9;10.0;0.0
5.8;154.3;41.2;0.0
0.0;154.3;0.0;0.0
0.0;154.3;0.0;0.0
0.0;154.3;0.0;0.0
0.0;154.3;0.0;0.0
0.0;154.3;0.0;0.0
0.0;154.3;0.0;0.0
0.0;154.3;0.0;0.0
0.0;154.6;1.7;0.0
0.0;154.6;0.0;0.0
0.0;154.6;0.0;0.0
0.0;154.6;0.4;0.0
0.0;154.6;0.0;0.0
0.0;154.6;0.0;0.0
0.0;154.6;0.0;0.0
0.0;154.6;0.0;0.0
0.0;154.6;0.0;0.0
0.0;154.6;0.0;0.0
0.0;154.6;0.0;0.0
0.0;154.6;2.0;0.0
0.0;154.6;0.0;0.0
0.0;154.6;0.0;0.0
0.0;154.6;0.0;0.0
0.0;154.6;0.0;0.0
0.0;154.6;0.0;0.0
0.0;154.6;0.0;0.0
0.0;154.6;0.0;0.0
0.0;154.6;0.0;0.0
0.0;154.6;0.0;0.0
0.0;154.6;0.0;0.0
0.0;154.6;2.6;0.0
0.0;154.6;0.0;0.0
0.0;154.6;0.0;0.0
1.7;156.4;1.0;0.0
8.3;157.4;0.4;0.0
8.3;157.4;0.0;0.0
8.3;157.4;0.0;0.0
8.3;157.4;0.0;0.0
8.3;157.4;0.0;0.0
52.4;168.2;0.3;0.0
49.0;168.2;0.1;0.0
0.0;168.2;0.0;0.0
0.0;168.2;0.0;0.0
0.0;168.2;0.0;0.0
0.0;168.2;0.0;0.0
0.0;168.2;0.0;0.0
0.0;168.2;0.0;0.0
0.0;168.2;1.8;0.0
0.0;168.2;0.0;0.0
0.0;168.2;0.0;0.0
0.0;168.2;0.0;0.0
