12.5;44.9;29.4;0.0
7.5;59.9;31.6;0.0
6.6;68.6;26.6;0.0
9.1;80.6;27.7;0.0
6.7;90.5;42.1;0.0
7.5;100.9;44.3;0.0
17.5;120.4;32.4;0.0
91.5;134.7;35.0;0.0
8.3;141.2;16.0;0.0
5.0;154.6;35.0;0.0
0.0;154.6;0.0;0.0
0.0;154.6;0.0;0.0
0.0;154.6;0.0;0.0
0.0;154.6;0.0;0.0
0.0;154.6;0.0;0.0
0.0;154.6;0.0;0.0
0.0;154.6;0.0;0.0
0.0;154.9;1.7;0.0
0.0;154.9;0.0;0.0
0.0;154.9;0.0;0.0
0.0;154.9;0.4;0.0
0.0;154.9;0.0;0.0
0.0;154.9;0.0;0.0
0.0;154.9;0.0;0.0
0.0;154.9;0.0;0.0
0.0;154.9;0.0;0.0
0.0;154.9;0.0;0.0
0.0;154.9;0.0;0.0
0.0;154.9;2.1;0.0
0.0;154.9;0.0;0.0
0.0;154.9;0.0;0.0
1.7;157.3;1.4;0.0
8.3;157.5;0.0;0.0
5.0;157.7;2.4;0.0
7.5;158.1;3.9;0.0
8.3;158.1;0.0;0.0
8.3;158.1;0.0;0.0
8.3;158.1;0.0;0.0
8.3;158.1;0.0;0.0
8.3;158.1;0.0;0.0
8.3;158.1;0.0;0.0
8.3;158.1;0.0;0.0
8.3;158.1;0.0;0.0
8.3;158.1;0.0;0.0
8.3;158.1;0.0;0.0
8.3;158.1;0.0;0.0
3.3;158.4;3.1;0.0
5.0;159.4;4.2;0.0
0.0;159.4;0.0;0.0
0.0;159.4;0.0;0.0
0.0;159.4;0.0;0.0
0.0;159.4;0.0;0.0
0.0;159.4;0.0;0.0
0.8;159.4;1.8;0.0
0.0;159.4;0.0;0.0
0.0;159.4;0.0;0.0
0.0;159.4;0.0;0.0
0.0;159.4;0.4;0.0
0.0;159.4;0.0;0.0
0.0;159.4;0.0;0.0
