13.3;47.7;33.9;0.0
8.3;63.7;33.3;0.0
6.6;71.7;24.1;0.0
9.1;81.2;25.2;0.0
5.0;91.4;43.7;0.0
7.5;101.8;44.7;0.0
36.6;125.1;36.5;0.0
72.3;136.1;28.3;0.0
8.3;143.7;22.8;0.0
3.3;155.1;28.2;0.0
0.0;155.1;0.0;0.0
0.0;155.1;0.0;0.0
0.0;155.1;0.0;0.0
0.0;155.1;0.0;0.0
0.0;155.1;0.0;0.0
0.0;155.1;0.0;0.0
0.0;155.3;1.8;0.0
0.0;155.3;0.0;0.0
0.0;155.3;0.0;0.0
0.0;155.3;0.0;0.0
0.0;155.3;0.4;0.0
0.0;155.3;0.0;0.0
0.0;155.3;0.0;0.0
0.0;155.3;0.0;0.0
0.0;155.3;0.0;0.0
0.0;155.3;0.0;0.0
0.0;155.3;0.0;0.0
0.0;155.3;2.5;0.0
0.0;155.3;0.0;0.0
0.0;155.3;0.0;0.0
0.0;155.3;0.0;0.0
0.0;155.3;0.0;0.0
0.0;155.3;0.0;0.0
0.0;155.3;0.0;0.0
0.0;155.3;0.0;0.0
5.0;157.8;1.4;0.0
8.3;158.0;0.0;0.0
3.3;158.5;6.5;0.0
8.3;158.7;0.0;0.0
8.3;158.7;0.0;0.0
8.3;158.7;0.0;0.0
8.3;158.7;0.0;0.0
8.3;158.7;0.0;0.0
7.5;158.7;0.0;0.0
9.2;158.7;0.0;0.0
8.3;158.7;0.0;0.0
8.3;158.7;0.0;0.0
8.3;158.7;0.0;0.0
8.3;158.7;0.0;0.0
3.3;158.8;3.1;0.0
4.1;159.8;4.3;0.0
0.0;159.8;0.0;0.0
0.0;159.8;0.0;0.0
0.0;159.8;0.0;0.0
0.0;159.8;0.0;0.0
0.0;159.8;0.0;0.0
0.0;159.8;1.7;0.0
0.0;159.8;0.0;0.0
0.0;159.8;0.0;0.0
0.0;159.8;0.0;0.0
