7.5;53.7;32.1;0.0
8.3;65.0;26.8;0.0
6.6;76.8;21.3;0.0
7.5;85.1;36.2;0.0
7.5;95.8;39.8;0.0
7.5;107.6;46.1;0.0
52.4;129.7;28.0;0.0
54.9;139.3;21.6;0.0
6.6;148.9;30.1;0.0
2.5;158.1;20.9;0.0
0.0;158.1;0.0;0.0
0.0;158.1;0.0;0.0
0.0;158.1;0.0;0.0
0.0;158.1;0.0;0.0
0.0;158.1;0.0;0.0
0.0;158.1;0.0;0.0
0.0;158.4;1.8;0.0
0.0;158.4;0.0;0.0
0.0;158.4;0.0;0.0
0.0;158.4;0.0;0.0
0.8;158.4;1.1;0.0
0.0;158.4;0.0;0.0
0.0;158.4;0.0;0.0
0.0;158.4;0.0;0.0
0.0;158.4;0.0;0.0
0.0;158.4;0.0;0.0
0.0;158.4;0.0;0.0
0.0;158.4;0.0;0.0
0.0;158.4;0.0;0.0
0.0;158.4;0.0;0.0
0.0;158.4;0.0;0.0
4.2;160.8;3.0;0.0
8.3;161.2;0.0;0.0
1.7;161.2;2.4;8.0
0.0;161.2;0.0;0.0
0.0;161.2;0.0;0.0
7.5;161.6;3.8;0.0
8.3;161.6;0.0;0.0
8.3;161.6;0.0;0.0
8.3;161.6;0.0;0.0
8.3;161.6;0.0;0.0
8.3;161.6;0.0;0.0
8.3;161.6;0.0;0.0
8.3;161.6;0.0;0.0
8.3;161.6;0.0;0.0
8.3;161.6;0.0;0.0
8.3;161.6;0.0;0.0
6.6;161.9;1.3;0.0
3.3;162.3;5.8;0.0
1.7;162.9;0.0;0.0
0.0;162.9;0.0;0.0
0.0;162.9;0.0;0.0
0.0;162.9;0.0;0.0
0.0;162.9;0.0;0.0
0.0;162.9;0.0;0.0
0.0;162.9;1.8;0.0
0.0;162.9;0.0;0.0
0.0;162.9;0.0;0.0
0.8;162.9;0.4;0.0
0.0;162.9;0.0;0.0
