6.6;59.3;34.5;0.0
7.5;61.8;30.8;0.0
8.3;75.8;29.4;0.0
7.5;83.9;31.0;0.0
6.6;93.9;44.0;0.0
8.3;105.3;41.3;0.0
97.4;125.4;34.2;0.0
12.5;135.4;16.6;0.0
7.5;149.7;41.4;0.0
0.0;149.7;0.0;0.0
0.0;149.7;0.0;0.0
0.0;149.7;0.0;0.0
0.0;149.7;0.0;0.0
0.0;149.7;0.0;0.0
0.0;149.7;0.0;0.0
0.0;149.7;0.0;0.0
0.0;150.1;1.6;0.0
0.0;150.1;0.0;0.0
0.0;150.1;0.0;0.0
0.0;150.1;0.0;0.0
0.0;150.1;1.0;0.0
0.0;150.1;0.0;0.0
0.0;150.1;0.0;0.0
0.0;150.1;0.0;0.0
0.0;150.1;0.0;0.0
0.0;150.1;0.0;0.0
0.0;150.1;0.0;0.0
0.0;150.1;0.0;0.0
0.0;150.1;0.0;0.0
0.0;150.1;0.0;0.0
0.0;150.1;0.0;0.0
3.3;152.6;2.8;0.0
7.5;152.7;0.0;0.0
4.2;153.3;6.2;0.0
8.3;153.5;0.0;0.0
9.1;153.5;0.0;0.0
8.3;153.5;0.0;0.0
8.3;153.5;0.0;0.0
8.3;153.5;0.0;0.0
8.3;153.5;0.0;0.0
8.3;153.5;0.0;0.0
8.3;153.5;0.0;0.0
8.3;153.5;0.0;0.0
8.3;153.5;0.0;0.0
8.3;153.5;0.0;0.0
4.2;153.7;3.1;0.0
6.6;154.7;4.4;0.0
0.0;154.7;0.0;0.0
0.0;154.7;0.0;0.0
0.0;154.7;0.0;0.0
0.0;154.7;0.0;0.0
0.0;154.7;0.0;0.0
0.0;154.7;1.8;0.0
0.0;154.7;0.0;0.0
0.0;154.7;0.0;0.0
0.0;154.7;0.0;0.0
0.0;154.7;0.4;0.0
0.0;154.7;0.0;0.0
0.0;154.7;0.0;0.0
0.0;154.7;0.0;0.0
