7.5;53.9;35.9;0.0
7.5;66.9;28.8;0.0
7.5;73.3;20.9;0.0
7.5;81.9;35.4;0.0
6.6;93.0;41.0;0.0
8.3;104.9;47.9;0.0
61.6;127.6;36.7;0.0
47.4;136.0;13.9;0.0
8.3;150.6;43.7;0.0
0.8;153.2;6.3;0.0
0.0;153.2;0.0;0.0
0.0;153.2;0.0;0.0
0.0;153.2;0.0;0.0
0.0;153.2;0.0;0.0
0.0;153.2;0.0;0.0
0.0;153.2;0.0;0.0
0.0;153.5;1.8;0.0
0.0;153.5;0.0;0.0
0.0;153.5;0.0;0.0
0.0;153.5;0.0;0.0
0.0;153.5;1.1;0.0
0.0;153.5;0.0;0.0
0.0;153.5;0.0;0.0
0.0;153.5;0.0;0.0
0.0;153.5;0.0;0.0
0.0;153.5;0.0;0.0
0.0;153.5;0.0;0.0
0.0;153.5;0.0;0.0
0.0;153.5;0.0;0.0
0.0;153.5;0.0;0.0
0.0;153.5;0.0;0.0
5.0;155.9;2.9;0.0
8.3;156.2;0.0;0.0
3.3;156.6;6.2;0.0
8.3;156.8;0.0;0.0
8.3;156.8;0.0;0.0
8.3;156.8;0.0;0.0
9.1;156.8;0.0;0.0
8.3;156.8;0.0;0.0
8.3;156.8;0.0;0.0
8.3;156.8;0.0;0.0
8.3;156.8;0.0;0.0
8.3;156.8;0.0;0.0
8.3;156.8;0.0;0.0
8.3;156.8;0.0;0.0
5.0;157.5;7.3;0.0
4.2;157.9;0.0;0.0
0.0;157.9;0.0;0.0
0.0;157.9;0.0;0.0
0.0;157.9;0.0;0.0
0.0;157.9;0.0;0.0
0.0;157.9;0.0;0.0
0.0;157.9;1.8;0.0
0.0;157.9;0.0;0.0
0.0;157.9;0.0;0.0
0.0;157.9;0.0;0.0
0.0;157.9;0.4;0.0
0.0;157.9;0.0;0.0
0.0;157.9;0.0;0.0
0.0;157.9;0.0;0.0
