6.6;53.6;37.2;0.0
8.3;66.9;29.0;0.0
7.5;75.5;21.0;0.0
6.6;85.0;38.8;0.0
7.5;96.7;44.8;0.0
6.6;109.3;48.7;0.0
87.4;135.2;41.6;0.0
24.1;141.5;9.8;0.0
6.6;155.4;41.2;0.0
0.0;155.4;0.0;0.0
0.0;155.4;0.0;0.0
0.0;155.4;0.0;0.0
0.0;155.4;0.0;0.0
0.0;155.4;0.0;0.0
0.0;155.4;0.0;0.0
0.0;155.4;0.0;0.0
0.0;155.5;1.8;0.0
0.0;155.5;0.0;0.0
0.0;155.5;0.0;0.0
0.0;155.5;0.4;0.0
0.0;155.5;0.7;0.0
0.0;155.5;0.0;0.0
0.0;155.5;0.0;0.0
0.0;155.5;0.0;0.0
0.0;155.5;0.0;0.0
0.0;155.5;0.0;0.0
0.0;155.5;0.0;0.0
0.0;155.5;0.0;0.0
0.0;155.5;0.0;0.0
0.0;155.5;0.0;0.0
0.0;155.5;0.0;0.0
5.0;157.8;2.9;0.0
8.3;158.1;0.0;0.0
5.0;158.5;6.5;0.0
8.3;158.7;0.0;0.0
8.3;158.7;0.0;0.0
8.3;158.7;0.0;0.0
8.3;158.7;0.0;0.0
8.3;158.7;0.0;0.0
8.3;158.7;0.0;0.0
7.5;158.7;0.0;0.0
8.3;158.7;0.0;0.0
8.3;158.7;0.0;0.0
8.3;158.7;0.0;0.0
8.3;158.7;0.0;0.0
8.3;158.7;0.0;0.0
4.1;159.5;7.2;0.0
2.5;159.9;0.0;0.0
0.0;159.9;0.0;0.0
0.0;159.9;0.0;0.0
0.0;159.9;0.0;0.0
0.0;159.9;0.0;0.0
0.0;159.9;0.0;0.0
0.0;159.9;1.8;0.0
0.0;159.9;0.0;0.0
0.0;159.9;0.0;0.0
0.0;159.9;0.0;0.0
0.0;159.9;0.4;0.0
0.0;159.9;0.0;0.0
0.0;159.9;0.0;0.0
