8.3;65.2;33.6;0.0
6.7;74.8;26.7;0.0
8.3;88.1;28.0;0.0
6.6;96.0;29.4;0.0
7.5;107.0;42.2;0.0
6.6;119.7;49.5;0.0
74.0;142.4;30.6;0.0
34.9;151.2;13.4;0.0
8.3;165.3;42.1;0.0
0.8;168.1;6.6;0.0
0.0;168.1;0.0;0.0
0.0;168.1;0.0;0.0
0.0;168.1;0.0;0.0
0.0;168.1;0.0;0.0
0.0;168.1;0.0;0.0
0.0;168.1;0.0;0.0
0.0;168.2;1.8;0.0
0.0;168.2;0.0;0.0
0.0;168.2;0.0;0.0
0.0;168.2;0.0;0.0
0.0;168.2;0.4;0.0
0.0;168.2;0.0;0.0
0.0;168.2;0.0;0.0
0.0;168.2;0.0;0.0
0.0;168.2;0.0;0.0
0.0;168.2;0.0;0.0
0.0;168.2;0.0;0.0
0.0;168.2;2.3;0.0
0.0;168.2;0.0;0.0
0.0;168.2;0.0;0.0
0.0;168.2;0.0;0.0
5.8;170.6;1.4;0.0
8.3;170.8;0.0;0.0
4.2;171.3;6.3;0.0
8.3;171.5;0.0;0.0
8.3;171.5;0.0;0.0
8.3;171.5;0.0;0.0
8.3;171.5;0.0;0.0
8.3;171.5;0.0;0.0
8.3;171.5;0.0;0.0
8.3;171.5;0.0;0.0
8.3;171.5;0.0;0.0
8.3;171.5;0.0;0.0
8.3;171.5;0.0;0.0
8.3;171.5;0.0;0.0
8.3;171.5;0.0;0.0
4.2;172.3;6.9;0.0
2.5;172.7;0.0;0.0
0.0;172.7;0.0;0.0
0.0;172.7;0.0;0.0
0.0;172.7;0.0;0.0
0.0;172.7;0.0;0.0
0.0;172.7;0.0;0.0
0.0;172.7;1.8;0.0
0.0;172.7;0.0;0.0
0.0;172.7;0.0;0.0
0.0;172.7;0.0;0.0
0.0;172.7;0.4;0.0
0.0;172.7;0.0;0.0
0.0;172.7;0.0;0.0
