7.5;57.5;35.3;0.0
7.5;69.5;28.6;0.0
7.5;77.1;24.3;0.0
8.3;87.0;36.9;0.0
6.7;96.9;43.4;0.0
7.5;109.1;45.7;0.0
84.4;133.0;38.2;0.0
23.3;141.6;13.2;0.0
6.6;155.4;41.3;0.0
0.0;155.4;0.0;0.0
0.0;155.4;0.0;0.0
0.0;155.4;0.0;0.0
0.0;155.4;0.0;0.0
0.0;155.4;0.0;0.0
0.0;155.4;0.0;0.0
0.0;155.4;0.0;0.0
0.0;155.7;1.7;0.0
0.0;155.7;0.0;0.0
0.0;155.7;0.0;0.0
0.0;155.7;0.0;0.0
0.0;155.7;1.1;0.0
0.0;155.7;0.0;0.0
0.0;155.7;0.0;0.0
0.0;155.7;0.0;0.0
0.0;155.7;0.0;0.0
0.0;155.7;0.0;0.0
0.0;155.7;0.0;0.0
0.0;155.7;0.0;0.0
0.0;155.7;0.0;0.0
0.0;155.7;0.0;0.0
0.0;155.7;0.7;0.0
0.0;155.7;1.5;0.0
0.0;155.7;0.0;0.0
0.0;155.7;0.0;0.0
3.3;158.2;1.0;0.0
8.3;158.4;0.0;0.0
4.2;158.8;6.2;0.0
8.3;159.0;0.0;0.0
8.3;159.0;0.0;0.0
8.3;159.0;0.0;0.0
8.3;159.0;0.0;0.0
8.3;159.0;0.0;0.0
8.3;159.0;0.0;0.0
8.3;159.0;0.0;0.0
8.3;159.0;0.0;0.0
8.3;159.0;0.0;0.0
8.3;159.0;0.0;0.0
8.3;159.0;0.0;0.0
8.3;159.0;0.0;0.0
4.2;159.8;7.2;0.0
3.3;160.2;0.0;0.0
0.0;160.2;0.0;0.0
0.0;160.2;0.0;0.0
0.0;160.2;0.0;0.0
0.0;160.2;0.0;0.0
0.0;160.2;0.0;0.0
0.0;160.2;1.8;0.0
0.0;160.2;0.0;0.0
0.0;160.2;0.0;0.0
0.0;160.2;0.0;0.0
