7.5;57.4;34.5;0.0
7.5;66.4;30.8;0.0
8.3;80.9;29.8;0.0
7.5;89.3;33.0;0.0
6.6;100.9;48.0;0.0
12.5;121.0;37.1;0.0
94.8;136.3;39.0;0.0
8.3;142.8;9.8;0.0
5.0;156.3;41.3;0.0
0.0;156.3;0.0;0.0
0.0;156.3;0.0;0.0
0.0;156.3;0.0;0.0
0.0;156.3;0.0;0.0
0.0;156.3;0.0;0.0
0.0;156.3;0.0;0.0
0.0;156.3;0.0;0.0
0.8;156.5;1.8;0.0
0.0;156.5;0.0;0.0
0.0;156.5;0.0;0.0
0.0;156.5;0.4;0.0
0.0;156.5;0.0;0.0
0.0;156.5;0.0;0.0
0.0;156.5;0.0;0.0
0.0;156.5;0.0;0.0
0.0;156.5;0.0;0.0
0.0;156.5;0.0;0.0
0.0;156.5;0.0;0.0
0.0;156.5;2.4;0.0
0.0;156.5;0.0;0.0
0.0;156.5;0.0;0.0
0.0;157.1;1.0;0.0
8.3;159.0;0.4;0.0
5.8;159.3;0.6;0.0
5.8;159.7;5.8;0.0
8.3;159.7;0.0;0.0
8.3;159.7;0.0;0.0
8.3;159.7;0.0;0.0
8.3;159.7;0.0;0.0
8.3;159.7;0.0;0.0
8.3;159.7;0.0;0.0
8.3;159.7;0.0;0.0
9.2;159.7;0.0;0.0
7.5;159.7;0.0;0.0
8.3;159.7;0.0;0.0
8.3;159.7;0.0;0.0
4.2;160.5;7.1;0.0
3.3;161.0;0.0;0.0
0.0;161.0;0.0;0.0
0.0;161.0;0.0;0.0
0.0;161.0;0.0;0.0
0.0;161.0;0.0;0.0
0.0;161.0;0.0;0.0
0.0;161.0;1.6;0.0
0.0;161.0;0.0;0.0
0.0;161.0;0.0;0.0
0.0;161.0;0.0;0.0
0.0;161.0;0.4;0.0
0.0;161.0;0.0;0.0
0.0;161.0;0.0;0.0
0.0;161.0;0.0;0.0
