7.5;53.8;25.1;0.0
8.3;59.4;9.2;0.0
8.3;65.1;13.2;0.0
8.3;66.9;4.0;0.0
1.7;67.5;1.6;0.0
5.8;69.5;6.8;0.0
7.5;70.5;9.8;0.0
8.3;75.7;6.0;0.0
8.3;81.8;19.1;0.0
8.3;84.5;10.5;0.0
6.6;91.8;27.3;0.0
7.5;96.8;23.0;0.0
7.5;103.6;27.8;0.0
8.3;108.6;17.7;0.0
30.8;120.7;12.8;0.0
79.7;126.2;11.6;0.0
7.5;135.6;26.4;0.0
8.3;139.7;6.2;0.0
7.5;145.6;23.1;0.0
5.8;155.2;21.9;0.0
0.0;155.2;0.0;0.0
0.0;155.2;0.0;0.0
0.0;155.2;0.0;0.0
0.0;155.2;0.0;0.0
0.0;155.2;0.0;0.0
0.0;155.4;1.7;0.0
0.0;155.4;0.0;0.0
0.0;155.4;0.4;0.0
0.0;155.4;0.0;0.0
0.0;155.4;0.0;0.0
0.0;155.4;0.0;0.0
0.0;155.4;0.0;0.0
0.0;155.4;0.0;0.0
0.0;155.4;0.0;0.0
0.0;155.4;0.0;0.0
0.0;155.4;0.0;0.0
0.0;155.4;0.0;0.0
0.0;155.4;0.4;0.0
0.8;155.4;3.5;0.0
0.0;155.4;0.0;0.0
0.0;155.4;0.0;0.0
0.0;155.4;0.0;0.0
0.0;155.4;0.0;0.0
0.0;155.4;0.0;0.0
0.0;155.4;0.0;0.0
0.0;155.4;0.0;0.0
0.0;155.4;0.0;0.0
0.0;155.4;0.4;0.0
0.0;155.4;0.0;0.0
0.0;155.4;0.0;0.0
0.0;155.4;0.0;0.0
4.2;157.7;1.0;0.0
8.3;157.7;0.0;0.0
8.3;157.9;0.0;0.0
8.3;158.0;0.0;0.0
8.3;158.0;0.0;0.0
8.3;158.0;0.0;0.0
8.3;158.0;0.0;0.0
7.5;158.6;0.3;0.0
0.0;158.6;2.0;0.0
