6.6;44.7;17.5;0.0
7.5;53.9;21.4;0.0
8.3;60.4;14.2;0.0
8.3;65.8;14.2;0.0
6.6;71.1;13.2;0.0
8.3;79.3;21.3;0.0
8.3;82.6;17.4;0.0
5.0;84.2;6.0;0.0
5.0;86.6;5.4;0.0
6.6;91.7;22.6;0.0
8.3;98.0;29.2;0.0
6.6;106.5;30.4;0.0
44.6;119.8;15.9;0.0
64.8;123.3;12.3;0.0
7.5;130.4;17.9;0.0
8.3;131.8;0.0;0.0
8.3;134.9;5.8;0.0
7.5;138.2;15.0;0.0
8.3;148.7;26.5;0.0
1.7;150.4;3.6;0.0
0.0;150.4;0.3;0.0
0.0;150.4;0.0;0.0
0.0;150.4;0.0;0.0
0.0;150.4;0.0;0.0
0.0;150.4;0.0;0.0
0.0;150.4;0.0;0.0
0.0;150.4;0.0;0.0
0.0;150.4;0.0;0.0
0.0;150.4;0.0;0.0
0.0;150.4;0.0;0.0
0.0;150.4;0.0;0.0
0.0;150.4;0.0;0.0
0.0;150.4;0.0;0.0
0.0;150.4;0.0;0.0
0.0;150.4;0.0;0.0
0.0;150.4;0.0;0.0
0.0;150.4;0.0;0.0
0.0;150.4;0.0;0.0
0.0;150.4;0.0;0.0
0.0;150.4;0.0;0.0
0.0;150.4;0.0;0.0
0.0;150.4;0.8;0.0
0.0;150.4;0.0;0.0
0.0;150.4;0.0;0.0
0.0;150.4;0.0;0.0
0.0;150.4;0.0;0.0
0.0;150.4;0.0;0.0
0.0;150.8;1.1;0.0
0.0;150.8;0.0;0.0
0.0;150.8;0.0;0.0
0.0;150.8;0.0;0.0
0.0;150.8;0.0;0.0
0.0;150.8;0.0;0.0
0.0;150.8;0.0;0.0
0.0;150.8;0.0;0.0
0.0;150.8;0.0;0.0
0.0;150.8;0.0;0.0
0.0;150.8;0.0;0.0
0.0;150.8;0.0;0.0
0.0;150.8;0.0;0.0
