7.5;36.4;16.2;0.0
7.5;45.5;12.6;0.0
8.3;55.2;23.1;0.0
8.3;63.3;17.4;0.0
6.6;60.7;12.9;0.0
7.5;68.1;12.0;0.0
8.3;73.7;13.6;0.0
8.3;78.0;11.4;0.0
6.6;83.7;23.7;0.0
8.3;89.7;27.6;0.0
8.3;97.1;27.8;0.0
7.5;103.9;29.4;0.0
31.2;115.3;9.2;0.0
76.4;121.5;14.1;0.0
8.3;130.1;22.0;0.0
8.3;132.9;1.4;0.0
7.5;138.1;21.0;0.0
5.8;149.9;28.6;0.0
0.0;149.9;0.3;0.0
0.0;149.9;0.0;0.0
0.0;149.9;0.0;0.0
0.0;149.9;0.0;0.0
0.0;149.9;0.0;0.0
0.0;149.9;0.0;0.0
0.0;149.9;0.0;0.0
0.0;150.0;1.6;0.0
0.0;150.0;0.0;0.0
0.0;150.0;0.0;0.0
0.0;150.0;0.2;0.0
0.0;150.0;0.0;0.0
0.0;150.0;0.0;0.0
0.0;150.0;0.0;0.0
0.0;150.0;0.0;0.0
0.0;150.0;0.9;0.0
0.0;150.0;0.0;0.0
0.0;150.0;0.0;0.0
0.0;150.0;0.0;0.0
0.0;150.0;0.0;0.0
0.0;150.0;0.0;0.0
0.0;150.0;0.0;0.0
0.0;150.0;0.0;0.0
0.0;150.0;0.0;0.0
0.8;150.0;1.8;0.0
0.0;150.0;0.0;0.0
0.0;150.0;0.0;0.0
0.0;150.0;0.0;0.0
0.0;150.0;0.0;0.0
0.0;150.0;0.0;0.0
0.0;150.0;0.7;0.0
0.0;150.0;0.0;0.0
0.0;150.0;0.0;0.0
0.0;150.0;0.0;0.0
0.0;150.0;0.0;0.0
0.0;150.0;0.0;0.0
0.0;150.0;0.0;0.0
0.0;150.0;0.0;0.0
0.0;150.0;0.0;0.0
0.0;150.0;0.0;0.0
0.0;150.0;0.0;0.0
0.0;150.0;0.0;0.0
