6.6;55.8;35.2;0.0
8.3;69.4;27.2;0.0
6.7;77.4;22.6;0.0
8.3;86.3;28.8;0.0
5.8;97.7;47.7;0.0
7.5;107.9;44.5;0.0
54.9;134.6;32.6;0.0
54.9;144.9;23.4;0.0
7.5;155.5;34.3;0.0
2.5;163.3;16.5;0.0
0.0;163.3;0.0;0.0
0.0;163.3;0.0;0.0
0.0;163.3;0.0;0.0
0.0;163.3;0.0;0.0
0.0;163.3;0.0;0.0
0.0;163.3;0.0;0.0
0.8;163.6;1.7;0.0
0.0;163.6;0.0;0.0
0.0;163.6;0.0;0.0
0.0;163.6;0.0;0.0
0.0;163.6;0.4;0.0
0.0;163.6;0.0;0.0
0.0;163.6;0.0;0.0
0.0;163.6;0.0;0.0
0.0;163.6;0.0;0.0
0.0;163.6;0.0;0.0
0.0;163.6;0.0;0.0
0.8;163.6;2.5;0.0
0.0;163.6;0.0;0.0
0.0;163.6;0.0;0.0
0.0;163.6;0.0;0.0
5.0;166.1;1.5;0.0
8.3;166.3;0.0;0.0
8.3;166.3;0.0;0.0
4.2;166.8;6.2;0.0
8.3;167.0;0.0;0.0
8.3;167.0;0.0;0.0
8.3;167.0;0.0;0.0
8.3;167.0;0.0;0.0
8.3;167.0;0.0;0.0
8.3;167.0;0.0;0.0
8.3;167.0;0.0;0.0
8.3;167.0;0.0;0.0
8.3;167.0;0.0;0.0
8.3;167.0;0.0;0.0
8.3;167.0;0.0;0.0
8.3;167.0;0.0;0.0
8.3;167.0;0.0;0.0
8.3;167.0;0.0;0.0
7.5;167.0;0.0;0.0
4.2;167.8;7.1;0.0
5.0;168.2;0.0;0.0
0.0;168.2;0.0;0.0
0.0;168.2;0.0;0.0
0.0;168.2;0.0;0.0
0.0;168.2;0.0;0.0
0.0;168.2;0.0;0.0
0.0;168.2;1.8;0.0
0.0;168.2;0.0;0.0
0.0;168.2;0.0;0.0
