16.6;43.7;30.2;0.0
6.6;56.6;26.9;0.0
8.3;63.3;32.2;0.0
8.3;77.0;26.8;0.0
7.5;85.6;35.6;0.0
5.8;97.3;45.8;0.0
9.2;113.9;34.9;0.0
99.0;130.3;40.8;0.0
8.3;137.0;12.2;0.0
5.0;150.5;38.8;0.0
0.0;150.5;0.0;0.0
0.0;150.5;0.0;0.0
0.0;150.5;0.0;0.0
0.0;150.5;0.0;0.0
0.0;150.5;0.0;0.0
0.0;150.5;0.0;0.0
0.0;150.5;0.0;0.0
0.0;150.8;1.8;0.0
0.0;150.8;0.0;0.0
0.0;150.8;0.0;0.0
0.0;150.8;0.4;0.0
0.0;150.8;0.0;0.0
0.0;150.8;0.0;0.0
0.0;150.8;0.0;0.0
0.0;150.8;0.0;0.0
0.0;150.8;0.0;0.0
0.0;150.8;0.0;0.0
0.0;150.8;0.0;0.0
0.0;150.8;0.0;0.0
0.0;150.8;0.0;0.0
0.0;150.8;0.0;0.0
0.0;150.8;0.0;0.0
0.0;150.8;0.0;0.0
0.0;150.8;2.1;0.0
0.0;150.8;0.0;0.0
0.0;150.8;0.0;0.0
0.0;150.8;0.0;0.0
0.0;150.8;0.0;0.0
0.0;150.8;0.0;0.0
0.0;150.8;0.0;0.0
5.8;153.2;1.3;0.0
8.3;153.4;0.0;0.0
4.2;153.8;6.2;0.0
8.3;154.0;0.0;0.0
8.3;154.0;0.0;0.0
8.3;154.0;0.0;0.0
8.3;154.0;0.0;0.0
8.3;154.0;0.0;0.0
9.2;154.0;0.0;0.0
8.3;154.0;0.0;0.0
8.3;154.0;0.0;0.0
8.3;154.0;0.0;0.0
8.3;154.0;0.0;0.0
8.3;154.0;0.0;0.0
8.3;154.0;0.0;0.0
4.1;154.8;7.1;0.0
2.5;155.3;0.0;0.0
0.0;155.3;0.0;0.0
0.0;155.3;0.0;0.0
0.0;155.3;0.0;0.0
