7.5;44.7;15.6;0.0
7.5;51.6;17.6;0.0
9.1;58.6;9.1;0.0
6.6;64.7;18.2;0.0
8.3;67.1;15.1;0.0
7.5;74.8;15.9;0.0
8.3;80.3;19.4;0.0
6.5;88.2;30.9;0.0
8.3;93.9;25.0;0.0
7.5;100.5;29.2;0.0
9.8;114.2;23.1;0.0
96.4;119.3;10.8;0.0
14.1;129.5;27.4;0.0
8.3;134.8;9.6;0.0
8.3;141.9;26.7;0.0
4.2;149.0;14.9;0.0
0.0;149.0;0.0;0.0
0.0;149.0;0.0;0.0
0.0;149.0;0.0;0.0
0.0;149.0;0.0;0.0
0.0;149.0;0.0;0.0
0.0;149.0;0.0;0.0
0.0;149.0;0.0;0.0
0.0;149.1;1.8;0.0
0.0;149.1;0.0;0.0
0.0;149.1;0.0;0.0
0.0;149.1;0.2;0.0
0.0;149.1;0.0;0.0
0.0;149.1;0.0;0.0
0.0;149.1;0.0;0.0
0.0;149.1;0.0;0.0
0.0;149.1;0.0;0.0
0.0;149.1;0.0;0.0
0.0;149.1;0.0;0.0
0.8;149.1;0.6;0.0
0.0;149.1;0.0;0.0
0.0;149.1;0.0;0.0
0.0;149.1;0.0;0.0
0.0;149.1;0.0;0.0
0.0;149.1;1.2;0.0
0.0;149.1;0.0;0.0
0.0;149.1;0.0;0.0
0.0;149.1;0.0;0.0
0.0;149.1;0.0;0.0
0.0;149.1;0.0;0.0
0.0;149.1;0.0;0.0
0.0;149.1;0.0;0.0
0.0;149.1;0.0;0.0
0.0;149.1;0.0;0.0
0.0;149.1;0.8;0.0
0.0;149.1;0.0;0.0
0.0;149.1;0.0;0.0
0.0;149.1;0.0;0.0
0.0;149.1;0.0;0.0
0.0;149.1;0.0;0.0
0.0;149.1;0.0;0.0
0.0;149.1;0.0;0.0
0.0;149.1;0.0;0.0
0.0;149.1;0.0;0.0
0.0;149.1;0.0;0.0
