6.6;51.1;36.7;0.0
8.3;64.7;27.7;0.0
7.5;74.5;23.4;0.0
7.5;82.6;34.4;0.0
6.6;94.5;43.6;0.0
7.5;106.7;51.2;0.0
68.2;127.0;33.7;0.0
41.5;135.8;13.6;0.0
7.5;149.8;41.9;0.0
2.5;152.6;6.6;0.0
0.0;152.6;0.0;0.0
0.0;152.6;0.0;0.0
0.0;152.6;0.0;0.0
0.0;152.6;0.0;0.0
0.0;152.6;0.0;0.0
0.0;152.6;0.0;0.0
0.0;152.7;1.9;0.0
0.0;152.7;0.0;0.0
0.0;152.7;0.0;0.0
0.0;152.7;0.0;0.0
0.0;152.7;1.0;0.0
0.0;152.7;0.0;0.0
0.0;152.7;0.0;0.0
0.0;152.7;0.0;0.0
0.0;152.7;0.0;0.0
0.0;152.7;0.0;0.0
0.0;152.7;0.0;0.0
0.0;152.7;0.0;0.0
0.0;152.7;0.0;0.0
0.0;152.7;0.0;0.0
0.0;152.7;0.0;0.0
6.6;155.0;3.4;0.0
8.3;155.5;0.6;0.0
4.2;155.9;5.9;0.0
8.3;155.9;0.0;0.0
8.3;155.9;0.0;0.0
8.3;155.9;0.0;0.0
8.3;155.9;0.0;0.0
8.3;155.9;0.0;0.0
8.3;155.9;0.0;0.0
8.3;155.9;0.0;0.0
8.3;155.9;0.0;0.0
7.5;155.9;0.0;0.0
9.1;155.9;0.0;0.0
6.6;158.1;1.3;0.0
5.0;157.2;5.6;0.0
0.0;157.2;0.0;0.0
0.0;157.2;0.0;0.0
0.0;157.2;0.0;0.0
0.0;157.2;0.0;0.0
0.0;157.2;0.0;0.0
0.0;157.2;0.0;0.0
0.0;157.2;1.7;0.0
0.0;157.2;0.0;0.0
0.0;157.2;0.0;0.0
0.0;157.2;0.4;0.0
0.0;157.2;0.0;0.0
0.0;157.2;0.0;0.0
0.0;157.2;0.0;0.0
0.0;157.2;0.0;0.0
