8.3;50.9;34.9;0.0
6.6;62.9;28.0;0.0
8.3;72.9;20.6;0.0
6.6;80.9;35.8;0.0
7.5;92.0;41.4;0.0
5.8;103.9;46.8;0.0
63.2;124.3;35.6;0.0
47.4;133.9;15.7;0.0
7.5;147.7;42.3;0.0
0.8;150.4;5.9;0.0
0.0;150.4;0.0;0.0
0.0;150.4;0.0;0.0
0.0;150.4;0.0;0.0
0.0;150.4;0.0;0.0
0.0;150.4;0.0;0.0
0.0;150.4;0.0;0.0
0.0;150.6;1.7;0.0
0.0;150.6;0.0;0.0
0.0;150.6;0.0;0.0
0.0;150.6;0.0;0.0
0.0;150.6;0.4;0.0
0.0;150.6;0.0;0.0
0.0;150.6;0.0;0.0
0.0;150.6;0.0;0.0
0.0;150.6;0.0;0.0
0.0;150.6;0.0;0.0
0.0;150.6;0.0;0.0
0.0;150.6;0.0;0.0
0.0;150.6;0.0;0.0
0.0;150.6;0.0;0.0
0.0;150.6;0.0;0.0
0.0;150.6;0.0;0.0
0.0;150.6;0.0;0.0
0.0;150.6;0.0;0.0
0.0;150.6;0.0;0.0
0.0;150.6;0.0;0.0
0.0;150.6;0.0;0.0
0.0;150.6;0.0;0.0
0.0;150.6;0.0;0.0
0.0;150.6;2.3;0.0
0.0;150.6;0.0;0.0
0.0;150.6;0.0;0.0
1.7;152.7;0.8;0.0
8.3;153.2;0.4;0.0
5.8;153.6;1.6;0.0
6.6;153.9;4.8;0.0
8.3;153.9;0.0;0.0
8.3;153.9;0.0;0.0
8.3;153.9;0.0;0.0
8.3;153.9;0.0;0.0
8.3;153.9;0.0;0.0
8.3;153.9;0.0;0.0
8.3;153.9;0.0;0.0
8.3;153.9;0.0;0.0
8.3;153.9;0.0;0.0
8.3;153.9;0.0;0.0
8.3;153.9;0.0;0.0
4.2;154.1;3.1;0.0
5.0;155.2;3.7;0.0
0.0;155.2;0.0;0.0
