8.3;47.9;14.6;0.0
7.5;55.7;18.8;0.0
6.6;63.9;15.9;0.0
8.3;69.5;18.8;0.0
8.3;77.7;10.5;0.0
8.3;84.9;20.9;0.0
7.5;88.0;10.9;0.0
7.5;95.4;27.1;0.0
7.5;99.4;19.6;0.0
7.5;106.0;25.8;0.0
7.5;113.2;30.6;0.0
50.8;120.0;5.8;0.0
66.5;126.4;15.7;0.0
9.1;135.3;21.6;0.0
7.5;139.2;6.2;0.0
7.5;143.6;17.4;0.0
6.6;154.8;27.4;0.0
0.8;154.8;0.3;0.0
0.0;154.8;0.0;0.0
0.0;154.8;0.0;0.0
0.0;154.8;0.0;0.0
0.0;154.8;0.0;0.0
0.0;154.8;0.0;0.0
0.0;154.8;0.0;0.0
0.0;154.8;0.0;0.0
0.0;154.8;0.0;0.0
0.0;154.8;0.0;0.0
0.0;154.8;0.0;0.0
0.0;154.8;0.0;0.0
0.0;154.8;0.0;0.0
0.0;154.8;0.0;0.0
0.0;155.0;1.6;0.0
0.0;155.0;0.0;0.0
0.0;155.0;0.0;0.0
0.0;155.0;0.0;0.0
0.0;155.0;0.0;0.0
0.8;155.0;1.3;0.0
0.0;155.0;0.0;0.0
0.0;155.0;0.0;0.0
0.0;155.0;0.0;0.0
0.0;155.0;0.0;0.0
0.0;155.0;0.0;0.0
0.0;155.0;0.0;0.0
0.0;155.0;0.0;0.0
0.0;155.0;0.0;0.0
0.0;155.0;0.0;0.0
0.0;155.0;0.0;0.0
0.0;155.0;0.0;0.0
0.0;155.0;0.0;0.0
0.0;155.0;0.0;0.0
0.0;155.0;0.0;0.0
0.0;155.0;0.0;0.0
0.0;155.0;0.0;0.0
0.0;155.0;0.0;0.0
0.0;155.0;0.0;0.0
0.0;155.0;0.0;0.0
0.0;155.0;0.0;0.0
0.0;155.0;2.2;0.0
0.0;155.0;0.0;0.0
0.0;155.0;0.0;0.0
