5.8;38.1;19.7;0.0
7.5;48.0;18.3;0.0
8.3;53.5;10.3;0.0
8.3;58.4;7.4;0.0
8.3;60.0;6.0;0.0
8.3;62.7;6.1;0.0
6.6;65.5;18.2;0.0
8.3;73.8;10.4;0.0
8.3;79.2;18.5;0.0
7.5;84.8;23.9;0.0
7.5;90.4;25.0;0.0
7.4;96.3;27.0;0.0
8.3;104.8;29.4;0.0
44.9;118.7;18.3;0.0
59.0;124.6;22.6;0.0
7.5;130.9;7.8;0.0
8.3;135.7;12.8;0.0
8.3;148.7;36.6;0.0
0.8;149.1;1.6;0.0
0.0;149.1;0.0;0.0
0.0;149.1;0.0;0.0
0.0;149.1;0.0;0.0
0.0;149.1;0.0;0.0
0.0;149.1;0.0;0.0
0.0;149.1;0.0;0.0
0.0;149.1;0.0;0.0
0.0;149.1;0.0;0.0
0.0;149.1;0.0;0.0
0.0;149.1;0.0;0.0
0.0;149.1;0.0;0.0
0.0;149.1;0.0;0.0
0.0;149.1;0.0;0.0
0.0;149.1;0.0;0.0
0.0;149.1;0.0;0.0
0.0;149.1;0.0;0.0
0.0;149.1;0.8;0.0
0.0;149.1;0.0;0.0
0.0;149.1;0.0;0.0
0.0;149.1;0.0;0.0
0.0;149.1;0.0;0.0
0.0;149.3;1.1;0.0
0.0;149.3;0.0;0.0
0.0;149.3;0.4;0.0
0.0;149.3;0.0;0.0
0.0;149.3;0.0;0.0
0.0;149.3;0.0;0.0
0.0;149.3;0.0;0.0
0.0;149.3;0.0;0.0
0.0;149.3;0.0;0.0
0.0;149.3;0.0;0.0
0.0;149.3;0.0;0.0
0.0;149.3;0.0;0.0
0.0;149.3;0.0;0.0
0.0;149.3;0.0;0.0
0.0;149.3;0.0;0.0
0.0;149.3;1.9;0.0
0.0;149.3;0.0;0.0
0.0;149.3;0.0;0.0
0.0;149.3;0.0;0.0
0.0;149.3;0.0;0.0
