7.5;41.2;13.9;0.0
8.3;49.0;20.0;0.0
8.3;57.3;15.3;0.0
7.5;63.4;18.7;0.0
7.5;71.3;12.6;0.0
8.3;79.3;21.3;0.0
6.6;84.4;23.8;0.0
7.5;91.7;26.6;0.0
8.3;96.8;24.2;0.0
7.5;103.1;25.8;0.0
19.1;114.2;21.4;0.0
93.1;119.5;9.9;0.0
7.5;129.0;25.4;0.0
8.3;132.8;6.2;0.0
7.5;136.5;14.8;0.0
8.3;148.2;30.0;0.0
0.0;148.2;0.3;0.0
0.0;148.2;0.0;0.0
0.0;148.2;0.0;0.0
0.0;148.2;0.0;0.0
0.0;148.2;0.0;0.0
0.0;148.2;0.0;0.0
0.0;148.2;0.0;0.0
0.0;148.5;1.6;0.0
0.0;148.5;0.0;0.0
0.0;148.5;0.0;0.0
0.0;148.5;0.0;0.0
0.0;148.5;0.0;0.0
0.0;148.5;0.0;0.0
0.0;148.5;0.0;0.0
0.0;148.5;0.0;0.0
0.0;148.5;0.6;0.0
0.0;148.5;0.0;0.0
0.0;148.5;0.0;0.0
0.0;148.5;0.0;0.0
0.0;148.5;0.0;0.0
0.0;148.5;0.0;0.0
0.0;148.5;0.0;0.0
0.0;148.5;0.0;0.0
0.0;148.5;0.0;0.0
0.0;148.5;0.0;0.0
0.0;148.5;0.6;0.0
0.0;148.5;0.0;0.0
0.0;148.5;0.0;0.0
0.0;148.5;0.0;0.0
0.0;148.5;0.0;0.0
0.0;148.5;0.0;0.0
0.0;148.5;0.0;0.0
0.0;148.5;0.0;0.0
0.0;148.5;0.0;0.0
0.0;148.5;0.0;0.0
0.0;148.5;0.0;0.0
0.0;148.5;0.0;0.0
0.0;148.5;0.0;0.0
0.0;148.5;0.0;0.0
0.0;148.5;0.0;0.0
0.0;148.5;0.0;0.0
0.0;148.5;0.0;0.0
0.0;148.5;1.1;0.0
0.0;148.5;0.0;0.0
