7.5;63.3;32.4;0.0
6.6;71.3;24.1;0.0
8.3;82.2;25.8;0.0
6.7;92.1;42.1;0.0
8.3;102.8;45.5;0.0
37.4;124.1;36.4;0.0
71.5;135.1;29.8;0.0
7.5;143.3;25.5;0.0
4.2;154.1;25.5;0.0
0.0;154.1;0.0;0.0
0.0;154.1;0.0;0.0
0.0;154.1;0.0;0.0
0.0;154.1;0.0;0.0
0.0;154.1;0.0;0.0
0.0;154.1;0.0;0.0
0.0;154.2;1.8;0.0
0.0;154.2;0.0;0.0
0.0;154.2;0.0;0.0
0.0;154.2;0.0;0.0
0.0;154.2;0.4;0.0
0.0;154.2;0.0;0.0
0.0;154.2;0.0;0.0
0.0;154.2;0.0;0.0
0.0;154.2;0.0;0.0
0.0;154.2;0.0;0.0
0.0;154.2;0.0;0.0
0.0;154.2;2.2;0.0
0.0;154.2;0.0;0.0
0.0;154.2;0.0;0.0
0.0;154.2;0.0;0.0
3.3;156.6;1.5;0.0
8.3;156.8;0.0;0.0
3.3;157.3;6.4;0.0
7.5;157.5;0.0;0.0
8.3;157.5;0.0;0.0
8.3;157.5;0.0;0.0
8.3;157.5;0.0;0.0
9.2;157.5;0.0;0.0
8.3;157.5;0.0;0.0
8.3;157.5;0.0;0.0
8.3;157.5;0.0;0.0
8.3;157.5;0.0;0.0
8.3;157.5;0.0;0.0
8.3;157.5;0.0;0.0
8.3;157.7;0.0;0.0
4.2;158.2;7.0;0.0
2.5;158.6;0.0;0.0
0.0;158.6;0.0;0.0
0.0;158.6;0.0;0.0
0.0;158.6;0.0;0.0
0.0;158.6;0.0;0.0
0.0;158.6;0.0;0.0
0.0;158.6;1.8;0.0
0.0;158.6;0.0;0.0
0.0;158.6;0.0;0.0
0.0;158.6;0.0;0.0
0.0;158.6;0.4;0.0
0.0;158.6;0.0;0.0
0.0;158.6;0.0;0.0
0.0;158.6;0.0;0.0
