8.3;47.3;35.3;0.0
7.5;62.2;31.2;0.0
7.5;65.7;25.0;0.0
8.3;76.9;25.6;0.0
6.7;86.1;36.6;0.0
7.5;97.2;47.6;0.0
19.1;120.1;39.2;0.0
89.7;132.1;32.5;0.0
8.3;138.9;19.0;0.0
4.2;151.8;32.0;0.0
0.0;151.8;0.0;0.0
0.0;151.8;0.0;0.0
0.0;151.8;0.0;0.0
0.0;151.8;0.0;0.0
0.0;151.8;0.0;0.0
0.0;151.8;0.0;0.0
0.0;152.0;1.8;0.0
0.0;152.0;0.0;0.0
0.0;152.0;0.0;0.0
0.0;152.0;0.0;0.0
0.0;152.0;0.4;0.0
0.0;152.0;0.0;0.0
0.0;152.0;0.0;0.0
0.0;152.0;0.0;0.0
0.0;152.0;0.0;0.0
0.0;152.0;0.0;0.0
0.0;152.0;0.0;0.0
0.0;152.0;0.0;0.0
0.0;152.0;2.2;0.0
0.0;152.0;0.0;0.0
0.0;152.0;0.0;0.0
0.0;152.0;0.0;0.0
4.2;154.4;1.4;0.0
8.3;154.6;0.0;0.0
4.2;155.1;6.2;0.0
8.3;155.3;0.0;0.0
8.3;155.3;0.0;0.0
8.3;155.3;0.0;0.0
8.3;155.3;0.0;0.0
8.3;155.3;0.0;0.0
8.3;155.3;0.0;0.0
8.3;155.3;0.0;0.0
8.3;155.3;0.0;0.0
8.3;155.3;0.0;0.0
8.3;155.3;0.0;0.0
8.3;155.3;0.0;0.0
4.2;156.1;7.3;0.0
4.2;156.5;0.0;0.0
0.0;156.5;0.0;0.0
0.0;156.5;0.0;0.0
0.0;156.5;0.0;0.0
0.0;156.5;0.0;0.0
0.0;156.5;0.0;0.0
0.0;156.5;1.8;0.0
0.0;156.5;0.0;0.0
0.0;156.5;0.0;0.0
0.0;156.5;0.0;0.0
0.0;156.5;0.4;0.0
0.0;156.5;0.0;0.0
0.0;156.5;0.0;0.0
