7.5;47.8;37.9;0.0
6.6;61.6;28.2;0.0
8.3;73.2;23.7;0.0
7.5;82.6;36.7;0.0
7.5;94.6;44.6;0.0
6.6;106.7;51.0;0.0
68.2;132.9;32.5;0.0
41.6;141.8;13.8;0.0
7.5;157.2;45.3;0.0
0.8;158.4;2.9;0.0
0.0;158.4;0.0;0.0
0.0;158.4;0.0;0.0
0.0;158.4;0.0;0.0
0.0;158.4;0.0;0.0
0.0;158.4;0.0;0.0
0.0;158.4;0.0;0.0
0.0;158.6;1.8;0.0
0.0;158.6;0.0;0.0
0.0;158.6;0.0;0.0
0.0;158.6;0.0;0.0
0.0;158.6;1.0;0.0
0.0;158.6;0.0;0.0
0.0;158.6;0.0;0.0
0.0;158.6;0.0;0.0
0.0;158.6;0.0;0.0
0.0;158.6;0.0;0.0
0.0;158.6;0.0;0.0
0.0;158.6;0.0;0.0
0.0;158.6;0.0;0.0
0.0;158.6;0.0;0.0
0.0;158.6;0.0;0.0
5.8;160.9;3.2;0.0
8.3;161.1;0.0;0.0
4.2;161.4;6.7;0.0
8.3;161.6;0.0;0.0
8.3;161.6;0.0;0.0
8.3;161.6;0.0;0.0
8.3;161.6;0.0;0.0
8.3;161.6;0.0;0.0
8.3;161.6;0.0;0.0
8.3;161.6;0.0;0.0
8.3;161.6;0.0;0.0
8.3;161.6;0.0;0.0
8.3;161.6;0.0;0.0
8.3;161.6;0.0;0.0
9.2;163.9;0.9;0.0
3.3;164.3;6.1;0.0
2.5;162.8;0.0;0.0
0.0;162.8;0.0;0.0
0.0;162.8;0.0;0.0
0.0;162.8;0.0;0.0
0.0;162.8;0.0;0.0
0.0;162.8;0.0;0.0
0.0;162.8;1.8;0.0
0.0;162.8;0.0;0.0
0.0;162.8;0.0;0.0
0.0;162.8;0.0;0.0
0.0;162.8;0.4;0.0
0.0;162.8;0.0;0.0
0.0;162.8;0.0;0.0
