8.3;51.8;25.3;0.0
7.5;61.3;17.1;0.0
7.5;62.9;22.3;0.0
8.3;71.8;10.7;0.0
8.3;77.2;18.5;0.0
7.5;80.7;9.1;0.0
5.8;89.0;34.3;0.0
8.3;94.9;25.0;0.0
8.3;101.1;28.6;0.0
10.8;110.7;20.1;0.0
81.5;123.6;8.1;0.0
24.1;135.5;33.1;0.0
8.3;139.7;4.6;0.0
7.5;145.0;21.3;0.0
6.6;155.7;25.1;0.0
0.0;155.7;0.3;0.0
0.0;155.7;0.0;0.0
0.0;155.7;0.0;0.0
0.0;155.7;0.0;0.0
0.0;155.7;0.0;0.0
0.0;155.7;0.0;0.0
0.0;155.7;0.0;0.0
0.0;155.7;1.8;0.0
0.0;155.7;0.0;0.0
0.0;155.7;0.4;0.0
0.0;155.7;0.0;0.0
0.0;155.7;0.0;0.0
0.0;155.7;0.5;0.0
0.0;155.7;0.0;0.0
0.0;155.7;0.0;0.0
0.0;155.7;0.0;0.0
0.0;155.7;0.0;0.0
0.0;155.7;0.0;0.0
0.0;155.7;0.0;0.0
0.0;155.7;0.0;0.0
0.0;155.7;0.0;0.0
0.0;155.7;0.0;0.0
0.0;155.7;0.0;0.0
0.0;155.7;0.0;0.0
0.0;155.7;0.0;0.0
0.0;155.7;0.0;0.0
0.0;155.7;0.0;0.0
0.0;155.7;0.0;0.0
0.0;155.7;0.0;0.0
0.0;155.7;0.0;0.0
0.0;155.7;2.6;0.0
0.0;155.7;0.0;0.0
0.0;155.7;0.0;0.0
0.0;155.7;0.0;0.0
0.0;155.7;0.0;0.0
0.0;155.7;0.0;0.0
5.0;156.4;0.7;0.0
8.3;157.7;0.4;0.0
8.3;157.9;0.0;0.0
8.3;158.1;0.0;0.0
8.3;158.2;0.0;0.0
8.3;158.2;0.0;0.0
8.3;158.2;0.0;0.0
8.3;158.2;0.0;0.0
8.3;158.2;0.0;0.0
