6.7;52.3;33.8;0.0
7.5;67.0;29.1;0.0
7.5;76.8;25.9;0.0
8.3;87.1;25.0;0.0
5.8;96.9;41.7;0.0
8.3;107.5;46.1;0.0
33.3;130.4;35.8;0.0
76.5;141.5;30.2;0.0
6.6;149.8;25.2;0.0
4.1;160.5;25.8;0.0
0.0;160.5;0.0;0.0
0.0;160.5;0.0;0.0
0.0;160.5;0.0;0.0
0.0;160.5;0.0;0.0
0.0;160.5;0.0;0.0
0.0;160.5;0.0;0.0
0.0;160.9;1.8;0.0
0.0;160.9;0.0;0.0
0.0;160.9;0.0;0.0
0.0;160.9;0.0;0.0
0.0;160.9;0.4;0.0
0.0;160.9;0.0;0.0
0.0;160.9;0.0;0.0
0.0;160.9;0.0;0.0
0.0;160.9;0.0;0.0
0.0;160.9;0.0;0.0
0.0;160.9;0.0;0.0
0.0;160.9;2.3;0.0
0.0;160.9;0.0;0.0
0.0;160.9;0.0;0.0
0.0;160.9;0.0;0.0
3.3;163.3;1.4;0.0
9.1;163.5;0.0;0.0
4.2;164.0;6.5;0.0
8.3;164.2;0.0;0.0
8.3;164.2;0.0;0.0
8.3;164.2;0.0;0.0
8.3;164.2;0.0;0.0
8.3;164.2;0.0;0.0
8.3;164.2;0.0;0.0
8.3;164.2;0.0;0.0
8.3;164.2;0.0;0.0
8.3;164.2;0.0;0.0
8.3;164.2;0.0;0.0
8.3;164.2;0.0;0.0
8.3;164.2;0.0;0.0
5.0;164.3;6.3;0.0
5.0;165.3;0.7;0.0
0.0;165.3;0.0;0.0
0.0;165.3;0.0;0.0
0.0;165.3;0.0;0.0
0.0;165.3;0.0;0.0
0.0;165.3;0.0;0.0
0.0;165.3;1.7;0.0
0.0;165.3;0.0;0.0
0.0;165.3;0.0;0.0
0.0;165.3;0.0;0.0
0.0;165.3;0.6;0.0
0.0;165.3;0.0;0.0
0.0;165.3;0.0;0.0
