7.5;36.5;13.6;0.0
7.5;46.5;18.2;0.0
8.3;55.2;15.3;0.0
8.3;63.3;17.8;0.0
6.7;70.0;18.4;0.0
8.3;74.3;5.5;0.0
4.1;76.8;4.3;0.0
8.3;80.6;14.6;0.0
7.5;85.3;22.2;0.0
6.6;92.3;24.8;0.0
8.3;97.6;24.0;0.0
7.5;105.5;32.7;0.0
30.5;119.4;16.6;0.0
82.3;125.3;14.3;0.0
8.3;135.0;22.6;0.0
8.3;140.0;9.8;0.0
8.3;147.2;25.7;0.0
3.3;154.2;15.6;0.0
0.0;154.2;0.1;0.0
0.0;154.2;0.0;0.0
0.0;154.2;0.0;0.0
0.0;154.2;0.0;0.0
0.0;154.2;0.0;0.0
0.0;154.2;0.0;0.0
0.0;154.2;0.0;0.0
0.0;154.2;0.0;0.0
0.0;154.2;0.0;0.0
0.0;154.2;1.1;0.0
0.0;154.2;0.0;0.0
0.0;154.2;0.0;0.0
0.0;154.2;0.0;0.0
0.0;154.2;0.9;0.0
0.0;154.2;0.0;0.0
0.0;154.2;0.0;0.0
0.0;154.2;0.4;0.0
0.0;154.2;0.0;0.0
0.0;154.2;0.0;0.0
0.0;154.2;0.0;0.0
0.0;154.2;0.0;0.0
0.0;154.2;0.0;0.0
0.0;154.2;0.0;0.0
0.0;154.2;0.0;0.0
0.0;154.2;0.0;0.0
0.0;154.2;0.0;0.0
0.0;154.2;0.0;0.0
0.0;154.2;0.0;0.0
0.0;154.2;3.1;0.0
0.0;154.2;0.0;0.0
0.0;154.2;0.0;0.0
0.0;154.2;0.0;0.0
0.0;154.2;0.0;0.0
0.0;154.2;0.0;0.0
0.0;154.2;0.0;0.0
0.0;154.2;0.0;0.0
0.0;154.2;0.4;0.0
0.0;154.2;0.0;0.0
1.7;155.7;0.5;0.0
8.3;156.2;0.4;0.0
8.3;156.4;0.0;0.0
8.3;156.5;0.0;0.0
