6.6;53.7;35.0;0.0
8.3;66.3;26.7;0.0
7.5;71.4;24.2;0.0
7.5;79.0;29.3;0.0
5.8;90.1;43.5;0.0
7.5;100.2;44.7;0.0
50.8;128.8;33.1;0.0
56.6;138.8;23.4;0.0
7.5;148.7;33.3;0.0
2.5;157.4;17.7;0.0
0.0;157.4;0.0;0.0
0.0;157.4;0.0;0.0
0.0;157.4;0.0;0.0
0.0;157.4;0.0;0.0
0.0;157.4;0.0;0.0
0.0;157.4;0.0;0.0
0.0;157.5;1.8;0.0
0.0;157.5;0.0;0.0
0.0;157.5;0.0;0.0
0.0;157.5;0.0;0.0
0.0;157.5;0.4;0.0
0.0;157.5;0.0;0.0
0.0;157.5;0.0;0.0
0.0;157.5;0.0;0.0
0.0;157.5;0.0;0.0
0.0;157.5;0.0;0.0
0.0;157.5;0.0;0.0
0.8;157.5;2.1;0.0
0.0;157.5;0.0;0.0
0.0;157.5;0.0;0.0
0.0;157.5;0.0;0.0
3.3;159.8;1.4;0.0
8.3;160.0;0.0;0.0
3.3;160.3;2.4;0.0
1.7;160.4;3.9;0.0
8.3;160.6;0.0;0.0
8.3;160.6;0.0;0.0
8.3;160.6;0.0;0.0
8.3;160.6;0.0;0.0
8.3;160.6;0.0;0.0
8.3;160.6;0.0;0.0
8.3;160.6;0.0;0.0
8.3;160.6;0.0;0.0
8.3;160.6;0.0;0.0
8.3;160.6;0.0;0.0
8.3;160.6;0.0;0.0
8.3;160.6;0.0;0.0
4.2;161.3;7.1;0.0
3.3;161.8;0.0;0.0
0.0;161.8;0.0;0.0
0.0;161.8;0.0;0.0
0.0;161.8;0.0;0.0
0.0;161.8;0.0;0.0
0.0;161.8;0.0;0.0
0.0;161.8;1.8;0.0
0.0;161.8;0.0;0.0
0.0;161.8;0.0;0.0
0.0;161.8;0.0;0.0
0.0;161.8;0.4;0.0
0.0;161.8;0.0;0.0
