17.4;49.8;31.5;0.0
7.5;65.1;31.8;0.0
7.5;71.9;25.1;0.0
7.5;82.8;25.8;0.0
5.8;92.7;42.1;0.0
8.3;103.3;45.9;0.0
33.3;126.5;37.6;0.0
72.4;137.2;28.3;0.0
7.5;144.8;21.4;0.0
5.8;156.6;29.6;0.0
0.0;156.6;0.0;0.0
0.0;156.6;0.0;0.0
0.0;156.6;0.0;0.0
0.0;156.6;0.0;0.0
0.0;156.6;0.0;0.0
0.0;156.6;0.0;0.0
0.0;156.6;1.1;0.0
0.0;156.7;0.7;0.0
0.0;156.7;0.0;0.0
0.0;156.7;0.0;0.0
0.0;156.7;0.0;0.0
0.0;156.7;0.0;0.0
0.0;156.7;0.0;0.0
0.0;156.7;0.0;0.0
0.0;156.7;0.0;0.0
0.0;156.7;0.0;0.0
0.0;156.7;0.0;0.0
0.0;156.7;0.0;0.0
0.0;156.7;2.3;0.0
0.0;156.7;0.0;0.0
0.0;156.7;0.0;0.0
1.7;159.0;1.4;0.0
8.3;159.2;0.0;0.0
5.0;159.5;4.8;0.0
8.3;159.8;1.3;0.0
8.3;159.8;0.0;0.0
8.3;159.8;0.0;0.0
8.3;159.8;0.0;0.0
8.3;159.8;0.0;0.0
8.3;159.8;0.0;0.0
8.3;159.8;0.0;0.0
8.3;159.8;0.0;0.0
8.3;159.8;0.0;0.0
8.3;159.8;0.0;0.0
8.3;159.8;0.0;0.0
8.3;159.8;0.0;0.0
4.1;160.5;7.1;0.0
5.0;161.0;0.0;0.0
0.0;161.0;0.0;0.0
0.0;161.0;0.0;0.0
0.0;161.0;0.0;0.0
0.0;161.0;0.0;0.0
0.0;161.0;0.0;0.0
0.0;161.0;1.8;0.0
0.0;161.0;0.0;0.0
0.0;161.0;0.0;0.0
0.0;161.0;0.0;0.0
0.0;161.0;0.0;0.0
0.0;161.0;0.0;0.0
0.0;161.0;0.0;0.0
