9.2;47.2;33.8;0.0
8.3;62.0;30.2;0.0
6.6;68.7;27.1;0.0
7.5;80.9;26.6;0.0
7.5;90.4;38.2;0.0
6.7;100.8;45.0;0.0
14.0;124.5;31.1;0.0
94.7;135.0;26.8;0.0
8.3;146.1;20.8;0.0
8.3;161.5;44.5;0.0
0.0;161.5;0.1;0.0
0.0;161.5;0.0;0.0
0.0;161.5;0.0;0.0
0.0;161.5;0.0;0.0
0.0;161.5;0.0;0.0
0.0;161.5;0.0;0.0
0.0;161.5;0.0;0.0
0.0;161.6;1.8;0.0
0.0;161.6;0.0;0.0
0.0;161.6;0.0;0.0
0.0;161.6;0.0;0.0
0.0;161.6;0.4;0.0
0.0;161.6;0.0;0.0
0.0;161.6;0.0;0.0
0.0;161.6;0.0;0.0
0.0;161.6;0.0;0.0
0.0;161.6;0.0;0.0
0.0;161.6;0.0;0.0
0.0;161.6;2.1;0.0
0.0;161.6;0.0;0.0
0.0;161.6;0.0;0.0
0.0;161.6;0.0;0.0
5.8;163.9;1.5;0.0
9.2;164.4;0.3;0.0
2.5;164.7;6.2;0.0
8.3;164.7;0.0;0.0
8.3;164.7;0.0;0.0
8.3;164.7;0.0;0.0
8.3;164.7;0.0;0.0
8.3;164.7;0.0;0.0
8.3;164.7;0.0;0.0
8.3;164.7;0.0;0.0
8.3;164.7;0.0;0.0
8.3;164.7;0.0;0.0
8.3;164.7;0.0;0.0
8.3;164.7;0.0;0.0
5.8;164.8;3.1;0.0
5.0;165.8;4.0;0.0
0.0;165.8;0.0;0.0
0.0;165.8;0.0;0.0
0.0;165.8;0.0;0.0
0.0;165.8;0.0;0.0
0.0;165.8;0.0;0.0
0.0;165.8;0.0;0.0
0.0;165.8;1.7;0.0
0.0;165.8;0.0;0.0
0.0;165.8;0.0;0.0
0.0;165.8;0.4;0.0
0.0;165.8;0.0;0.0
0.0;165.8;0.0;0.0
