6.6;51.0;35.6;0.0
8.3;63.4;25.3;0.0
6.6;71.2;22.0;0.0
8.3;80.7;28.6;0.0
5.8;92.1;47.7;0.0
7.5;102.3;44.9;0.0
53.5;129.2;43.3;0.0
55.7;137.8;13.9;0.0
8.3;151.3;40.1;0.0
0.8;155.8;10.0;0.0
0.0;155.8;0.0;0.0
0.0;155.8;0.0;0.0
0.0;155.8;0.0;0.0
0.0;155.8;0.0;0.0
0.0;155.8;0.0;0.0
0.0;155.8;0.0;0.0
0.0;155.8;1.8;0.0
0.0;155.8;0.0;0.0
0.0;155.8;0.0;0.0
0.0;155.8;0.0;0.0
0.0;155.8;0.4;0.0
0.0;155.8;0.0;0.0
0.0;155.8;0.0;0.0
0.0;155.8;0.0;0.0
0.0;155.8;0.0;0.0
0.0;155.8;0.0;0.0
0.0;155.8;0.0;0.0
0.0;155.8;0.0;0.0
0.0;155.8;0.0;0.0
0.0;155.8;0.0;0.0
0.0;155.8;0.0;0.0
0.0;155.8;0.0;0.0
0.0;155.8;0.0;0.0
0.0;155.8;0.0;0.0
0.0;155.8;0.0;0.0
0.0;155.8;0.0;0.0
0.0;155.8;0.0;0.0
0.0;155.8;0.0;0.0
0.0;155.8;2.1;0.0
0.0;155.8;0.0;0.0
0.0;155.8;0.0;0.0
0.0;155.8;0.0;0.0
5.8;158.1;1.3;0.0
8.3;158.6;0.3;0.0
0.8;158.6;2.1;0.0
0.0;158.6;0.0;0.0
5.8;158.9;3.8;0.0
8.3;158.9;0.0;0.0
9.2;158.9;0.0;0.0
8.3;158.9;0.0;0.0
8.3;158.9;0.0;0.0
8.3;158.9;0.0;0.0
8.3;158.9;0.0;0.0
8.3;158.9;0.0;0.0
8.3;158.9;0.0;0.0
8.3;158.9;0.0;0.0
8.3;158.9;0.0;0.0
5.8;161.1;1.3;0.0
5.0;160.1;5.5;0.0
0.0;160.1;0.0;0.0
