25.7;25.3;13.1;0.0
6.6;34.1;15.4;0.0
7.5;44.3;18.0;0.0
8.3;51.6;13.1;0.0
8.3;57.3;11.3;0.0
7.5;63.4;16.5;0.0
8.3;64.8;7.9;0.0
7.5;67.5;3.1;0.0
7.5;71.0;3.7;0.0
8.3;74.0;4.7;0.0
8.3;76.0;9.4;0.0
8.3;79.0;7.2;0.0
8.3;80.9;7.5;0.0
6.6;87.1;25.5;0.0
7.5;92.9;24.0;0.0
8.3;99.3;25.4;0.0
8.3;106.1;29.4;0.0
34.1;120.0;16.6;0.0
76.5;125.3;20.3;0.0
9.1;131.6;8.4;0.0
8.3;136.4;9.8;0.0
7.5;144.0;26.7;0.0
5.8;150.3;14.4;0.0
0.0;150.3;0.3;0.0
0.0;150.3;0.0;0.0
0.0;150.3;0.0;0.0
0.0;150.3;0.0;0.0
0.0;150.3;0.0;0.0
0.0;150.3;0.0;0.0
0.0;150.3;0.0;0.0
0.0;150.3;0.0;0.0
0.0;150.3;0.0;0.0
0.0;150.3;0.8;0.0
0.0;150.3;0.0;0.0
0.0;150.3;0.0;0.0
0.0;150.3;0.0;0.0
0.0;150.3;0.0;0.0
0.0;150.3;0.0;0.0
0.0;150.5;1.1;0.0
0.0;150.5;0.0;0.0
0.0;150.5;0.4;0.0
0.0;150.5;0.0;0.0
0.0;150.5;0.0;0.0
0.0;150.5;0.0;0.0
0.0;150.5;0.0;0.0
0.0;150.5;0.2;0.0
0.0;150.5;0.0;0.0
0.0;150.5;0.0;0.0
0.0;150.5;0.0;0.0
0.0;150.5;0.0;0.0
0.0;150.5;0.0;0.0
0.0;150.5;0.0;0.0
0.0;150.5;0.0;0.0
0.0;150.5;0.0;0.0
0.0;150.5;0.0;0.0
0.0;150.5;0.0;0.0
0.0;150.5;1.3;0.0
0.0;150.5;0.0;0.0
0.0;150.5;0.0;0.0
0.0;150.5;0.0;0.0
