7.5;57.5;33.6;0.0
7.5;62.1;29.2;0.0
7.5;76.3;27.6;0.0
7.5;85.0;31.4;0.0
8.3;94.7;40.2;0.0
6.6;106.8;47.7;0.0
76.5;124.9;34.8;0.0
33.2;133.7;13.2;0.0
7.5;149.2;44.6;0.0
0.0;149.2;0.1;0.0
0.0;149.2;0.0;0.0
0.0;149.2;0.0;0.0
0.0;149.2;0.0;0.0
0.0;149.2;0.0;0.0
0.0;149.2;0.0;0.0
0.0;149.2;0.0;0.0
0.0;149.2;1.8;0.0
0.0;149.2;0.0;0.0
0.0;149.2;0.0;0.0
0.0;149.2;0.4;0.0
0.0;149.2;0.0;0.0
0.0;149.2;0.0;0.0
0.0;149.2;0.0;0.0
0.0;149.2;0.0;0.0
0.0;149.2;0.0;0.0
0.0;149.2;0.0;0.0
0.0;149.2;0.0;0.0
0.0;149.2;2.2;0.0
0.0;149.2;0.0;0.0
0.0;149.2;0.0;0.0
0.8;150.6;1.0;0.0
8.3;151.6;0.4;0.0
7.5;152.1;0.6;0.0
4.2;152.4;5.7;0.0
9.1;152.4;0.0;0.0
7.5;152.4;0.0;0.0
8.3;152.4;0.0;0.0
8.3;152.4;0.0;0.0
8.3;152.4;0.0;0.0
8.3;152.4;0.0;0.0
8.3;152.4;0.0;0.0
8.3;152.4;0.0;0.0
8.3;152.4;0.0;0.0
9.1;152.4;0.0;0.0
8.3;152.7;1.1;0.0
3.3;153.2;6.2;0.0
1.7;153.7;0.0;0.0
0.0;153.7;0.0;0.0
0.0;153.7;0.0;0.0
0.0;153.7;0.0;0.0
0.0;153.7;0.0;0.0
0.0;153.7;0.0;0.0
0.0;153.7;1.8;0.0
0.0;153.7;0.0;0.0
0.0;153.7;0.0;0.0
0.0;153.7;0.0;0.0
0.0;153.7;0.4;0.0
0.0;153.7;0.0;0.0
0.0;153.7;0.0;0.0
0.0;153.7;0.0;0.0
