16.6;51.3;34.9;0.0
7.5;64.9;28.3;0.0
6.6;68.3;22.8;0.0
8.3;77.9;27.0;0.0
5.8;88.9;46.3;0.0
8.3;98.8;42.8;0.0
35.8;125.4;33.8;0.0
73.2;136.6;28.3;0.0
7.5;145.6;28.3;0.0
3.3;155.7;22.7;0.0
0.0;155.7;0.0;0.0
0.0;155.7;0.0;0.0
0.0;155.7;0.0;0.0
0.0;155.7;0.0;0.0
0.0;155.7;0.0;0.0
0.0;155.7;0.0;0.0
0.0;156.0;1.8;0.0
0.0;156.0;0.0;0.0
0.0;156.0;0.0;0.0
0.0;156.0;0.0;0.0
0.0;156.0;0.0;0.0
0.0;156.0;0.0;0.0
0.0;156.0;0.0;0.0
0.0;156.0;0.0;0.0
0.0;156.0;0.0;0.0
0.0;156.0;0.0;0.0
0.0;156.0;0.0;0.0
0.0;156.0;0.0;0.0
0.0;156.0;0.0;0.0
0.0;156.0;0.0;0.0
0.0;156.0;0.0;0.0
0.0;156.0;2.7;0.0
0.0;156.0;0.0;0.0
0.0;156.0;0.0;0.0
0.0;156.0;0.0;0.0
6.6;158.5;1.1;0.0
8.3;159.0;0.6;0.0
1.7;159.1;5.7;0.0
8.3;159.4;0.0;0.0
8.3;159.4;0.0;0.0
8.3;159.4;0.0;0.0
8.3;159.4;0.0;0.0
9.1;159.4;0.0;0.0
8.3;159.4;0.0;0.0
8.3;159.4;0.0;0.0
8.3;159.4;0.0;0.0
9.2;159.4;0.0;0.0
8.3;159.4;0.0;0.0
8.3;159.5;0.0;0.0
4.2;162.0;7.0;0.0
2.5;160.4;0.0;0.0
0.0;160.4;0.0;0.0
0.0;160.4;0.0;0.0
0.0;160.4;0.0;0.0
0.0;160.4;0.0;0.0
0.0;160.4;0.0;0.0
0.0;160.4;1.8;0.0
0.0;160.4;0.0;0.0
0.0;160.4;0.0;0.0
0.0;160.4;0.0;0.0
