6.6;51.9;27.7;0.0
7.5;66.6;29.2;0.0
6.7;74.7;29.4;0.0
8.3;87.9;27.0;0.0
8.3;96.2;29.4;0.0
6.6;105.5;40.0;0.0
7.5;117.4;48.4;0.0
66.9;141.5;16.1;0.0
37.4;152.2;26.2;0.0
8.3;162.2;33.7;0.0
2.5;170.6;17.1;0.0
0.0;170.6;0.0;0.0
0.0;170.6;0.0;0.0
0.0;170.6;0.0;0.0
0.0;170.6;0.0;0.0
0.0;170.6;0.0;0.0
0.0;170.6;0.0;0.0
0.0;170.9;1.8;0.0
0.0;170.9;0.0;0.0
0.0;170.9;0.0;0.0
0.0;170.9;0.0;0.0
0.0;170.9;0.4;0.0
0.0;170.9;0.0;0.0
0.0;170.9;0.0;0.0
0.0;170.9;0.0;0.0
0.0;170.9;0.0;0.0
0.0;170.9;0.0;0.0
0.0;170.9;0.0;0.0
0.0;170.9;2.2;0.0
0.0;170.9;0.0;0.0
0.0;170.9;0.0;0.0
0.0;170.9;0.0;0.0
5.0;173.3;1.3;0.0
8.3;173.5;0.0;0.0
3.3;173.8;2.4;0.0
6.7;174.1;3.9;0.0
8.3;174.1;0.0;0.0
8.3;174.1;0.0;0.0
8.3;174.1;0.0;0.0
8.3;174.1;0.0;0.0
8.3;174.1;0.0;0.0
8.3;174.1;0.0;0.0
8.3;174.1;0.0;0.0
8.3;174.1;0.0;0.0
8.3;174.1;0.0;0.0
8.3;174.1;0.0;0.0
8.3;174.1;0.0;0.0
5.0;174.5;6.9;0.0
5.0;175.2;0.0;0.0
0.0;175.2;0.0;0.0
0.0;175.2;0.0;0.0
0.0;175.2;0.0;0.0
0.0;175.2;0.0;0.0
0.0;175.2;0.0;0.0
0.8;175.2;1.7;0.0
0.0;175.2;0.0;0.0
0.0;175.2;0.0;0.0
0.0;175.2;0.0;0.0
0.0;175.2;0.4;0.0
0.0;175.2;0.0;0.0
