7.5;44.8;15.6;0.0
7.5;53.3;18.9;0.0
8.3;60.1;12.5;0.0
8.3;66.1;17.7;0.0
7.5;72.2;11.5;0.0
7.5;78.7;14.1;0.0
9.1;83.1;12.1;0.0
6.6;89.0;25.5;0.0
7.5;94.5;23.6;0.0
8.3;98.5;17.2;0.0
7.5;104.0;23.5;0.0
8.3;110.5;22.4;0.0
85.7;122.5;12.5;0.0
22.4;132.9;28.7;0.0
8.3;135.3;1.0;0.0
7.5;139.2;11.0;0.0
7.5;147.3;28.3;0.0
5.0;152.8;11.0;0.0
0.0;152.8;0.0;0.0
0.0;152.8;0.0;0.0
0.0;152.8;0.0;0.0
0.0;152.8;0.0;0.0
0.0;152.8;0.0;0.0
0.0;152.8;0.0;0.0
0.0;152.8;0.0;0.0
0.0;152.8;0.0;0.0
0.0;152.8;0.8;0.0
0.0;152.8;0.0;0.0
0.0;152.8;0.0;0.0
0.0;152.8;0.0;0.0
0.0;152.8;0.0;0.0
0.0;152.8;0.0;0.0
0.0;152.8;0.0;0.0
0.0;152.8;0.0;0.0
0.0;152.8;0.0;0.0
0.0;152.8;0.0;0.0
0.0;152.8;0.0;0.0
0.0;152.8;0.0;0.0
0.0;152.8;0.0;0.0
0.0;152.8;0.0;0.0
0.0;152.8;0.0;0.0
0.0;152.8;0.0;0.0
0.0;152.9;1.0;0.0
0.0;152.9;0.0;0.0
0.0;152.9;0.4;0.0
0.0;152.9;0.0;0.0
0.0;152.9;0.0;0.0
0.0;152.9;0.0;0.0
0.0;152.9;0.0;0.0
0.0;152.9;0.0;0.0
0.0;152.9;0.0;0.0
0.0;152.9;0.0;0.0
0.0;152.9;0.4;0.0
0.0;152.9;0.0;0.0
0.0;152.9;0.0;0.0
0.0;152.9;0.0;0.0
0.0;152.9;0.0;0.0
0.0;152.9;0.0;0.0
0.0;152.9;0.0;0.0
0.0;152.9;0.0;0.0
