7.5;59.4;33.8;0.0
7.5;68.6;22.5;0.0
6.6;81.0;22.0;0.0
8.3;89.6;35.4;0.0
7.5;100.6;41.0;0.0
6.6;112.6;47.5;0.0
62.4;129.5;30.9;0.0
47.4;138.7;19.3;0.0
7.5;150.0;35.3;0.0
2.5;156.8;15.5;0.0
0.0;156.8;0.0;0.0
0.0;156.8;0.0;0.0
0.0;156.8;0.0;0.0
0.0;156.8;0.0;0.0
0.0;156.8;0.0;0.0
0.0;156.8;0.0;0.0
0.0;157.1;1.7;0.0
0.0;157.1;0.0;0.0
0.0;157.1;0.0;0.0
0.0;157.1;0.0;0.0
0.0;157.1;0.4;0.0
0.0;157.1;0.0;0.0
0.0;157.1;0.0;0.0
0.0;157.1;0.0;0.0
0.0;157.1;0.0;0.0
0.0;157.1;0.0;0.0
0.0;157.1;0.0;0.0
0.0;157.1;0.0;0.0
0.0;157.1;0.0;0.0
0.0;157.1;0.0;0.0
0.0;157.1;0.0;0.0
0.0;157.1;2.0;0.0
0.0;157.1;0.0;0.0
0.0;157.1;0.0;0.0
0.8;157.9;1.1;0.0
8.3;159.8;0.4;0.0
5.8;160.1;0.6;0.0
5.0;160.4;5.8;0.0
8.3;160.4;0.0;0.0
8.3;160.4;0.0;0.0
9.2;160.4;0.0;0.0
8.3;160.4;0.0;0.0
8.3;160.4;0.0;0.0
9.1;160.4;0.0;0.0
8.3;160.4;0.0;0.0
8.3;160.4;0.0;0.0
8.3;160.4;0.0;0.0
8.3;160.4;0.0;0.0
7.5;160.4;0.0;0.0
5.8;162.5;3.1;0.0
5.8;161.5;4.2;0.0
0.0;161.5;0.0;0.0
0.0;161.5;0.0;0.0
0.0;161.5;0.0;0.0
0.0;161.5;0.0;0.0
0.0;161.5;0.0;0.0
0.0;161.5;0.0;0.0
0.0;161.5;1.8;0.0
0.0;161.5;0.0;0.0
0.0;161.5;0.0;0.0
