6.6;59.0;35.7;0.0
7.5;70.9;28.0;0.0
7.5;73.3;20.8;0.0
8.3;81.6;36.6;0.0
7.5;93.5;44.4;0.0
6.7;106.2;49.9;0.0
78.2;126.9;30.6;0.0
32.4;136.6;14.8;0.0
6.7;152.7;47.2;0.0
0.0;152.7;0.1;0.0
0.0;152.7;0.0;0.0
0.0;152.7;0.0;0.0
0.0;152.7;0.0;0.0
0.0;152.7;0.0;0.0
0.0;152.7;0.0;0.0
0.0;152.7;0.0;0.0
0.8;152.8;1.8;0.0
0.0;152.8;0.0;0.0
0.0;152.8;0.0;0.0
0.0;152.8;0.0;0.0
0.0;152.8;0.4;0.0
0.0;152.8;0.0;0.0
0.0;152.8;0.0;0.0
0.0;152.8;0.0;0.0
0.0;152.8;0.0;0.0
0.0;152.8;0.0;0.0
0.0;152.8;0.0;0.0
0.0;152.8;2.5;0.0
0.0;152.8;0.0;0.0
0.0;152.8;0.0;0.0
0.0;152.8;0.0;0.0
6.6;155.2;1.4;0.0
7.5;155.7;0.6;0.0
5.0;156.0;6.0;0.0
8.3;156.0;0.0;0.0
8.3;156.0;0.0;0.0
8.3;156.0;0.0;0.0
8.3;156.0;0.0;0.0
8.3;156.0;0.0;0.0
8.3;156.0;0.0;0.0
9.1;156.0;0.0;0.0
8.3;156.0;0.0;0.0
8.3;156.0;0.0;0.0
8.3;156.0;0.0;0.0
8.3;156.0;0.0;0.0
5.0;156.8;7.4;0.0
3.3;157.3;0.0;0.0
0.0;157.3;0.0;0.0
0.0;157.3;0.0;0.0
0.0;157.3;0.0;0.0
0.0;157.3;0.0;0.0
0.0;157.3;0.0;0.0
0.0;157.3;1.7;0.0
0.0;157.3;0.0;0.0
0.0;157.3;0.0;0.0
0.0;157.3;0.0;0.0
0.0;157.3;0.4;0.0
0.0;157.3;0.0;0.0
0.0;157.3;0.0;0.0
0.0;157.3;0.0;0.0
