8.3;62.0;33.5;0.0
7.5;73.0;26.6;0.0
8.3;84.6;26.3;0.0
6.7;95.2;45.5;0.0
7.5;105.1;42.1;0.0
29.9;127.0;33.8;0.0
79.0;138.7;32.4;0.0
8.3;144.9;16.8;0.0
5.0;158.3;34.3;0.0
0.0;158.3;0.0;0.0
0.0;158.3;0.0;0.0
0.0;158.3;0.0;0.0
0.0;158.3;0.0;0.0
0.0;158.3;0.0;0.0
0.0;158.3;0.0;0.0
0.0;158.3;0.0;0.0
0.0;158.6;1.8;0.0
0.0;158.6;0.0;0.0
0.0;158.6;0.0;0.0
0.0;158.6;1.0;0.0
0.0;158.6;0.0;0.0
0.0;158.6;0.0;0.0
0.0;158.6;0.0;0.0
0.0;158.6;0.0;0.0
0.0;158.6;0.0;0.0
0.0;158.6;0.0;0.0
0.0;158.6;0.0;0.0
0.0;158.6;0.0;0.0
0.0;158.6;0.0;0.0
0.0;158.6;0.0;0.0
1.7;160.8;3.0;0.0
8.3;161.2;0.0;0.0
5.8;161.5;2.4;0.0
6.6;161.9;4.2;0.0
8.3;161.9;0.0;0.0
8.3;161.9;0.0;0.0
8.3;161.9;0.0;0.0
8.3;161.9;0.0;0.0
8.3;161.9;0.0;0.0
8.3;161.9;0.0;0.0
8.3;161.9;0.0;0.0
8.3;161.9;0.0;0.0
8.3;161.9;0.0;0.0
8.3;161.9;0.0;0.0
9.2;162.0;1.1;0.0
3.3;162.6;6.0;0.0
1.7;163.0;0.0;0.0
0.0;163.0;0.0;0.0
0.0;163.0;0.0;0.0
0.0;163.0;0.0;0.0
0.0;163.0;0.0;0.0
0.0;163.0;0.0;0.0
0.0;163.0;1.8;0.0
0.0;163.0;0.0;0.0
0.0;163.0;0.0;0.0
0.0;163.0;0.0;0.0
0.0;163.0;0.4;0.0
0.0;163.0;0.0;0.0
0.0;163.0;0.0;0.0
0.0;163.0;0.0;0.0
