5.8;55.9;35.6;0.0
7.5;70.2;29.0;0.0
7.5;73.0;23.5;0.0
7.5;82.6;27.0;0.0
7.5;94.6;50.3;0.0
6.6;105.0;44.9;0.0
54.9;123.7;33.0;0.0
54.1;134.1;23.4;0.0
8.3;144.3;34.1;0.0
2.5;152.4;16.7;0.0
0.0;152.4;0.0;0.0
0.0;152.4;0.0;0.0
0.0;152.4;0.0;0.0
0.0;152.4;0.0;0.0
0.0;152.4;0.0;0.0
0.0;152.4;0.0;0.0
0.0;152.6;1.8;0.0
0.0;152.6;0.0;0.0
0.0;152.6;0.0;0.0
0.0;152.6;0.0;0.0
0.0;152.6;0.4;0.0
0.0;152.6;0.0;0.0
0.0;152.6;0.0;0.0
0.0;152.6;0.0;0.0
0.0;152.6;0.0;0.0
0.0;152.6;0.0;0.0
0.0;152.6;0.0;0.0
0.0;152.6;0.0;0.0
0.0;152.6;2.2;0.0
0.0;152.6;0.0;0.0
0.0;152.6;0.0;0.0
0.8;153.3;1.0;0.0
8.3;155.1;0.4;0.0
6.7;155.4;0.6;0.0
5.8;155.7;5.6;0.0
8.3;155.7;0.0;0.0
8.3;155.7;0.0;0.0
8.3;155.7;0.0;0.0
8.3;155.7;0.0;0.0
8.3;155.7;0.0;0.0
8.3;155.7;0.0;0.0
8.3;155.7;0.0;0.0
9.1;155.7;0.0;0.0
8.3;155.7;0.0;0.0
8.3;155.7;0.0;0.0
8.3;155.7;0.0;0.0
8.3;155.9;1.3;0.0
3.3;156.5;5.9;0.0
1.7;157.0;0.0;0.0
0.0;157.0;0.0;0.0
0.0;157.0;0.0;0.0
0.0;157.0;0.0;0.0
0.0;157.0;0.0;0.0
0.0;157.0;0.0;0.0
0.0;157.0;1.8;0.0
0.0;157.0;0.0;0.0
0.0;157.0;0.0;0.0
0.0;157.0;0.0;0.0
0.0;157.0;0.4;0.0
0.0;157.0;0.0;0.0
