7.5;53.6;34.8;0.0
7.5;66.9;26.3;0.0
7.5;72.0;24.2;0.0
8.3;80.9;28.2;0.0
6.6;92.3;47.5;0.0
7.5;102.3;43.6;0.0
49.9;129.3;34.9;0.0
58.9;138.8;22.6;0.0
7.5;144.8;18.2;0.0
4.2;157.8;32.9;0.0
0.0;157.8;0.0;0.0
0.0;157.8;0.0;0.0
0.0;157.8;0.0;0.0
0.0;157.8;0.0;0.0
0.0;157.8;0.0;0.0
0.0;157.8;0.0;0.0
0.0;157.8;0.0;0.0
1.7;157.9;1.8;0.0
0.0;157.9;0.0;0.0
0.0;157.9;0.0;0.0
0.0;157.9;0.4;0.0
0.0;157.9;0.0;0.0
0.0;157.9;0.0;0.0
0.0;157.9;0.0;0.0
0.0;157.9;0.0;0.0
0.0;157.9;0.0;0.0
0.0;157.9;0.0;0.0
0.0;157.9;2.2;0.0
0.0;157.9;0.0;0.0
0.0;157.9;0.0;0.0
0.0;157.9;0.0;0.0
2.5;160.3;1.4;0.0
8.3;160.5;0.0;0.0
4.2;160.8;2.4;0.0
7.5;161.2;3.8;0.0
8.3;161.2;0.0;0.0
8.3;161.2;0.0;0.0
8.3;161.2;0.0;0.0
8.3;161.2;0.0;0.0
8.3;161.2;0.0;0.0
8.3;161.2;0.0;0.0
8.3;161.2;0.0;0.0
8.3;161.2;0.0;0.0
8.3;161.2;0.0;0.0
8.3;161.2;0.0;0.0
8.3;161.2;0.0;0.0
5.0;161.7;7.1;0.0
5.8;162.5;0.0;0.0
0.0;162.5;0.0;0.0
0.0;162.5;0.0;0.0
0.0;162.5;0.0;0.0
0.0;162.5;0.0;0.0
0.0;162.5;0.0;0.0
0.8;162.5;1.8;0.0
0.0;162.5;0.0;0.0
0.0;162.5;0.0;0.0
0.0;162.5;0.0;0.0
0.0;162.5;0.4;0.0
0.0;162.5;0.0;0.0
0.0;162.5;0.0;0.0
