9.1;51.0;37.1;0.0
7.5;64.8;28.3;0.0
7.5;72.0;24.4;0.0
7.5;80.9;30.0;0.0
6.6;92.2;45.7;0.0
8.3;101.8;41.5;0.0
44.9;130.0;39.3;0.0
62.4;139.4;20.5;0.0
8.3;151.1;35.7;0.0
1.7;158.0;15.1;0.0
0.0;158.0;0.0;0.0
0.0;158.0;0.0;0.0
0.0;158.0;0.0;0.0
0.0;158.0;0.0;0.0
0.0;158.0;0.0;0.0
0.0;158.0;0.0;0.0
0.0;158.1;1.8;0.0
0.0;158.1;0.0;0.0
0.0;158.1;0.0;0.0
0.0;158.1;0.0;0.0
0.0;158.1;1.1;0.0
0.0;158.1;0.0;0.0
0.0;158.1;0.0;0.0
0.0;158.1;0.0;0.0
0.0;158.1;0.0;0.0
0.0;158.1;0.0;0.0
0.0;158.1;0.0;0.0
0.0;158.1;0.0;0.0
0.0;158.1;0.0;0.0
0.0;158.1;0.0;0.0
0.0;158.1;0.0;0.0
6.6;160.4;2.9;0.0
8.3;160.9;0.6;0.0
3.3;161.2;5.5;0.0
8.3;161.2;0.0;0.0
8.3;161.2;0.0;0.0
9.1;161.2;0.0;0.0
8.3;161.2;0.0;0.0
8.3;161.2;0.0;0.0
8.3;161.2;0.0;0.0
8.3;161.2;0.0;0.0
8.3;161.2;0.0;0.0
8.3;161.2;0.0;0.0
8.3;161.2;0.0;0.0
8.3;161.5;0.9;0.0
4.2;162.0;5.9;0.0
1.7;162.4;0.0;0.0
0.0;162.4;0.0;0.0
0.0;162.4;0.0;0.0
0.0;162.4;0.0;0.0
0.0;162.4;0.0;0.0
0.0;162.4;0.0;0.0
0.0;162.4;1.7;0.0
0.0;162.4;0.0;0.0
0.0;162.4;0.0;0.0
0.0;162.4;0.0;0.0
0.0;162.4;0.4;0.0
0.0;162.4;0.0;0.0
0.0;162.4;0.0;0.0
0.0;162.4;0.0;0.0
