6.6;44.1;34.6;0.0
8.3;59.9;31.4;0.0
7.5;70.7;23.7;0.0
7.5;80.2;24.8;0.0
7.5;91.5;48.9;0.0
5.8;101.5;43.4;0.0
44.1;127.2;36.5;0.0
65.7;137.5;24.8;0.0
7.5;146.1;26.9;0.0
4.2;156.4;24.2;0.0
0.0;156.4;0.0;0.0
0.0;156.4;0.0;0.0
0.0;156.4;0.0;0.0
0.0;156.4;0.0;0.0
0.0;156.4;0.0;0.0
0.0;156.4;0.0;0.0
0.0;156.6;1.7;0.0
0.0;156.6;0.0;0.0
0.0;156.6;0.0;0.0
0.0;156.6;0.0;0.0
0.0;156.6;1.0;0.0
0.0;156.6;0.0;0.0
0.0;156.6;0.0;0.0
0.0;156.6;0.0;0.0
0.0;156.6;0.0;0.0
0.0;156.6;0.0;0.0
0.0;156.6;0.0;0.0
0.0;156.6;0.0;0.0
0.0;156.6;0.0;0.0
0.0;156.6;0.0;0.0
0.0;156.6;0.0;0.0
0.0;156.6;0.0;0.0
0.0;156.6;0.0;0.0
0.0;156.6;0.0;0.0
0.0;156.6;1.9;0.0
8.3;159.0;1.2;0.0
7.5;159.5;0.6;0.0
5.0;159.9;5.9;0.0
8.3;159.9;0.0;0.0
8.3;159.9;0.0;0.0
8.3;159.9;0.0;0.0
8.3;159.9;0.0;0.0
8.3;159.9;0.0;0.0
8.3;159.9;0.0;0.0
8.3;159.9;0.0;0.0
8.3;159.9;0.0;0.0
8.3;159.9;0.0;0.0
8.3;159.9;0.0;0.0
8.3;159.9;0.0;0.0
7.5;160.1;1.3;0.0
5.0;161.1;5.8;0.0
0.0;161.1;0.0;0.0
0.0;161.1;0.0;0.0
0.0;161.1;0.0;0.0
0.0;161.1;0.0;0.0
0.0;161.1;0.0;0.0
0.0;161.1;0.0;0.0
0.0;161.1;1.7;0.0
0.0;161.1;0.0;0.0
0.0;161.1;0.0;0.0
