7.4;26.3;3.2;0.0
6.6;33.8;12.4;0.0
8.3;47.2;22.9;0.0
7.5;56.9;16.8;0.0
7.5;63.0;22.2;0.0
8.3;71.1;11.9;0.0
7.5;79.0;21.3;0.0
9.2;82.8;20.4;0.0
7.5;91.0;28.4;0.0
7.5;96.8;26.6;0.0
7.5;106.1;35.2;0.0
37.6;117.4;8.6;0.0
73.1;126.4;25.0;0.0
8.3;133.7;13.1;0.0
8.3;138.8;12.4;0.0
7.5;151.6;37.0;0.0
0.8;152.1;1.6;0.0
0.0;152.1;0.0;0.0
0.0;152.1;0.0;0.0
0.0;152.1;0.0;0.0
0.0;152.1;0.0;0.0
0.0;152.1;0.0;0.0
0.0;152.1;0.0;0.0
0.0;152.1;0.0;0.0
0.0;152.1;0.0;0.0
0.0;152.1;0.0;0.0
0.0;152.1;0.0;0.0
0.0;152.1;0.0;0.0
0.0;152.1;0.0;0.0
0.0;152.1;0.0;0.0
0.0;152.1;0.0;0.0
0.0;152.1;0.0;0.0
0.0;152.1;0.0;0.0
0.0;152.1;0.0;0.0
0.0;152.1;0.0;0.0
0.0;152.1;0.0;0.0
0.0;152.1;0.8;0.0
0.0;152.1;0.0;0.0
0.0;152.1;0.0;0.0
0.0;152.1;0.0;0.0
0.0;152.1;0.0;0.0
0.0;152.1;0.0;0.0
0.0;152.1;0.0;0.0
0.0;152.1;0.0;0.0
0.0;152.1;0.0;0.0
0.0;152.1;0.0;0.0
0.0;152.1;0.0;0.0
0.0;152.1;0.0;0.0
0.0;152.1;0.0;0.0
0.0;152.1;0.0;0.0
0.0;152.1;0.0;0.0
0.0;152.1;0.0;0.0
0.0;152.1;0.0;0.0
0.0;152.1;0.0;0.0
0.0;152.1;0.0;0.0
0.0;152.1;0.0;0.0
0.0;152.1;0.0;0.0
0.0;152.1;0.0;0.0
0.0;152.1;0.0;0.0
0.0;152.1;0.0;0.0
