7.5;49.7;32.0;0.0
7.5;62.4;26.1;0.0
7.5;68.1;23.5;0.0
7.5;77.6;25.2;0.0
6.7;88.3;45.1;0.0
6.7;98.4;44.3;0.0
37.4;120.8;40.7;0.0
72.2;131.0;23.4;0.0
7.5;143.0;37.5;0.0
1.7;149.4;13.3;0.0
0.0;149.4;0.0;0.0
0.0;149.4;0.0;0.0
0.0;149.4;0.0;0.0
0.0;149.4;0.0;0.0
0.0;149.4;0.0;0.0
0.0;149.4;0.0;0.0
0.0;149.5;1.7;0.0
0.0;149.5;0.0;0.0
0.0;149.5;0.0;0.0
0.0;149.5;0.0;0.0
0.0;149.5;0.4;0.0
0.0;149.5;0.0;0.0
0.0;149.5;0.0;0.0
0.0;149.5;0.0;0.0
0.0;149.5;0.0;0.0
0.0;149.5;0.0;0.0
0.0;149.5;0.0;0.0
0.0;149.5;0.0;0.0
0.0;149.5;0.0;0.0
0.0;149.5;0.0;0.0
0.0;149.5;0.7;0.0
0.0;149.5;1.9;0.0
0.0;149.5;0.0;0.0
0.0;149.5;0.0;0.0
0.8;150.9;0.9;0.0
8.3;151.8;0.4;0.0
6.7;152.3;2.5;0.0
6.6;152.6;4.2;0.0
8.3;152.6;0.0;0.0
8.3;152.6;0.0;0.0
8.3;152.6;0.0;0.0
8.3;152.6;0.0;0.0
8.3;152.6;0.0;0.0
8.3;152.6;0.0;0.0
8.3;152.6;0.0;0.0
8.3;152.6;0.0;0.0
8.3;152.6;0.0;0.0
8.3;152.6;0.0;0.0
8.3;152.6;0.0;0.0
3.3;153.3;7.2;0.0
4.2;153.8;0.0;0.0
0.0;153.8;0.0;0.0
0.0;153.8;0.0;0.0
0.0;153.8;0.0;0.0
0.0;153.8;0.0;0.0
0.0;153.8;0.0;0.0
0.8;153.8;1.7;0.0
0.0;153.8;0.0;0.0
0.0;153.8;0.0;0.0
0.0;153.8;0.0;0.0
