7.5;57.5;33.5;0.0
7.5;73.4;32.9;0.0
7.5;84.0;24.2;0.0
8.3;93.4;24.6;0.0
6.6;103.8;44.3;0.0
7.5;114.4;45.9;0.0
35.8;144.1;37.0;0.0
69.9;154.5;26.6;0.0
8.3;162.0;22.8;0.0
4.2;173.5;28.3;0.0
0.0;173.5;0.0;0.0
0.0;173.5;0.0;0.0
0.0;173.5;0.0;0.0
0.0;173.5;0.0;0.0
0.0;173.5;0.0;0.0
0.0;173.5;0.0;0.0
0.0;173.6;1.8;0.0
0.0;173.6;0.0;0.0
0.0;173.6;0.0;0.0
0.0;173.6;0.0;0.0
0.0;173.6;1.1;0.0
0.0;173.6;0.0;0.0
0.0;173.6;0.0;0.0
0.0;173.6;0.0;0.0
0.0;173.6;0.0;0.0
0.0;173.6;0.0;0.0
0.0;173.6;0.0;0.0
0.0;173.6;0.0;0.0
0.0;173.6;0.0;0.0
0.0;173.6;0.0;0.0
0.0;173.6;0.0;0.0
2.5;175.7;2.8;0.0
8.3;176.0;0.0;0.0
5.0;176.4;6.2;0.0
7.5;176.5;0.0;0.0
8.3;176.5;0.0;0.0
8.3;176.5;0.0;0.0
8.3;176.5;0.0;0.0
8.3;176.7;0.0;0.0
8.3;176.7;0.0;0.0
8.3;176.7;0.0;0.0
8.3;176.7;0.0;0.0
8.3;176.7;0.0;0.0
8.3;176.7;0.0;0.0
8.3;176.7;0.0;0.0
8.3;176.9;1.3;0.0
5.0;177.4;5.6;0.0
0.0;177.9;0.0;0.0
0.0;177.9;0.0;0.0
0.0;177.9;0.0;0.0
0.0;177.9;0.0;0.0
0.0;177.9;0.0;0.0
0.0;177.9;0.0;0.0
0.0;177.9;1.8;0.0
0.0;177.9;0.0;0.0
0.0;177.9;0.0;0.0
0.0;177.9;0.4;0.0
0.0;177.9;0.0;0.0
0.0;177.9;0.0;0.0
0.0;177.9;0.0;0.0
