6.7;54.6;34.9;0.0
8.3;67.6;26.0;0.0
5.8;74.9;22.1;0.0
9.1;84.4;27.8;0.0
6.7;94.5;43.3;0.0
7.5;104.4;43.5;0.0
39.9;126.4;38.0;0.0
68.7;136.6;24.8;0.0
7.5;145.6;28.9;0.0
4.1;155.1;22.1;0.0
0.0;155.1;0.0;0.0
0.0;155.1;0.0;0.0
0.0;155.1;0.0;0.0
0.0;155.1;0.0;0.0
0.0;155.1;0.0;0.0
0.0;155.1;0.0;0.0
0.0;155.4;1.8;0.0
0.0;155.4;0.0;0.0
0.0;155.4;0.0;0.0
0.0;155.4;0.0;0.0
0.0;155.4;1.1;0.0
0.0;155.4;0.0;0.0
0.0;155.4;0.0;0.0
0.0;155.4;0.0;0.0
0.0;155.4;0.0;0.0
0.0;155.4;0.0;0.0
0.0;155.4;0.0;0.0
0.0;155.4;0.0;0.0
0.0;155.4;0.0;0.0
0.0;155.4;0.0;0.0
0.0;155.4;0.0;0.0
0.0;155.4;2.1;0.0
0.0;155.4;0.0;0.0
0.0;155.4;0.0;0.0
0.0;155.4;0.0;0.0
6.6;157.9;0.9;0.0
8.3;158.4;0.0;0.0
4.1;158.5;6.7;0.0
8.3;158.7;0.0;0.0
8.3;158.7;0.0;0.0
8.3;158.7;0.0;0.0
8.3;158.7;0.0;0.0
8.3;158.7;0.0;0.0
8.3;158.7;0.0;0.0
8.3;158.7;0.0;0.0
8.3;158.7;0.0;0.0
8.3;158.7;0.0;0.0
8.3;158.7;0.0;0.0
8.3;158.7;0.0;0.0
9.2;158.9;1.1;0.0
4.2;159.5;6.0;0.0
1.7;159.9;0.0;0.0
0.0;159.9;0.0;0.0
0.0;159.9;0.0;0.0
0.0;159.9;0.0;0.0
0.0;159.9;0.0;0.0
0.0;159.9;0.0;0.0
0.0;159.9;1.8;0.0
0.0;159.9;0.0;0.0
0.0;159.9;0.0;0.0
