8.3;46.3;16.9;0.0
7.5;55.5;16.7;0.0
8.3;61.6;14.9;0.0
7.5;64.2;19.7;0.0
8.3;73.7;11.0;0.0
7.5;79.3;19.1;0.0
7.5;87.0;34.3;0.0
7.5;92.4;21.4;0.0
8.3;99.4;29.8;0.0
7.5;106.8;26.7;0.0
77.4;116.2;11.4;0.0
36.6;126.8;30.2;0.0
8.3;130.0;1.8;0.0
7.5;135.5;21.0;0.0
6.6;147.1;28.2;0.0
0.0;147.1;0.3;0.0
0.0;147.1;0.0;0.0
0.0;147.1;0.0;0.0
0.0;147.1;0.0;0.0
0.0;147.1;0.0;0.0
0.0;147.1;0.0;0.0
0.0;147.1;0.0;0.0
0.0;147.2;1.6;0.0
0.0;147.2;0.0;0.0
0.0;147.2;0.0;0.0
0.0;147.2;0.0;0.0
0.0;147.2;0.8;0.0
0.0;147.2;0.2;0.0
0.0;147.2;0.0;0.0
0.0;147.2;0.0;0.0
0.0;147.2;0.0;0.0
0.0;147.2;0.0;0.0
0.0;147.2;0.0;0.0
0.0;147.2;0.0;0.0
0.0;147.2;0.0;0.0
0.0;147.2;0.0;0.0
0.0;147.2;0.0;0.0
0.0;147.2;0.0;0.0
0.0;147.2;0.0;0.0
0.0;147.2;1.4;0.0
0.0;147.2;0.0;0.0
0.0;147.2;0.0;0.0
0.0;147.2;0.0;0.0
0.0;147.2;0.0;0.0
0.0;147.2;0.0;0.0
0.0;147.2;0.0;0.0
0.0;147.2;0.0;0.0
0.0;147.2;0.0;0.0
0.0;147.2;1.4;0.0
0.0;147.2;0.0;0.0
0.0;147.2;0.0;0.0
0.0;147.2;0.0;0.0
0.0;147.2;0.0;0.0
0.0;147.2;0.0;0.0
0.0;147.2;0.0;0.0
0.0;147.2;0.0;0.0
0.0;147.2;0.0;0.0
0.0;147.2;0.0;0.0
0.0;147.2;0.0;0.0
0.0;147.2;0.0;0.0
