17.5;44.7;32.4;0.0
8.3;60.0;34.1;0.0
7.5;65.0;24.3;0.0
8.3;76.9;26.2;0.0
7.5;84.8;34.4;0.0
6.7;94.9;44.0;0.0
7.5;105.3;36.3;0.0
98.2;131.5;41.2;0.0
12.5;138.0;9.8;0.0
4.1;151.8;41.2;0.0
0.0;151.8;0.0;0.0
0.0;151.8;0.0;0.0
0.0;151.8;0.0;0.0
0.0;151.8;0.0;0.0
0.0;151.8;0.0;0.0
0.0;151.8;0.0;0.0
0.0;151.8;0.0;0.0
0.8;151.9;1.8;0.0
0.0;151.9;0.0;0.0
0.0;151.9;0.0;0.0
0.0;151.9;0.4;0.0
0.0;151.9;0.0;0.0
0.0;151.9;0.0;0.0
0.0;151.9;0.0;0.0
0.0;151.9;0.0;0.0
0.0;151.9;0.0;0.0
0.0;151.9;0.0;0.0
0.0;151.9;0.0;0.0
0.0;151.9;2.1;0.0
0.0;151.9;0.0;0.0
0.0;151.9;0.0;0.0
2.5;154.1;1.5;0.0
8.3;154.2;0.0;0.0
5.0;154.7;6.5;0.0
7.5;154.9;0.0;0.0
8.3;154.9;0.0;0.0
8.3;154.9;0.0;0.0
8.3;154.9;0.0;0.0
8.3;154.9;0.0;0.0
8.3;154.9;0.0;0.0
8.3;154.9;0.0;0.0
9.1;154.9;0.0;0.0
8.3;154.9;0.0;0.0
8.3;154.9;0.0;0.0
8.3;154.9;0.0;0.0
8.3;154.9;0.0;0.0
4.2;155.7;7.2;0.0
3.3;156.2;0.0;0.0
0.0;156.2;0.0;0.0
0.0;156.2;0.0;0.0
0.0;156.2;0.0;0.0
0.0;156.2;0.0;0.0
0.0;156.2;0.0;0.0
0.0;156.2;1.8;0.0
0.0;156.2;0.0;0.0
0.0;156.2;0.0;0.0
0.0;156.2;0.0;0.0
0.0;156.2;0.4;0.0
0.0;156.2;0.0;0.0
0.0;156.2;0.0;0.0
