20.0;52.4;27.5;0.0
7.5;66.3;28.6;0.0
6.6;69.2;29.2;0.0
7.5;82.1;26.6;0.0
7.5;89.7;29.0;0.0
7.5;99.1;40.6;0.0
7.5;111.4;45.9;0.0
84.9;134.4;37.8;0.0
24.1;143.1;11.3;0.0
7.5;157.9;43.5;0.0
0.0;157.9;0.1;0.0
0.0;157.9;0.0;0.0
0.0;157.9;0.0;0.0
0.0;157.9;0.0;0.0
0.0;157.9;0.0;0.0
0.0;157.9;0.0;0.0
0.0;157.9;0.0;0.0
0.0;158.0;1.7;0.0
0.0;158.0;0.0;0.0
0.0;158.0;0.0;0.0
0.0;158.0;0.0;0.0
0.0;158.0;0.4;0.0
0.0;158.0;0.0;0.0
0.0;158.0;0.0;0.0
0.0;158.0;0.0;0.0
0.0;158.0;0.0;0.0
0.0;158.0;0.0;0.0
0.0;158.0;0.0;0.0
0.0;158.0;2.2;0.0
0.0;158.0;0.0;0.0
0.0;158.0;0.0;0.0
0.0;158.0;0.0;0.0
8.3;160.2;1.4;0.0
7.5;160.7;0.6;0.0
4.2;161.0;5.8;0.0
8.3;161.0;0.0;0.0
8.3;161.0;0.0;0.0
8.3;161.0;0.0;0.0
8.3;161.0;0.0;0.0
8.3;161.0;0.0;0.0
8.3;161.0;0.0;0.0
8.3;161.0;0.0;0.0
8.3;161.0;0.0;0.0
8.3;161.0;0.0;0.0
8.3;161.0;0.0;0.0
8.3;161.0;0.0;0.0
4.2;161.7;7.1;0.0
5.0;162.3;0.0;0.0
0.0;162.3;0.0;0.0
0.0;162.3;0.0;0.0
0.0;162.3;0.0;0.0
0.0;162.3;0.0;0.0
0.0;162.3;0.0;0.0
0.8;162.3;1.8;0.0
0.0;162.3;0.0;0.0
0.0;162.3;0.0;0.0
0.0;162.3;0.0;0.0
0.0;162.3;1.2;0.0
0.0;162.3;0.0;0.0
0.0;162.3;0.0;0.0
