6.7;48.0;33.9;0.0
8.3;61.1;26.2;0.0
6.6;70.6;23.6;0.0
8.3;79.8;30.2;0.0
6.7;91.4;47.9;0.0
7.5;103.9;48.7;0.0
61.6;125.3;40.4;0.0
46.6;134.4;14.0;0.0
7.5;150.1;46.5;0.0
0.0;150.1;0.1;0.0
0.0;150.1;0.0;0.0
0.0;150.1;0.0;0.0
0.0;150.1;0.0;0.0
0.0;150.1;0.0;0.0
0.0;150.1;0.0;0.0
0.0;150.1;0.0;0.0
0.0;150.4;1.8;0.0
0.0;150.4;0.0;0.0
0.0;150.4;0.0;0.0
0.0;150.4;0.0;0.0
0.0;150.4;0.4;0.0
0.0;150.4;0.0;0.0
0.0;150.4;0.0;0.0
0.0;150.4;0.0;0.0
0.0;150.4;0.0;0.0
0.0;150.4;0.0;0.0
0.0;150.4;0.0;0.0
0.0;150.4;2.2;0.0
0.0;150.4;0.0;0.0
0.0;150.4;0.0;0.0
0.0;150.4;0.0;0.0
7.5;153.1;1.3;0.0
6.6;153.4;0.6;0.0
5.8;153.7;5.6;0.0
8.3;153.7;0.0;0.0
8.3;153.7;0.0;0.0
8.3;153.7;0.0;0.0
8.3;153.7;0.0;0.0
8.3;153.7;0.0;0.0
7.5;153.7;0.0;0.0
8.3;153.7;0.0;0.0
8.3;153.7;0.0;0.0
8.3;153.7;0.0;0.0
9.1;153.7;0.0;0.0
9.1;153.8;0.0;0.0
4.2;154.4;6.9;0.0
1.7;154.8;0.0;0.0
0.0;154.8;0.0;0.0
0.0;154.8;0.0;0.0
0.0;154.8;0.0;0.0
0.0;154.8;0.0;0.0
0.0;154.8;0.0;0.0
0.0;154.8;1.8;0.0
0.0;154.8;0.0;0.0
0.0;154.8;0.0;0.0
0.0;154.8;0.0;0.0
0.0;154.8;0.4;0.0
0.0;154.8;0.0;0.0
0.0;154.8;0.0;0.0
0.0;154.8;0.0;0.0
