6.6;42.9;16.8;0.0
8.3;53.6;22.5;0.0
8.3;61.6;18.2;0.0
6.6;65.2;16.2;0.0
9.1;72.3;8.3;0.0
8.3;79.0;19.8;0.0
6.6;85.0;23.7;0.0
7.5;89.1;19.4;0.0
7.5;92.9;14.8;0.0
8.3;96.0;16.6;0.0
7.5;100.6;19.2;0.0
7.5;107.0;20.4;0.0
93.1;117.4;8.1;0.0
22.5;129.4;33.1;0.0
8.3;132.1;1.0;0.0
7.5;136.4;17.2;0.0
8.3;149.5;32.7;0.0
0.0;149.5;0.3;0.0
0.0;149.5;0.0;0.0
0.0;149.5;0.0;0.0
0.0;149.5;0.0;0.0
0.0;149.5;0.0;0.0
0.0;149.5;0.0;0.0
0.0;149.7;1.6;0.0
0.0;149.7;0.0;0.0
0.0;149.7;0.0;0.0
0.0;149.7;0.2;0.0
0.0;149.7;0.0;0.0
0.0;149.7;0.0;0.0
0.0;149.7;0.0;0.0
0.0;149.7;0.5;0.0
0.0;149.7;0.0;0.0
0.0;149.7;0.0;0.0
0.0;149.7;0.0;0.0
0.0;149.7;0.0;0.0
0.0;149.7;0.0;0.0
0.0;149.7;0.0;0.0
0.0;149.7;0.0;0.0
0.0;149.7;0.0;0.0
0.0;149.7;1.0;0.0
0.0;149.7;0.0;0.0
0.0;149.7;0.0;0.0
0.0;149.7;0.0;0.0
0.0;149.7;0.0;0.0
0.0;149.7;0.0;0.0
0.0;149.7;0.0;0.0
0.0;149.7;0.0;0.0
0.0;149.7;0.0;0.0
0.0;149.7;0.0;0.0
0.0;149.7;0.4;0.0
0.0;149.7;0.0;0.0
0.0;149.7;0.0;0.0
0.0;149.7;0.0;0.0
0.0;149.7;0.0;0.0
0.0;149.7;0.0;0.0
0.0;149.7;0.0;0.0
0.0;149.7;0.0;0.0
0.0;149.7;0.0;0.0
0.0;149.7;0.0;0.0
0.0;149.7;0.0;0.0
