6.6;25.1;2.4;0.0
8.3;27.0;5.1;0.0
7.5;37.8;21.0;0.0
7.5;52.5;26.5;0.0
8.3;62.0;18.4;0.0
6.6;62.8;19.7;0.0
8.3;73.1;13.4;0.0
8.3;79.4;20.1;0.0
7.5;85.7;27.1;0.0
6.6;91.5;25.6;0.0
8.3;99.1;30.6;0.0
7.5;107.0;28.9;0.0
69.9;117.0;11.6;0.0
44.0;127.3;30.0;0.0
9.2;131.5;3.8;0.0
7.5;135.5;17.6;0.0
7.5;146.2;26.3;0.0
1.7;147.4;3.3;0.0
0.0;147.4;0.3;0.0
0.0;147.4;0.0;0.0
0.0;147.4;0.0;0.0
0.0;147.4;0.0;0.0
0.0;147.4;0.0;0.0
0.0;147.4;0.0;0.0
0.0;147.4;0.0;0.0
0.0;147.4;0.0;0.0
0.8;147.6;1.8;0.0
0.0;147.6;0.0;0.0
0.0;147.6;0.0;0.0
0.0;147.6;0.2;0.0
0.0;147.6;0.0;0.0
0.0;147.6;0.0;0.0
0.0;147.6;0.0;0.0
0.0;147.6;0.0;0.0
0.0;147.6;0.0;0.0
0.0;147.6;0.0;0.0
0.0;147.6;0.0;0.0
0.0;147.6;0.0;0.0
0.0;147.6;0.0;0.0
0.0;147.6;2.0;0.0
0.0;147.6;0.0;0.0
0.0;147.6;0.0;0.0
0.0;147.6;0.0;0.0
0.0;147.6;0.0;0.0
0.0;147.6;0.0;0.0
0.0;147.6;0.0;0.0
0.0;147.6;0.0;0.0
0.0;147.6;0.0;0.0
0.0;147.6;0.0;0.0
0.0;147.6;0.0;0.0
0.0;147.6;0.0;0.0
0.0;147.6;0.0;0.0
0.0;147.6;0.0;0.0
0.0;147.6;0.0;0.0
0.0;147.6;0.0;0.0
0.0;147.6;0.0;0.0
0.0;147.6;0.0;0.0
0.0;147.6;0.0;0.0
0.0;147.6;0.0;0.0
0.0;147.6;0.0;0.0
