7.5;48.3;21.5;0.0
7.5;60.9;25.6;0.0
8.3;68.3;15.2;0.0
7.5;73.5;14.2;0.0
6.6;72.7;12.8;0.0
9.2;79.1;11.0;0.0
8.3;83.5;15.8;0.0
7.5;91.7;32.9;0.0
7.5;96.9;21.8;0.0
7.5;102.5;22.6;0.0
7.5;108.1;22.3;0.0
22.0;120.5;11.5;0.0
85.7;126.8;11.0;0.0
8.3;137.6;30.2;0.0
8.3;141.1;3.4;0.0
8.3;146.1;20.0;0.0
5.8;157.4;27.7;0.0
0.0;157.4;0.1;0.0
0.0;157.4;0.0;0.0
0.0;157.4;0.0;0.0
0.0;157.4;0.0;0.0
0.0;157.4;0.0;0.0
0.0;157.4;0.0;0.0
0.0;157.4;0.0;0.0
0.0;157.4;0.0;0.0
0.0;157.4;0.0;0.0
0.0;157.4;0.0;0.0
0.0;157.4;0.0;0.0
0.0;157.4;0.0;0.0
0.0;157.4;0.8;0.0
0.0;157.4;0.0;0.0
0.0;157.4;0.0;0.0
0.0;157.4;0.0;0.0
0.0;157.7;1.1;0.0
0.0;157.7;0.0;0.0
0.0;157.7;0.0;0.0
0.0;157.7;0.0;0.0
0.0;157.7;0.0;0.0
0.0;157.7;0.4;0.0
0.0;157.7;0.0;0.0
0.0;157.7;0.0;0.0
0.0;157.7;0.0;0.0
0.0;157.7;0.0;0.0
0.0;157.7;0.0;0.0
0.0;157.7;0.0;0.0
0.0;157.7;0.0;0.0
0.0;157.7;0.0;0.0
0.0;157.7;0.0;0.0
0.0;157.7;0.5;0.0
0.0;157.7;0.0;0.0
0.0;157.7;0.0;0.0
0.0;157.7;0.0;0.0
0.0;157.7;0.0;0.0
0.0;157.7;0.0;0.0
0.0;157.7;0.0;0.0
0.0;157.7;0.0;0.0
0.0;157.7;0.0;0.0
0.0;157.7;0.0;0.0
0.0;157.7;0.0;0.0
0.0;157.7;0.0;0.0
