7.5;48.9;25.5;0.0
8.3;59.0;17.6;0.0
6.6;61.3;24.1;0.0
7.5;70.2;10.7;0.0
8.3;77.7;21.6;0.0
8.3;85.0;31.6;0.0
7.5;92.1;29.1;0.0
7.5;97.9;24.8;0.0
8.3;105.7;28.1;0.0
50.0;118.7;10.4;0.0
61.5;129.9;31.2;0.0
8.3;134.7;6.6;0.0
7.5;143.5;31.1;0.0
9.1;151.2;12.7;0.0
8.3;151.6;0.1;0.0
8.3;151.6;0.0;0.0
8.3;152.2;1.5;0.0
7.5;152.6;0.3;4.0
8.3;186.1;138.7;0.0
8.3;186.8;240.0;0.0
8.3;194.9;228.8;0.0
8.3;218.3;1.6;0.0
8.3;218.3;0.2;68.0
8.3;218.3;0.2;64.0
8.3;218.3;0.4;128.0
8.3;218.3;0.2;64.0
8.3;188.0;0.3;44.0
8.3;188.1;0.0;0.0
9.1;0.0;0.0;0.0
0.0;0.0;0.0;0.0
0.0;0.0;0.0;0.0
0.0;0.0;0.0;0.0
0.0;0.0;0.0;0.0
0.0;0.0;0.0;0.0
0.0;0.0;0.0;0.0
0.0;0.0;0.0;0.0
0.0;0.0;0.0;0.0
0.0;0.0;0.0;0.0
0.0;0.0;0.0;0.0
0.0;0.0;0.0;0.0
0.0;0.0;0.0;0.0
0.0;0.0;0.0;0.0
0.0;0.0;0.0;0.0
0.0;0.0;0.0;0.0
0.0;0.0;0.0;0.0
0.0;0.0;0.0;0.0
0.0;0.0;0.0;0.0
0.0;0.0;0.0;0.0
0.0;0.0;0.0;0.0
0.0;0.0;0.0;0.0
0.0;0.0;0.0;0.0
0.0;0.0;0.0;0.0
0.0;0.0;0.0;0.0
0.0;0.0;0.0;0.0
0.0;0.0;0.0;0.0
0.0;0.0;0.0;0.0
0.0;0.0;0.0;0.0
0.0;0.0;0.0;0.0
0.0;0.0;0.0;0.0
0.0;0.0;0.0;0.0
