6.6;38.0;23.7;0.0
8.3;54.3;28.3;0.0
7.5;63.5;19.3;0.0
7.5;66.1;19.8;0.0
7.5;78.2;23.0;0.0
8.3;81.2;7.1;0.0
8.3;88.6;32.9;0.0
7.5;93.6;20.6;0.0
8.3;101.3;31.4;0.0
7.5;108.7;27.3;0.0
66.6;123.5;22.6;0.0
44.0;132.3;19.1;0.0
8.3;137.7;13.0;0.0
7.5;151.7;36.9;0.0
8.3;152.4;0.5;0.0
8.3;152.6;0.0;0.0
8.3;152.7;1.5;0.0
8.3;153.3;0.0;0.0
8.3;153.8;0.3;4.0
8.3;185.6;227.3;0.0
8.3;185.6;200.0;0.0
8.3;217.1;182.4;0.0
9.1;217.3;0.0;0.0
8.3;217.3;0.0;0.0
8.3;217.3;0.4;132.0
8.3;217.3;0.4;128.0
8.3;217.3;0.2;64.0
8.3;187.0;0.3;44.0
8.3;187.0;0.0;0.0
8.3;187.0;0.0;0.0
4.1;0.0;0.0;0.0
0.0;0.0;0.0;0.0
0.0;0.0;0.0;0.0
0.0;0.0;0.0;0.0
0.0;0.0;0.0;0.0
0.0;0.0;0.0;0.0
0.0;0.0;0.0;0.0
0.0;0.0;0.0;0.0
0.0;0.0;0.0;0.0
0.0;0.0;0.0;0.0
0.0;0.0;0.0;0.0
0.0;0.0;0.0;0.0
0.0;0.0;0.0;0.0
0.0;0.0;0.0;0.0
0.0;0.0;0.0;0.0
0.0;0.0;0.0;0.0
0.0;0.0;0.0;0.0
0.0;0.0;0.0;0.0
0.0;0.0;0.0;0.0
0.0;0.0;0.0;0.0
0.0;0.0;0.0;0.0
0.0;0.0;0.0;0.0
0.0;0.0;0.0;0.0
0.0;0.0;0.0;0.0
0.0;0.0;0.0;0.0
0.0;0.0;0.0;0.0
0.0;0.0;0.0;0.0
0.0;0.0;0.0;0.0
0.0;0.0;0.0;0.0
0.0;0.0;0.0;0.0
