6.6;45.2;20.5;0.0
8.3;55.4;19.6;0.0
8.3;63.4;18.2;0.0
6.6;69.6;18.3;0.0
8.3;77.1;15.2;0.0
8.3;81.5;11.9;0.0
8.3;87.4;24.5;0.0
6.6;93.8;28.2;0.0
8.3;101.1;30.6;0.0
8.3;109.0;28.9;0.0
64.1;117.1;5.7;0.0
49.0;127.0;29.1;0.0
8.3;132.9;7.0;0.0
7.5;138.1;18.6;0.0
8.3;150.7;31.1;0.0
8.3;152.5;0.4;0.0
8.3;152.8;0.1;0.0
9.1;152.9;1.6;0.0
7.5;153.5;0.0;0.0
7.5;154.0;0.3;4.0
8.3;185.4;213.3;0.0
8.3;185.7;152.0;0.0
8.3;185.7;130.0;0.0
8.3;217.4;115.6;0.0
8.3;217.4;0.0;0.0
8.3;217.4;0.2;68.0
8.3;217.4;0.4;128.0
8.3;217.4;0.2;64.0
8.3;217.4;0.2;68.0
8.3;187.1;0.3;44.0
8.3;187.1;0.0;0.0
8.3;154.4;0.0;0.0
1.7;0.0;0.0;0.0
0.0;0.0;0.0;0.0
0.0;0.0;0.0;0.0
0.0;0.0;0.0;0.0
0.0;0.0;0.0;0.0
0.0;0.0;0.0;0.0
0.0;0.0;0.0;0.0
0.0;0.0;0.0;0.0
0.0;0.0;0.0;0.0
0.0;0.0;0.0;0.0
0.0;0.0;0.0;0.0
0.0;0.0;0.0;0.0
0.0;0.0;0.0;0.0
0.0;0.0;0.0;0.0
0.0;0.0;0.0;0.0
0.0;0.0;0.0;0.0
0.0;0.0;0.0;0.0
0.0;0.0;0.0;0.0
0.0;0.0;0.0;0.0
0.0;0.0;0.0;0.0
0.0;0.0;0.0;0.0
0.0;0.0;0.0;0.0
0.0;0.0;0.0;0.0
0.0;0.0;0.0;0.0
0.0;0.0;0.0;0.0
0.0;0.0;0.0;0.0
0.0;0.0;0.0;0.0
0.0;0.0;0.0;0.0
