7.5;44.5;18.0;0.0
7.5;56.9;25.3;0.0
8.3;65.7;18.6;0.0
6.6;70.8;18.8;0.0
8.3;80.5;11.6;0.0
8.3;85.9;18.5;0.0
6.6;94.4;34.5;0.0
8.3;98.6;19.8;0.0
8.3;104.6;23.4;0.0
8.3;111.1;26.5;0.0
33.5;127.4;20.4;0.0
78.1;136.7;28.6;0.0
8.3;140.7;2.2;0.0
7.5;146.2;21.2;0.0
8.3;158.6;27.5;0.0
8.3;159.0;0.1;0.0
8.3;159.1;0.0;0.0
8.3;159.1;0.0;0.0
8.3;159.2;1.6;0.0
8.3;159.8;0.0;0.0
7.5;191.6;58.4;4.0
8.3;192.3;232.8;0.0
8.3;192.3;105.0;0.0
8.3;192.3;138.2;0.0
8.3;223.7;75.6;0.0
8.3;223.7;0.0;0.0
8.3;223.7;0.4;132.0
8.3;223.7;0.4;128.0
8.3;223.7;0.2;64.0
8.3;223.7;0.0;0.0
8.3;193.5;0.3;44.0
8.3;193.5;0.0;0.0
9.2;0.0;0.0;0.0
0.0;0.0;0.0;0.0
0.0;0.0;0.0;0.0
0.0;0.0;0.0;0.0
0.0;0.0;0.0;0.0
0.0;0.0;0.0;0.0
0.0;0.0;0.0;0.0
0.0;0.0;0.0;0.0
0.0;0.0;0.0;0.0
0.0;0.0;0.0;0.0
0.0;0.0;0.0;0.0
0.0;0.0;0.0;0.0
0.0;0.0;0.0;0.0
0.0;0.0;0.0;0.0
0.0;0.0;0.0;0.0
0.0;0.0;0.0;0.0
0.0;0.0;0.0;0.0
0.0;0.0;0.0;0.0
0.0;0.0;0.0;0.0
0.0;0.0;0.0;0.0
0.0;0.0;0.0;0.0
0.0;0.0;0.0;0.0
0.0;0.0;0.0;0.0
0.0;0.0;0.0;0.0
0.0;0.0;0.0;0.0
0.0;0.0;0.0;0.0
0.0;0.0;0.0;0.0
0.0;0.0;0.0;0.0
