7.5;48.7;19.5;0.0
7.5;59.3;22.2;0.0
8.3;66.2;16.2;0.0
7.5;65.8;15.3;0.0
8.3;75.0;13.0;0.0
8.3;81.3;20.1;0.0
7.5;88.0;29.5;0.0
7.5;93.7;23.2;0.0
8.3;100.4;26.2;0.0
7.5;106.5;23.5;0.0
17.5;115.0;16.2;0.0
78.1;122.0;18.3;0.0
15.0;130.4;16.9;0.0
8.3;135.2;9.8;0.0
7.5;143.5;30.5;0.0
8.3;150.4;10.0;0.0
8.3;150.8;0.1;0.0
8.3;150.8;0.0;0.0
8.3;150.9;1.5;0.0
8.3;151.4;0.0;0.0
7.5;152.3;0.3;4.0
9.2;183.8;234.1;0.0
8.3;183.8;107.8;0.0
7.5;183.8;105.7;0.0
9.1;214.7;160.7;0.0
8.3;215.3;1.4;0.0
8.3;215.6;0.2;68.0
8.3;215.6;0.2;64.0
8.3;215.6;0.4;128.0
8.3;215.6;0.2;64.0
8.3;185.1;0.3;44.0
8.3;185.3;0.0;0.0
8.3;0.0;0.0;0.0
0.8;0.0;0.0;0.0
0.0;0.0;0.0;0.0
0.0;0.0;0.0;0.0
0.0;0.0;0.0;0.0
0.0;0.0;0.0;0.0
0.0;0.0;0.0;0.0
0.0;0.0;0.0;0.0
0.0;0.0;0.0;0.0
0.0;0.0;0.0;0.0
0.0;0.0;0.0;0.0
0.0;0.0;0.0;0.0
0.0;0.0;0.0;0.0
0.0;0.0;0.0;0.0
0.0;0.0;0.0;0.0
0.0;0.0;0.0;0.0
0.0;0.0;0.0;0.0
0.0;0.0;0.0;0.0
0.0;0.0;0.0;0.0
0.0;0.0;0.0;0.0
0.0;0.0;0.0;0.0
0.0;0.0;0.0;0.0
0.0;0.0;0.0;0.0
0.0;0.0;0.0;0.0
0.0;0.0;0.0;0.0
0.0;0.0;0.0;0.0
0.0;0.0;0.0;0.0
0.0;0.0;0.0;0.0
