8.3;53.5;26.2;0.0
7.5;63.1;19.4;0.0
7.5;70.2;21.0;0.0
8.3;80.5;15.7;0.0
8.3;84.9;14.2;0.0
7.5;93.6;34.7;0.0
8.3;99.9;29.0;0.0
7.5;105.1;22.6;0.0
8.3;112.3;25.9;0.0
59.8;120.5;5.7;0.0
50.7;134.4;35.9;0.0
8.3;138.9;6.2;0.0
7.5;145.9;26.7;0.0
8.3;155.7;17.4;0.0
8.3;156.1;0.1;0.0
8.3;156.1;0.0;0.0
8.3;156.2;1.5;0.0
9.1;156.2;0.0;0.0
7.5;159.3;0.3;4.0
9.2;190.7;212.9;0.0
8.3;191.2;202.6;0.0
8.3;220.7;192.6;0.0
7.5;222.6;1.6;0.0
8.3;222.6;0.0;0.0
8.3;222.9;0.4;132.0
8.3;222.9;0.4;128.0
8.3;222.9;0.2;64.0
8.3;222.9;0.0;0.0
8.3;192.5;0.3;44.0
8.3;192.5;0.0;0.0
8.3;192.5;0.0;0.0
6.6;0.0;0.0;0.0
0.0;0.0;0.0;0.0
0.0;0.0;0.0;0.0
0.0;0.0;0.0;0.0
0.0;0.0;0.0;0.0
0.0;0.0;0.0;0.0
0.0;0.0;0.0;0.0
0.0;0.0;0.0;0.0
0.0;0.0;0.0;0.0
0.0;0.0;0.0;0.0
0.0;0.0;0.0;0.0
0.0;0.0;0.0;0.0
0.0;0.0;0.0;0.0
0.0;0.0;0.0;0.0
0.0;0.0;0.0;0.0
0.0;0.0;0.0;0.0
0.0;0.0;0.0;0.0
0.0;0.0;0.0;0.0
0.0;0.0;0.0;0.0
0.0;0.0;0.0;0.0
0.0;0.0;0.0;0.0
0.0;0.0;0.0;0.0
0.0;0.0;0.0;0.0
0.0;0.0;0.0;0.0
0.0;0.0;0.0;0.0
0.0;0.0;0.0;0.0
0.0;0.0;0.0;0.0
0.0;0.0;0.0;0.0
0.0;0.0;0.0;0.0
