7.5;50.6;26.3;0.0
7.5;61.2;18.6;0.0
7.5;63.7;23.4;0.0
8.3;73.0;11.5;0.0
8.3;80.8;22.4;0.0
6.7;87.7;31.6;0.0
8.3;94.6;27.1;0.0
6.6;102.2;33.8;0.0
13.3;114.1;24.2;0.0
92.0;121.0;18.4;0.0
10.0;130.3;18.9;0.0
8.3;135.7;19.6;0.0
7.5;149.5;30.6;0.0
8.3;149.9;0.1;0.0
9.2;150.1;0.0;0.0
7.5;150.1;0.0;0.0
9.2;150.2;1.5;0.0
7.5;150.7;0.0;0.0
7.5;182.5;110.1;4.0
8.3;183.2;247.5;0.0
8.3;183.2;218.2;0.0
8.3;214.7;33.6;0.0
8.3;214.7;0.0;0.0
8.3;214.7;0.2;68.0
8.3;214.7;0.6;192.0
8.3;214.7;0.2;64.0
8.3;214.7;0.0;0.0
8.3;184.4;0.3;44.0
8.3;153.4;0.0;0.0
1.7;0.0;0.0;0.0
0.0;0.0;0.0;0.0
0.0;0.0;0.0;0.0
0.0;0.0;0.0;0.0
0.0;0.0;0.0;0.0
0.0;0.0;0.0;0.0
0.0;0.0;0.0;0.0
0.0;0.0;0.0;0.0
0.0;0.0;0.0;0.0
0.0;0.0;0.0;0.0
0.0;0.0;0.0;0.0
0.0;0.0;0.0;0.0
0.0;0.0;0.0;0.0
0.0;0.0;0.0;0.0
0.0;0.0;0.0;0.0
0.0;0.0;0.0;0.0
0.0;0.0;0.0;0.0
0.0;0.0;0.0;0.0
0.0;0.0;0.0;0.0
0.0;0.0;0.0;0.0
0.0;0.0;0.0;0.0
0.0;0.0;0.0;0.0
0.0;0.0;0.0;0.0
0.0;0.0;0.0;0.0
0.0;0.0;0.0;0.0
0.0;0.0;0.0;0.0
0.0;0.0;0.0;0.0
0.0;0.0;0.0;0.0
0.0;0.0;0.0;0.0
0.0;0.0;0.0;0.0
0.0;0.0;0.0;0.0
