8.3;51.6;27.8;0.0
7.5;60.9;19.5;0.0
7.5;65.5;18.0;0.0
8.3;74.8;12.6;0.0
8.3;81.6;20.5;0.0
6.7;88.0;28.3;0.0
8.3;95.2;29.8;0.0
8.3;102.1;29.9;0.0
7.5;109.0;24.2;0.0
52.6;119.1;6.1;0.0
59.0;132.0;34.7;0.0
8.3;137.0;4.0;0.0
6.7;143.0;24.1;0.0
8.3;154.2;23.1;0.0
8.3;154.6;0.0;0.0
8.3;154.8;0.1;0.0
8.3;154.8;0.7;0.0
8.3;154.8;0.8;0.0
8.3;155.4;0.0;0.0
7.5;187.2;105.8;4.0
8.3;187.8;255.8;0.0
8.3;187.8;243.2;0.0
8.3;219.3;5.2;0.0
8.3;219.3;0.0;0.0
8.3;219.5;0.4;132.0
8.3;219.5;0.4;128.0
8.3;219.5;0.2;64.0
8.3;189.1;0.3;44.0
8.3;189.2;0.0;0.0
9.1;189.2;0.0;0.0
2.5;0.0;0.0;0.0
0.0;0.0;0.0;0.0
0.0;0.0;0.0;0.0
0.0;0.0;0.0;0.0
0.0;0.0;0.0;0.0
0.0;0.0;0.0;0.0
0.0;0.0;0.0;0.0
0.0;0.0;0.0;0.0
0.0;0.0;0.0;0.0
0.0;0.0;0.0;0.0
0.0;0.0;0.0;0.0
0.0;0.0;0.0;0.0
0.0;0.0;0.0;0.0
0.0;0.0;0.0;0.0
0.0;0.0;0.0;0.0
0.0;0.0;0.0;0.0
0.0;0.0;0.0;0.0
0.0;0.0;0.0;0.0
0.0;0.0;0.0;0.0
0.0;0.0;0.0;0.0
0.0;0.0;0.0;0.0
0.0;0.0;0.0;0.0
0.0;0.0;0.0;0.0
0.0;0.0;0.0;0.0
0.0;0.0;0.0;0.0
0.0;0.0;0.0;0.0
0.0;0.0;0.0;0.0
0.0;0.0;0.0;0.0
0.0;0.0;0.0;0.0
0.0;0.0;0.0;0.0
