0.0;9.0;3.3;0.0
8.3;9.2;2.2;72.0
0.0;10.1;1.4;316.0
8.2;17.2;2.3;644.0
90.8;22.9;0.6;68.0
90.7;23.3;1.4;120.0
99.0;24.0;1.6;164.0
90.1;24.3;1.6;176.0
90.7;24.9;0.8;48.0
98.0;25.1;1.4;168.0
98.7;25.9;2.2;440.0
99.0;26.2;2.1;188.0
98.9;27.4;1.4;488.0
90.7;28.0;2.2;344.0
0.0;28.5;1.8;244.0
8.2;29.7;3.3;620.0
8.2;32.1;1.7;504.0
0.0;33.0;1.8;204.0
0.0;33.5;2.0;184.0
8.3;34.1;2.6;232.0
0.0;34.7;1.0;104.0
8.2;36.1;1.2;1540.0
0.0;37.3;1.8;1008.0
0.0;38.9;0.4;2012.0
8.2;39.4;1.5;488.0
0.0;41.1;1.5;924.0
8.0;42.4;1.8;1384.0
0.0;43.5;1.9;256.0
8.2;43.6;1.9;332.0
0.0;44.4;2.9;364.0
8.2;45.2;2.5;236.0
0.0;46.1;2.8;384.0
8.2;47.5;1.5;1376.0
0.0;48.4;1.8;272.0
0.0;49.1;2.2;264.0
8.2;50.7;1.1;740.0
0.0;50.3;0.9;56.0
8.2;50.9;0.8;400.0
8.2;51.7;1.1;380.0
0.0;52.0;0.7;92.0
8.2;52.5;1.6;156.0
0.0;54.0;1.8;672.0
8.2;55.1;1.2;336.0
8.1;55.5;0.7;112.0
0.0;56.0;0.3;816.0
8.1;57.1;1.8;96.0
8.2;57.7;3.0;192.0
0.0;58.6;2.7;600.0
16.4;59.2;3.3;380.0
0.0;60.3;1.8;288.0
0.0;61.0;0.9;192.0
0.0;61.5;1.3;244.0
0.0;62.2;1.6;164.0
0.0;63.2;2.2;256.0
8.2;63.7;3.6;236.0
0.0;64.0;1.0;52.0
0.0;63.0;1.6;272.0
8.2;63.2;2.4;1140.0
0.0;64.3;1.6;280.0
8.1;65.3;3.0;224.0
8.1;66.0;0.6;68.0
8.3;66.7;0.8;120.0
0.0;68.3;1.6;328.0
8.2;69.4;1.7;464.0
8.1;70.8;0.8;160.0
8.2;71.3;0.8;232.0
8.2;72.4;1.4;260.0
0.0;73.2;2.0;304.0
0.0;74.7;2.4;404.0
8.3;75.6;1.6;280.0
0.0;76.3;3.1;300.0
8.3;76.6;3.4;84.0
8.3;77.7;3.9;468.0
0.0;78.3;2.8;332.0
8.1;79.3;2.0;324.0
0.0;79.5;0.0;0.0
8.2;80.3;1.4;212.0
8.1;80.5;0.5;36.0
0.0;81.1;1.4;132.0
16.4;81.2;0.2;4.0
0.0;81.4;3.6;168.0
16.5;82.0;3.0;248.0
0.0;82.6;3.3;224.0
0.0;82.8;2.8;112.0
8.1;83.2;2.6;200.0
0.0;84.1;3.0;260.0
0.0;86.7;2.2;232.0
8.2;86.6;3.0;144.0
8.1;87.0;2.0;652.0
0.0;87.5;2.8;164.0
0.0;88.1;3.2;188.0
8.1;89.1;2.6;276.0
8.2;90.0;1.2;224.0
0.0;90.2;2.4;100.0
8.2;90.6;2.8;120.0
8.2;91.1;2.0;80.0
0.0;91.7;2.4;108.0
8.2;91.9;1.6;112.0
0.0;92.4;2.2;56.0
16.4;92.6;2.4;156.0
8.1;93.4;1.4;96.0
0.0;93.6;1.8;88.0
8.2;94.4;1.8;172.0
8.2;94.7;2.0;96.0
8.1;95.2;2.0;212.0
0.0;96.0;3.0;152.0
8.2;96.4;3.2;168.0
0.0;96.9;2.2;136.0
8.2;97.4;3.2;192.0
0.0;97.9;3.2;200.0
8.2;100.0;2.6;516.0
8.2;100.3;3.4;160.0
0.0;100.8;3.0;148.0
8.1;101.1;1.6;208.0
0.0;101.5;1.7;144.0
8.2;101.9;2.6;144.0
8.1;102.4;2.7;292.0
0.0;103.0;2.1;200.0
8.2;103.7;2.5;828.0
0.0;104.3;2.8;904.0
8.2;105.4;1.3;1292.0
0.0;106.3;2.6;756.0
8.2;106.8;3.7;196.0
0.0;107.3;3.4;196.0
0.0;108.2;0.8;268.0
8.2;108.2;0.0;0.0
8.2;108.2;0.5;128.0
8.2;109.6;0.4;2364.0
65.3;116.1;0.1;524.0
106.9;116.4;0.9;476.0
90.3;116.7;0.6;40.0
90.5;116.7;0.4;616.0
89.9;117.4;0.2;960.0
98.1;118.0;0.6;476.0
90.5;118.1;0.5;240.0
98.1;118.5;2.2;172.0
98.4;118.7;0.7;544.0
98.9;119.5;0.8;672.0
16.5;120.6;1.1;1044.0
0.0;121.6;2.7;920.0
8.3;122.4;1.5;204.0
0.0;123.5;2.4;728.0
8.3;124.1;3.3;676.0
0.0;124.6;2.5;840.0
0.0;125.3;3.6;520.0
8.2;126.0;2.3;716.0
0.0;126.9;3.4;552.0
8.2;127.6;2.6;492.0
0.0;128.4;1.8;816.0
8.3;130.0;3.4;620.0
0.0;130.9;1.6;1204.0
0.0;132.1;1.8;1600.0
8.2;132.4;0.2;0.0
8.2;132.9;0.0;0.0
8.0;133.4;0.0;0.0
8.1;133.9;0.0;0.0
8.2;134.4;0.6;140.0
8.1;135.1;0.4;260.0
8.2;135.6;1.4;228.0
0.0;136.4;1.4;376.0
8.2;136.7;2.4;128.0
8.2;137.8;0.4;220.0
0.0;138.5;3.2;224.0
8.0;139.1;0.0;0.0
0.0;139.1;0.0;36.0
8.3;139.1;0.4;176.0
0.0;139.1;2.8;116.0
8.3;139.4;4.2;236.0
0.0;140.1;2.8;676.0
8.2;140.8;1.4;1140.0
8.3;141.6;2.0;372.0
0.0;142.2;2.5;924.0
8.2;143.2;3.4;420.0
8.2;143.8;2.4;872.0
0.0;144.7;2.6;752.0
0.0;145.5;1.0;1676.0
0.0;146.3;1.6;696.0
8.2;147.0;2.8;712.0
8.2;148.1;1.2;1564.0
0.0;149.1;2.0;916.0
0.0;150.0;1.6;1480.0
8.2;150.8;2.4;596.0
0.0;152.0;1.6;948.0
8.2;152.5;1.5;372.0
8.2;153.5;0.4;404.0
0.0;153.7;0.0;132.0
8.1;153.9;0.0;0.0
8.0;154.1;0.1;4.0
8.2;154.1;0.0;0.0
8.1;154.2;0.0;0.0
8.2;154.2;0.0;0.0
8.1;154.2;0.0;0.0
8.2;154.2;0.0;0.0
8.1;154.2;0.0;0.0
8.2;154.2;0.0;0.0
8.2;156.3;1.5;0.0
8.2;156.3;0.0;0.0
8.1;156.3;0.0;0.0
8.2;156.3;0.0;0.0
8.1;156.3;0.0;0.0
0.0;156.8;0.0;0.0
8.1;156.8;0.0;0.0
8.2;156.8;0.0;0.0
8.1;156.8;0.0;0.0
8.2;155.1;0.3;8.0
8.3;155.5;0.0;0.0
8.3;155.6;0.0;0.0
0.0;155.7;0.0;0.0
16.5;186.2;0.0;0.0
0.0;186.5;42.8;260.0
8.2;186.5;85.9;0.0
8.1;186.5;79.6;0.0
8.2;186.7;9.0;128.0
8.2;187.1;18.8;56.0
8.1;187.1;27.0;0.0
8.1;187.1;31.8;0.0
8.1;187.1;32.4;0.0
8.2;187.1;35.6;0.0
8.1;187.1;33.6;0.0
8.1;187.1;38.2;0.0
8.1;187.1;28.8;0.0
8.1;187.1;38.0;0.0
8.2;187.1;33.2;0.0
8.2;187.1;42.0;0.0
8.1;197.9;32.0;0.0
16.4;217.9;0.6;104.0
0.0;218.6;1.0;48.0
8.0;218.6;0.0;0.0
8.3;218.6;0.0;0.0
8.2;218.6;0.0;0.0
8.1;218.6;0.0;0.0
8.3;218.6;0.0;0.0
8.1;218.6;0.0;0.0
8.3;218.6;0.0;0.0
8.3;218.8;0.2;68.0
8.2;218.8;0.0;0.0
8.1;218.8;0.0;0.0
8.2;218.8;0.0;0.0
8.3;218.8;0.2;64.0
8.2;218.8;0.0;0.0
8.0;218.8;0.2;64.0
8.2;218.8;0.0;0.0
8.1;218.8;0.2;64.0
8.1;218.8;0.0;0.0
8.2;218.8;0.0;0.0
8.2;218.8;0.2;64.0
16.4;218.8;0.0;0.0
8.2;218.8;0.0;0.0
8.3;218.8;0.0;0.0
8.2;218.8;0.0;0.0
8.0;218.8;0.0;0.0
8.2;218.8;0.0;0.0
8.2;188.4;0.3;44.0
8.1;188.4;0.0;0.0
8.0;188.4;0.0;0.0
8.1;188.4;0.0;0.0
8.2;188.4;0.0;0.0
8.1;188.4;0.0;0.0
8.0;188.4;0.0;0.0
8.2;188.4;0.0;0.0
8.1;188.4;0.0;0.0
8.2;188.4;0.0;0.0
8.1;157.9;0.0;0.0
8.2;150.0;0.0;380.0
0.0;0.0;0.0;136.0
0.0;0.0;0.0;0.0
