0.0;10.0;1.8;348.0
8.0;19.2;2.3;644.0
82.4;28.2;0.4;60.0
98.2;29.2;1.0;88.0
99.0;29.3;1.0;72.0
99.0;29.9;1.8;204.0
90.6;30.4;1.2;108.0
98.6;30.7;0.4;40.0
106.5;31.0;1.6;172.0
90.8;32.1;2.4;440.0
104.9;32.1;1.8;188.0
90.7;32.9;1.5;488.0
0.0;34.0;2.8;412.0
0.0;34.9;2.6;348.0
8.2;36.8;3.0;668.0
8.3;38.1;1.6;312.0
0.0;39.2;1.6;228.0
8.3;39.7;1.8;240.0
0.0;40.5;2.6;204.0
8.1;40.8;0.9;228.0
0.0;42.2;0.9;1564.0
8.2;43.1;1.6;1096.0
0.0;44.7;0.4;1696.0
0.0;45.2;1.3;468.0
8.2;46.5;1.5;808.0
0.0;48.3;1.4;1508.0
0.0;49.2;2.5;268.0
8.2;49.4;1.5;280.0
8.3;50.1;3.5;428.0
8.1;50.9;2.7;296.0
0.0;52.2;2.5;720.0
8.3;53.4;1.6;1076.0
0.0;54.3;2.2;228.0
8.2;55.1;2.0;244.0
0.0;56.2;1.6;812.0
8.1;57.4;1.5;644.0
0.0;57.9;1.1;168.0
0.0;58.6;1.9;248.0
8.1;60.0;1.7;588.0
8.2;61.3;1.4;344.0
0.0;61.5;0.5;616.0
8.1;62.3;0.5;324.0
8.3;63.4;2.8;180.0
0.0;64.1;3.3;624.0
8.1;64.8;3.1;264.0
8.2;65.9;2.4;356.0
0.0;66.6;1.5;296.0
8.2;67.2;1.2;244.0
0.0;68.0;1.3;144.0
0.0;68.8;2.0;220.0
8.3;69.3;3.6;192.0
8.2;69.8;1.6;196.0
0.0;67.2;1.7;228.0
0.0;67.5;3.2;1196.0
8.1;68.6;0.8;224.0
0.0;69.6;3.0;224.0
16.2;70.4;0.6;68.0
0.0;71.7;1.2;308.0
16.2;73.1;2.1;364.0
0.0;74.4;1.2;328.0
8.2;75.1;0.4;72.0
8.2;75.7;1.2;312.0
8.2;77.1;1.2;276.0
0.0;77.6;3.2;540.0
8.1;78.9;1.0;88.0
0.0;79.8;2.0;304.0
8.3;80.8;3.9;300.0
0.0;80.9;4.7;176.0
8.1;82.2;2.8;580.0
8.2;83.2;3.0;384.0
0.0;83.7;0.4;28.0
8.2;84.0;0.4;72.0
8.1;84.4;1.0;140.0
8.2;85.2;1.9;168.0
0.0;85.2;0.0;0.0
16.0;85.4;2.8;116.0
0.0;86.2;3.0;280.0
0.0;86.7;4.2;220.0
8.2;87.2;4.3;224.0
8.2;88.0;2.8;260.0
0.0;88.7;3.2;236.0
8.2;90.5;2.0;180.0
0.0;91.1;2.4;672.0
8.2;91.7;3.6;220.0
0.0;92.3;3.8;228.0
8.2;93.6;2.4;328.0
0.0;94.2;2.4;172.0
8.2;94.6;2.8;116.0
0.0;95.1;2.4;132.0
8.1;95.8;3.0;112.0
8.2;96.3;2.8;148.0
8.3;96.8;3.4;184.0
8.2;97.5;2.2;124.0
8.2;98.3;2.0;168.0
8.2;98.8;2.4;144.0
0.0;99.3;2.4;196.0
8.2;100.1;3.0;172.0
0.0;100.5;1.5;104.0
0.0;101.0;3.7;212.0
8.2;101.5;3.4;192.0
0.0;102.1;3.2;172.0
8.2;104.0;2.6;540.0
8.2;104.4;3.2;160.0
0.0;105.0;3.2;152.0
8.2;105.4;1.6;164.0
8.2;105.8;2.1;200.0
0.0;106.1;2.2;132.0
8.2;106.4;2.3;288.0
0.0;107.1;1.2;32.0
8.2;107.4;2.0;320.0
8.2;108.0;1.8;692.0
8.2;108.7;2.8;884.0
0.0;109.6;1.1;1112.0
0.0;110.5;1.2;860.0
8.2;111.1;3.9;212.0
0.0;111.6;4.0;228.0
8.2;112.6;1.6;304.0
8.1;112.6;0.0;0.0
8.2;112.6;0.0;0.0
0.0;113.0;0.9;1996.0
65.6;122.5;0.0;996.0
98.5;123.0;1.4;524.0
90.6;123.3;0.8;852.0
90.8;123.6;0.0;904.0
98.7;124.4;1.3;564.0
90.8;124.8;2.0;136.0
98.8;125.3;0.9;940.0
81.8;126.4;1.4;700.0
82.4;127.3;0.7;972.0
99.0;127.6;1.9;416.0
32.8;128.7;1.7;344.0
0.0;129.6;2.3;720.0
8.2;130.2;3.0;468.0
0.0;130.9;2.9;972.0
16.5;131.3;3.0;576.0
0.0;132.3;2.9;736.0
0.0;133.1;3.0;484.0
0.0;133.9;2.8;596.0
8.1;134.5;2.1;724.0
8.2;135.7;3.3;632.0
0.0;137.0;1.8;1228.0
8.2;138.4;1.6;1648.0
8.1;138.6;0.4;16.0
8.2;139.1;0.0;0.0
8.2;139.6;0.0;0.0
8.2;139.9;0.0;0.0
8.2;140.4;0.2;36.0
0.0;140.9;0.8;256.0
8.2;141.7;1.1;244.0
8.2;142.5;1.5;348.0
0.0;142.9;2.6;248.0
8.2;143.8;0.4;204.0
8.1;144.5;3.0;228.0
8.0;145.3;0.2;12.0
8.2;145.3;0.0;20.0
0.0;145.3;0.0;168.0
0.0;145.3;3.2;140.0
8.3;145.5;3.2;24.0
8.3;145.7;2.7;380.0
0.0;146.7;1.7;1200.0
8.1;147.5;2.2;552.0
0.0;147.8;1.8;792.0
8.1;148.6;2.9;504.0
0.0;149.6;2.6;700.0
8.2;150.2;2.8;548.0
0.0;151.0;1.6;1144.0
0.0;151.9;1.0;1548.0
8.2;152.4;2.0;392.0
0.0;153.1;2.2;724.0
8.2;154.1;1.2;1532.0
0.0;155.1;1.6;888.0
8.1;155.9;1.8;1092.0
0.0;156.7;1.8;776.0
8.2;157.8;1.4;1068.0
0.0;158.6;2.4;408.0
8.2;159.4;0.0;480.0
8.1;159.7;0.4;136.0
8.2;159.8;0.0;0.0
8.1;159.8;0.0;0.0
8.0;159.8;0.0;4.0
8.2;160.0;0.1;0.0
8.1;160.1;0.0;0.0
8.2;160.1;0.0;0.0
8.1;160.1;0.0;0.0
8.2;160.1;0.0;0.0
8.0;160.1;0.0;0.0
8.2;160.1;0.0;0.0
16.1;160.1;0.0;0.0
8.2;160.1;0.0;0.0
8.2;160.2;1.5;0.0
8.1;160.2;0.0;0.0
8.2;160.2;0.0;0.0
8.0;160.2;0.0;0.0
0.0;160.6;0.0;0.0
8.1;160.6;0.0;0.0
8.2;160.6;0.0;0.0
0.0;161.0;0.3;4.0
8.2;161.4;0.0;0.0
8.2;161.6;0.0;0.0
16.4;192.3;0.5;56.0
0.0;192.3;70.6;204.0
8.1;192.3;88.1;0.0
8.1;192.5;53.3;128.0
8.1;192.9;11.0;56.0
8.1;192.9;39.0;0.0
8.2;192.9;28.0;0.0
8.2;192.9;33.4;0.0
8.1;192.9;37.6;0.0
8.1;192.9;38.0;0.0
8.1;192.9;41.0;0.0
8.2;192.9;38.8;0.0
8.2;192.9;33.6;0.0
8.2;192.9;42.0;0.0
8.2;193.8;52.0;0.0
8.0;223.8;0.2;28.0
0.0;224.4;1.4;124.0
8.1;224.4;0.0;0.0
8.2;224.4;0.0;0.0
8.1;224.4;0.0;0.0
8.0;224.7;0.0;0.0
8.2;224.7;0.0;0.0
8.1;224.7;0.0;0.0
8.2;224.7;0.2;68.0
8.1;224.7;0.0;0.0
8.2;224.7;0.0;0.0
8.1;224.7;0.0;0.0
8.1;224.7;0.2;64.0
8.2;224.7;0.0;0.0
8.1;224.7;0.0;0.0
8.2;224.7;0.2;64.0
8.2;224.7;0.0;0.0
8.2;224.7;0.2;64.0
8.2;224.7;0.0;0.0
8.0;224.7;0.0;0.0
8.0;224.7;0.2;64.0
8.2;224.7;0.0;0.0
8.0;224.7;0.0;0.0
8.2;224.7;0.0;0.0
8.3;224.7;0.0;0.0
8.2;224.7;0.0;0.0
8.2;194.3;0.3;40.0
8.2;194.3;0.0;0.0
8.2;194.4;0.0;0.0
8.1;194.4;0.0;0.0
8.0;194.4;0.0;0.0
8.1;194.4;0.0;0.0
8.0;194.4;0.0;0.0
8.1;194.4;0.0;0.0
8.2;194.4;0.0;0.0
8.1;163.9;0.0;0.0
8.2;163.4;0.0;96.0
8.1;0.0;0.0;420.0
0.0;0.0;0.0;0.0
