8.2;19.4;1.7;628.0
90.5;22.5;0.2;60.0
99.1;23.4;1.0;68.0
90.5;23.5;1.0;80.0
99.0;24.2;2.0;216.0
98.9;24.7;1.2;108.0
90.7;25.0;0.8;52.0
107.2;25.5;1.8;216.0
90.6;26.3;2.3;460.0
107.2;26.7;1.6;124.0
66.0;27.5;1.6;536.0
0.0;28.6;3.1;404.0
0.0;29.5;3.2;508.0
8.2;32.0;2.3;688.0
8.2;33.0;1.6;248.0
8.2;33.7;1.8;180.0
0.0;34.2;3.0;244.0
8.2;34.8;0.8;88.0
0.0;35.9;1.2;1212.0
8.2;36.9;1.1;896.0
0.0;38.1;1.0;1332.0
0.0;39.0;0.7;1168.0
8.2;39.5;1.1;456.0
0.0;40.6;1.2;584.0
8.2;42.3;0.5;1628.0
0.0;43.1;2.8;244.0
8.2;43.8;1.4;344.0
8.2;44.2;2.7;372.0
0.0;44.9;2.6;224.0
8.3;45.6;2.7;252.0
0.0;46.9;2.2;1156.0
8.2;48.1;1.3;604.0
0.0;48.9;3.0;276.0
8.2;50.4;1.5;848.0
0.0;51.3;1.8;688.0
0.0;51.9;1.7;240.0
8.2;52.4;1.2;128.0
8.2;54.2;2.2;700.0
8.2;55.3;1.2;340.0
0.0;55.8;0.7;600.0
8.2;56.2;0.7;352.0
8.2;57.5;2.4;116.0
8.2;58.0;3.1;596.0
0.0;58.8;3.1;304.0
0.0;59.9;2.4;260.0
0.0;60.6;1.9;420.0
8.2;61.3;0.6;108.0
8.2;61.8;1.5;176.0
0.0;63.1;2.0;292.0
8.2;63.4;3.4;224.0
0.0;63.9;1.8;156.0
8.2;64.6;2.2;292.0
0.0;59.8;2.2;1140.0
8.2;60.9;1.6;280.0
0.0;62.0;3.2;224.0
16.2;62.6;0.6;68.0
0.0;64.2;1.1;232.0
0.0;65.5;1.9;320.0
8.1;66.8;1.5;448.0
8.2;67.6;0.4;72.0
8.2;68.2;1.2;312.0
0.0;69.2;1.0;276.0
8.3;70.1;3.4;544.0
8.1;71.4;1.2;84.0
0.0;72.5;2.0;328.0
8.2;73.3;3.7;276.0
0.0;73.7;5.1;188.0
8.3;74.8;2.4;568.0
0.0;75.8;3.0;384.0
8.1;76.3;0.4;28.0
8.2;76.5;0.4;72.0
0.0;77.0;1.0;140.0
8.2;77.8;1.9;168.0
8.2;77.8;0.0;0.0
8.2;77.9;2.4;84.0
8.3;78.7;2.2;272.0
0.0;78.9;3.2;156.0
0.0;79.3;4.3;228.0
8.2;80.0;3.2;208.0
8.1;81.0;3.2;268.0
0.0;83.1;2.2;232.0
8.3;83.3;3.0;172.0
0.0;83.7;2.4;644.0
0.0;84.2;2.6;156.0
8.3;84.9;3.4;200.0
0.0;86.1;2.4;344.0
8.3;86.7;2.2;172.0
8.2;87.1;3.2;140.0
0.0;87.6;2.4;116.0
8.1;88.4;3.2;116.0
8.2;89.1;3.0;156.0
0.0;89.3;2.8;92.0
8.2;90.1;2.0;196.0
8.2;90.8;2.2;168.0
0.0;91.4;2.2;140.0
8.2;91.7;1.6;112.0
8.2;92.4;2.8;204.0
0.0;93.0;2.6;160.0
8.2;93.4;3.0;140.0
0.0;94.0;3.8;232.0
8.2;94.6;3.4;204.0
8.2;95.0;2.6;540.0
0.0;97.0;2.4;108.0
8.2;97.3;3.0;148.0
8.2;97.7;1.6;160.0
0.0;98.0;1.8;140.0
8.2;98.3;1.5;128.0
0.0;98.7;2.4;128.0
8.2;99.3;2.5;288.0
8.2;99.8;2.2;248.0
0.0;100.4;2.4;780.0
8.2;101.1;3.2;928.0
0.0;102.4;0.9;1496.0
0.0;103.1;2.6;536.0
8.3;103.7;4.1;204.0
0.0;104.1;3.6;208.0
8.2;105.0;0.2;240.0
8.1;105.0;0.0;0.0
8.3;105.4;0.5;468.0
8.2;108.4;0.4;2280.0
82.5;117.0;0.0;228.0
98.4;117.3;0.4;476.0
98.6;117.5;1.2;80.0
92.6;117.5;0.2;236.0
98.8;117.9;0.4;956.0
90.6;118.9;0.6;808.0
106.5;119.0;1.3;344.0
89.9;119.5;1.9;208.0
90.8;119.8;0.4;1036.0
57.5;121.2;1.6;580.0
0.0;122.2;1.8;1224.0
8.3;123.2;2.3;456.0
0.0;124.4;2.7;760.0
16.3;124.9;3.2;644.0
0.0;125.6;2.7;876.0
0.0;126.3;3.8;620.0
8.2;127.2;3.2;800.0
0.0;127.9;3.0;400.0
0.0;128.8;2.7;732.0
8.2;129.5;3.0;736.0
0.0;131.4;2.5;1156.0
0.0;132.4;1.7;1500.0
8.2;133.3;0.6;540.0
8.2;133.8;0.0;0.0
8.2;134.0;0.0;0.0
8.1;134.5;0.0;0.0
8.1;134.8;0.2;36.0
8.2;135.6;0.8;256.0
8.2;136.5;0.8;204.0
0.0;137.1;1.4;348.0
8.2;137.7;2.2;260.0
8.1;137.9;1.0;32.0
8.2;139.3;3.2;428.0
0.0;140.0;0.2;12.0
16.2;140.0;0.0;32.0
0.0;140.0;0.2;180.0
0.0;140.0;3.0;116.0
8.3;140.2;3.6;44.0
8.2;140.8;2.4;684.0
0.0;141.8;2.0;1288.0
8.2;142.4;1.8;140.0
0.0;143.0;2.8;964.0
8.2;143.9;2.7;484.0
0.0;144.7;2.6;836.0
0.0;145.3;2.8;340.0
8.2;146.3;1.4;1740.0
0.0;147.3;1.6;1224.0
0.0;148.0;3.2;940.0
8.2;149.1;1.2;1388.0
0.0;150.4;2.0;1208.0
8.2;151.0;1.8;1392.0
0.0;152.0;2.4;972.0
0.0;153.2;2.7;372.0
8.2;154.2;0.0;728.0
0.0;154.6;0.4;144.0
8.1;154.6;0.0;0.0
8.2;154.8;0.0;0.0
8.1;154.8;0.0;0.0
8.2;154.8;0.0;4.0
8.2;155.0;0.1;0.0
8.2;155.1;0.0;0.0
16.4;155.1;0.0;0.0
8.2;155.1;0.0;0.0
8.1;155.1;0.0;0.0
8.2;155.1;0.0;0.0
8.2;155.2;0.7;0.0
8.1;155.2;0.8;0.0
8.1;155.2;0.0;0.0
8.0;155.2;0.0;0.0
8.2;155.2;0.0;0.0
8.1;155.6;0.0;0.0
8.2;155.6;0.0;0.0
8.1;155.6;0.0;0.0
0.0;156.1;0.3;4.0
8.2;156.1;0.0;0.0
8.2;156.5;0.0;0.0
16.3;160.1;0.0;0.0
0.0;187.1;1.3;156.0
8.2;187.3;77.2;104.0
8.2;187.3;85.8;0.0
8.1;187.3;48.8;128.0
8.2;187.8;18.2;56.0
8.2;187.8;31.8;0.0
8.2;187.8;28.0;0.0
8.1;187.8;31.6;0.0
8.2;187.8;38.4;0.0
8.2;187.8;35.4;0.0
8.2;187.8;31.4;0.0
8.1;187.8;32.4;0.0
8.2;187.8;36.8;0.0
8.2;187.8;37.6;0.0
8.2;187.8;42.0;0.0
8.2;187.8;32.0;0.0
16.4;218.6;0.0;8.0
0.0;219.3;1.6;144.0
0.0;219.3;0.0;0.0
8.2;219.3;0.0;0.0
8.1;219.3;0.0;0.0
16.2;219.6;0.0;0.0
8.2;219.6;0.0;0.0
8.1;219.6;0.0;0.0
8.2;219.6;0.0;0.0
8.2;219.6;0.2;68.0
8.2;219.6;0.0;0.0
8.2;219.6;0.2;64.0
8.1;219.6;0.0;0.0
8.2;219.6;0.0;0.0
8.2;219.6;0.2;64.0
8.2;219.6;0.0;0.0
8.1;219.6;0.2;64.0
8.2;219.6;0.0;0.0
8.2;219.6;0.2;64.0
8.2;219.6;0.0;0.0
16.2;219.6;0.0;0.0
8.2;219.6;0.0;0.0
8.2;189.2;0.3;44.0
8.2;189.2;0.0;0.0
8.2;189.3;0.0;0.0
8.1;189.3;0.0;0.0
8.1;189.2;0.0;0.0
8.0;189.2;0.0;0.0
8.2;189.2;0.0;0.0
8.1;189.2;0.0;0.0
8.2;189.2;0.0;0.0
8.1;158.7;0.0;0.0
8.1;0.0;0.0;516.0
8.2;0.0;0.0;0.0
0.0;0.0;0.0;0.0
