41.1;23.2;0.2;416.0
95.2;25.2;1.3;132.0
90.7;25.2;1.3;88.0
99.0;25.9;1.6;204.0
90.7;26.4;1.2;108.0
98.9;26.7;1.6;52.0
90.8;27.5;1.4;312.0
99.0;28.0;2.1;380.0
99.0;28.6;2.0;228.0
106.9;29.5;1.6;528.0
49.0;29.9;1.4;196.0
8.3;30.8;2.4;320.0
0.0;32.1;3.2;724.0
8.3;34.0;1.2;300.0
0.0;34.9;2.0;232.0
8.1;35.7;2.4;292.0
0.0;36.6;2.4;176.0
8.1;36.8;0.9;524.0
0.0;38.3;1.0;1496.0
8.3;39.4;1.6;1136.0
0.0;41.1;0.7;1460.0
8.2;42.0;1.6;548.0
8.2;43.0;1.0;1324.0
0.0;44.4;2.0;904.0
0.0;45.3;1.7;244.0
0.0;45.7;2.5;392.0
16.5;46.4;3.3;364.0
0.0;47.2;2.7;320.0
0.0;48.5;1.8;1088.0
8.2;49.7;1.7;636.0
8.2;50.5;2.8;276.0
0.0;51.6;1.7;892.0
8.2;52.7;1.9;440.0
8.3;53.5;1.5;428.0
0.0;54.1;1.1;116.0
8.2;55.4;1.7;580.0
8.1;56.5;1.3;464.0
0.0;57.3;1.2;80.0
8.2;57.4;0.5;616.0
8.2;58.2;1.1;352.0
8.1;59.4;2.8;204.0
0.0;60.1;2.7;572.0
8.2;60.4;2.7;252.0
0.0;61.6;2.4;272.0
8.1;62.3;1.7;368.0
8.3;62.9;0.8;108.0
0.0;63.4;1.3;244.0
8.2;64.2;2.0;224.0
0.0;65.0;2.6;176.0
8.3;65.5;2.6;180.0
0.0;66.0;1.4;192.0
8.2;59.5;0.9;124.0
0.0;60.2;3.5;1204.0
8.2;61.2;1.3;440.0
0.0;62.4;2.5;36.0
8.2;62.8;0.8;104.0
16.1;64.7;1.4;276.0
0.0;65.9;1.9;436.0
8.2;66.9;0.8;256.0
8.2;67.3;0.6;84.0
8.3;68.6;1.4;388.0
0.0;69.5;1.4;256.0
8.2;71.1;3.6;504.0
0.0;71.8;0.6;176.0
8.3;72.5;2.6;292.0
8.2;73.0;3.6;172.0
0.0;74.0;5.0;436.0
8.2;74.8;2.4;360.0
0.0;75.7;2.6;352.0
8.2;76.2;0.0;0.0
8.2;76.7;1.2;212.0
8.2;77.0;0.7;28.0
0.0;77.5;1.4;140.0
8.2;77.5;0.0;0.0
8.2;77.8;3.0;152.0
0.0;78.5;2.0;208.0
8.3;78.7;3.4;184.0
8.1;79.3;3.9;196.0
0.0;79.8;3.0;208.0
8.2;80.5;2.6;208.0
0.0;81.5;2.6;284.0
0.0;83.1;2.8;116.0
8.3;83.4;2.2;680.0
0.0;84.0;3.0;172.0
0.0;84.4;3.1;172.0
8.1;85.5;2.7;292.0
8.2;86.6;2.2;252.0
8.2;86.8;3.2;128.0
0.0;87.3;2.4;132.0
8.2;87.8;2.6;88.0
0.0;88.6;2.4;152.0
16.5;88.9;2.8;80.0
0.0;89.6;2.8;212.0
8.3;90.1;1.8;116.0
8.2;90.9;2.2;164.0
8.2;91.4;2.0;120.0
0.0;92.1;2.0;184.0
8.2;92.6;3.6;224.0
0.0;93.0;2.4;96.0
8.1;93.4;2.6;176.0
8.2;94.0;3.6;184.0
0.0;94.6;3.0;200.0
0.0;96.5;2.6;516.0
8.2;96.9;3.0;164.0
8.2;97.2;2.6;128.0
0.0;97.7;1.8;184.0
0.0;97.9;1.5;140.0
16.2;98.3;2.0;136.0
0.0;98.6;2.5;276.0
8.2;99.4;1.8;80.0
0.0;99.7;1.8;296.0
8.2;100.3;2.1;908.0
0.0;100.9;2.3;668.0
8.2;102.1;1.4;1284.0
0.0;103.0;2.3;736.0
0.0;103.5;4.1;232.0
8.1;104.0;3.4;196.0
8.0;104.8;0.8;268.0
8.2;104.8;0.0;0.0
8.2;104.9;0.5;468.0
0.0;106.2;0.4;2024.0
57.6;112.7;0.0;500.0
90.7;112.7;0.3;308.0
90.7;113.3;1.3;232.0
82.4;113.9;0.6;1652.0
90.8;114.5;0.8;400.0
107.2;115.1;2.1;380.0
90.5;115.3;1.1;560.0
97.9;116.1;0.6;688.0
90.5;116.7;0.6;376.0
90.5;116.9;0.6;580.0
24.4;117.9;1.8;756.0
8.2;118.9;2.2;348.0
0.0;119.8;2.2;696.0
8.3;120.4;2.8;548.0
0.0;120.8;3.2;916.0
0.0;121.5;3.1;648.0
8.2;122.4;2.3;540.0
0.0;123.2;2.9;580.0
8.1;124.0;2.7;588.0
0.0;124.7;2.6;564.0
0.0;125.2;2.8;600.0
8.2;127.1;2.3;1024.0
0.0;127.8;1.6;1296.0
0.0;128.9;0.7;872.0
8.1;129.3;0.0;0.0
8.2;129.6;0.0;0.0
8.2;130.1;0.0;0.0
8.2;130.4;0.2;36.0
16.4;130.9;0.6;128.0
8.2;131.8;0.8;304.0
0.0;132.3;1.4;276.0
8.1;133.1;2.2;332.0
0.0;133.3;1.0;56.0
8.1;134.7;3.4;432.0
8.1;135.2;0.2;12.0
8.1;135.5;0.0;0.0
0.0;135.5;0.0;156.0
8.2;135.5;2.8;164.0
8.2;135.5;3.0;16.0
8.2;136.0;2.6;344.0
0.0;136.9;2.4;1076.0
8.2;137.2;1.6;656.0
0.0;137.9;1.2;468.0
0.0;138.5;2.7;808.0
8.2;139.6;3.2;408.0
0.0;140.1;2.4;868.0
8.2;141.1;2.6;884.0
0.0;141.9;1.1;1564.0
8.2;143.0;2.5;892.0
0.0;143.7;2.4;1036.0
8.3;144.7;1.6;1088.0
0.0;145.5;1.2;1180.0
0.0;146.3;1.4;1268.0
8.2;146.9;2.2;304.0
0.0;148.0;1.2;1056.0
8.2;148.6;2.0;300.0
0.0;149.4;0.0;536.0
8.2;150.0;0.4;144.0
8.1;150.3;0.0;0.0
8.1;150.4;0.1;4.0
8.1;150.4;0.0;0.0
8.1;150.5;0.0;0.0
8.2;150.5;0.0;0.0
8.3;150.5;0.0;0.0
8.2;150.5;0.0;0.0
8.1;150.5;0.0;0.0
8.2;150.5;0.0;0.0
8.2;150.6;1.5;0.0
8.2;150.6;0.0;0.0
8.1;150.6;0.0;0.0
0.0;151.1;0.0;0.0
8.1;151.1;0.0;0.0
8.2;151.1;0.0;0.0
8.1;151.1;0.0;0.0
8.2;151.4;0.3;4.0
8.2;151.8;0.0;0.0
8.1;151.8;0.0;0.0
8.1;152.0;0.0;0.0
16.2;182.7;0.0;16.0
0.0;182.9;64.9;244.0
8.3;182.9;83.0;0.0
8.3;182.9;65.0;128.0
8.2;183.2;7.2;56.0
8.1;183.2;30.2;0.0
8.2;183.2;33.8;0.0
8.2;183.2;21.2;0.0
8.2;183.2;37.0;0.0
8.1;183.5;36.2;0.0
8.2;183.5;34.8;0.0
8.1;183.5;31.2;0.0
8.1;183.5;36.0;0.0
8.2;183.5;36.0;0.0
8.1;183.5;41.2;0.0
8.2;183.5;42.6;0.0
8.2;212.6;7.8;0.0
0.0;214.6;1.4;152.0
8.2;214.8;0.2;0.0
8.1;214.8;0.0;0.0
8.3;215.1;0.0;0.0
8.2;215.1;0.0;0.0
8.1;215.1;0.0;0.0
7.7;215.1;0.0;0.0
8.2;215.1;0.0;0.0
8.2;215.1;0.2;68.0
8.2;215.1;0.0;0.0
8.0;215.1;0.0;0.0
8.2;215.1;0.2;64.0
8.1;215.1;0.0;0.0
8.2;215.1;0.0;0.0
8.1;215.1;0.0;0.0
8.3;215.1;0.2;64.0
8.2;215.1;0.0;0.0
8.2;215.1;0.2;64.0
8.2;215.1;0.0;0.0
8.1;215.1;0.2;64.0
8.1;215.1;0.0;0.0
8.2;215.1;0.0;0.0
16.5;184.8;0.3;44.0
8.1;184.8;0.0;0.0
8.0;184.8;0.0;0.0
8.2;184.8;0.0;0.0
8.0;184.8;0.0;0.0
8.2;184.8;0.0;0.0
8.1;184.8;0.0;0.0
8.2;184.8;0.0;0.0
8.0;184.8;0.0;0.0
8.2;184.8;0.0;0.0
8.2;154.3;0.0;0.0
8.2;0.0;0.0;516.0
8.0;0.0;0.0;0.0
0.0;0.0;0.0;0.0
