0.0;9.2;4.2;0.0
0.0;9.2;1.6;116.0
8.3;11.7;2.2;380.0
40.4;25.3;0.5;536.0
82.2;27.0;1.0;84.0
82.4;27.4;1.0;104.0
90.6;28.1;1.6;164.0
97.1;28.4;1.2;152.0
98.9;28.6;0.8;44.0
98.9;29.2;1.8;88.0
90.6;29.7;1.8;312.0
89.6;30.2;1.5;348.0
98.8;31.0;2.1;296.0
40.7;32.1;2.5;612.0
0.0;33.0;2.2;308.0
8.2;34.0;3.5;624.0
0.0;36.2;1.3;436.0
0.0;37.2;1.6;220.0
8.3;37.7;2.2;180.0
0.0;38.2;3.0;300.0
8.2;38.8;0.6;24.0
0.0;40.3;1.1;1624.0
8.2;41.2;1.5;800.0
0.0;42.9;0.5;1852.0
8.2;43.7;1.4;752.0
0.0;45.3;1.6;876.0
8.3;46.7;1.5;1448.0
0.0;47.4;2.0;256.0
0.0;47.8;1.6;272.0
16.3;48.2;3.1;392.0
0.0;49.2;2.7;264.0
8.3;50.0;2.8;392.0
0.0;51.5;1.5;1360.0
8.3;52.4;1.6;264.0
0.0;53.4;2.6;276.0
8.2;54.5;1.3;772.0
0.0;55.3;1.6;668.0
8.2;56.0;1.7;240.0
8.2;56.7;1.2;128.0
0.0;58.2;2.2;700.0
8.2;59.3;1.6;352.0
8.2;59.8;0.5;616.0
8.2;60.2;0.5;324.0
0.0;61.3;2.4;112.0
8.2;62.0;3.1;392.0
0.0;62.8;2.5;472.0
0.0;64.0;2.6;284.0
8.2;64.7;2.1;412.0
8.1;65.3;0.8;112.0
8.2;65.8;1.5;192.0
8.2;67.1;2.2;300.0
0.0;67.6;3.4;232.0
0.0;68.1;2.2;164.0
8.2;59.6;1.6;272.0
0.0;59.8;3.0;1172.0
16.1;60.9;1.2;248.0
0.0;61.9;3.0;224.0
8.2;62.5;0.6;68.0
8.2;63.3;1.1;232.0
7.6;64.8;1.3;116.0
8.2;65.9;1.5;520.0
0.0;67.4;1.0;204.0
8.2;68.1;1.0;232.0
8.0;69.0;1.2;356.0
8.3;69.9;3.0;460.0
0.0;71.3;1.4;152.0
8.2;72.2;1.6;280.0
0.0;72.9;3.1;292.0
8.3;73.3;3.6;96.0
8.2;74.5;3.9;508.0
0.0;74.9;2.8;340.0
8.2;75.9;1.8;272.0
0.0;76.2;0.0;0.0
8.2;76.8;1.4;212.0
8.2;77.3;0.9;48.0
7.9;77.6;1.0;120.0
8.2;77.8;0.8;28.0
0.0;78.2;3.2;268.0
8.3;78.8;3.4;196.0
0.0;79.2;4.1;228.0
8.2;79.9;3.6;208.0
0.0;80.6;2.6;228.0
8.2;81.5;2.8;284.0
8.1;82.9;2.4;100.0
0.0;83.5;2.4;672.0
8.2;84.1;3.4;208.0
0.0;84.8;3.6;224.0
0.0;86.0;2.2;320.0
16.5;86.5;2.6;184.0
8.3;87.2;3.6;152.0
0.0;87.7;1.8;96.0
8.2;88.2;3.0;112.0
8.1;88.9;3.0;156.0
0.0;89.4;3.2;192.0
8.2;89.9;1.8;96.0
8.2;90.7;2.0;168.0
0.0;91.2;2.2;140.0
8.2;91.6;1.6;104.0
8.2;92.3;2.2;200.0
0.0;92.9;3.0;168.0
8.2;93.3;3.0;140.0
0.0;93.8;3.0;188.0
8.2;94.3;3.4;184.0
8.0;95.0;3.2;208.0
0.0;96.7;2.6;508.0
8.2;97.2;3.2;148.0
8.1;97.7;2.0;204.0
0.0;97.9;1.7;120.0
8.2;98.2;1.8;148.0
0.0;98.6;2.7;132.0
8.1;99.3;2.2;268.0
8.2;99.7;1.6;312.0
0.0;100.3;2.7;1044.0
8.2;101.2;3.0;644.0
0.0;102.3;0.8;1424.0
0.0;103.0;3.0;544.0
8.2;103.5;3.5;188.0
0.0;104.0;3.0;188.0
8.2;104.9;1.0;268.0
8.2;104.9;0.0;0.0
8.1;104.9;0.0;0.0
0.0;105.3;0.9;1000.0
24.6;116.3;0.0;1748.0
90.8;120.9;0.3;552.0
99.0;121.4;1.5;816.0
90.7;122.6;0.4;1284.0
98.9;122.9;1.7;460.0
98.8;123.5;2.3;552.0
90.4;123.7;0.2;708.0
98.5;125.0;1.6;692.0
90.5;125.4;0.1;480.0
96.2;126.0;0.7;516.0
57.7;126.4;2.0;368.0
8.2;127.1;2.3;308.0
8.2;128.3;2.6;740.0
0.0;128.8;2.9;632.0
0.0;129.7;2.7;816.0
8.2;130.2;3.2;608.0
0.0;130.8;2.7;632.0
8.1;131.9;3.0;512.0
0.0;132.5;2.8;664.0
8.1;133.4;2.6;800.0
0.0;135.0;2.9;768.0
0.0;136.1;1.9;1356.0
8.1;137.2;0.8;1132.0
8.2;137.4;0.0;0.0
8.2;137.9;0.0;0.0
8.1;138.2;0.0;0.0
8.0;138.7;0.2;36.0
8.1;139.2;0.8;128.0
8.1;140.1;0.6;304.0
0.0;140.7;1.6;376.0
0.0;141.1;2.0;232.0
16.0;141.7;1.0;56.0
8.2;143.1;3.4;432.0
0.0;143.3;0.2;12.0
16.5;143.9;0.0;0.0
0.0;143.9;0.0;156.0
0.0;143.9;2.8;164.0
8.2;143.9;3.2;20.0
8.2;144.6;3.2;504.0
0.0;145.6;2.0;1256.0
8.2;146.2;1.8;384.0
0.0;146.5;2.4;832.0
8.2;147.5;3.1;556.0
0.0;148.5;2.6;832.0
8.3;149.1;2.6;396.0
0.0;149.8;1.4;1532.0
0.0;150.5;1.0;1384.0
8.2;151.5;3.2;552.0
0.0;152.4;1.6;1364.0
0.0;153.3;1.8;1260.0
8.2;154.5;1.8;1224.0
0.0;155.0;1.4;676.0
8.1;155.7;1.6;1092.0
0.0;156.9;2.6;352.0
8.2;157.9;0.0;536.0
0.0;158.3;0.4;144.0
8.2;158.3;0.0;0.0
8.2;158.5;0.0;0.0
16.1;158.5;0.0;4.0
0.0;158.8;0.1;0.0
8.2;158.9;0.0;0.0
16.4;158.9;0.0;0.0
8.2;158.9;0.0;0.0
8.1;158.9;0.0;0.0
8.2;158.9;0.0;0.0
8.2;158.9;1.6;0.0
0.0;158.9;0.0;0.0
8.2;158.9;0.0;0.0
8.1;158.9;0.0;0.0
8.2;158.9;0.0;0.0
8.1;158.9;0.0;0.0
8.2;159.4;0.0;0.0
8.0;159.4;0.0;0.0
8.1;159.4;0.0;0.0
0.0;160.1;0.3;4.0
8.2;160.1;0.0;0.0
8.2;160.2;0.0;0.0
16.2;190.9;0.6;148.0
0.0;191.1;67.9;112.0
8.2;191.1;77.0;0.0
8.3;191.1;67.2;128.0
8.1;191.3;7.2;0.0
16.4;191.7;20.8;56.0
8.1;191.7;36.0;0.0
8.2;191.7;28.4;0.0
8.1;191.7;36.2;0.0
8.2;191.7;36.6;0.0
8.2;191.7;41.6;0.0
8.1;191.7;35.6;0.0
8.1;191.7;40.8;0.0
8.2;191.7;40.0;0.0
8.1;191.7;39.6;0.0
8.1;209.1;32.0;0.0
8.2;222.8;0.8;104.0
0.0;223.3;0.8;48.0
8.1;223.3;0.0;0.0
8.0;223.3;0.0;0.0
8.2;223.3;0.0;0.0
8.0;223.3;0.0;0.0
16.1;223.3;0.0;0.0
8.2;223.3;0.0;0.0
8.2;223.3;0.2;68.0
8.2;223.3;0.0;0.0
8.2;223.5;0.0;0.0
8.2;223.5;0.2;64.0
8.1;223.5;0.0;0.0
8.2;223.5;0.0;0.0
8.0;223.5;0.2;64.0
8.2;223.5;0.0;0.0
8.2;223.5;0.2;64.0
8.2;223.5;0.0;0.0
8.2;223.5;0.2;64.0
7.5;223.5;0.0;0.0
8.2;223.5;0.0;0.0
8.1;223.5;0.0;0.0
8.2;223.5;0.0;0.0
8.1;223.5;0.0;0.0
8.2;223.5;0.0;0.0
8.3;223.5;0.0;0.0
8.2;193.1;0.3;44.0
8.2;193.1;0.0;0.0
8.1;193.1;0.0;0.0
8.2;193.1;0.0;0.0
8.1;193.1;0.0;0.0
8.2;193.1;0.0;0.0
8.1;193.1;0.0;0.0
8.2;193.1;0.0;0.0
8.1;193.1;0.0;0.0
8.0;193.1;0.0;0.0
8.0;162.6;0.0;0.0
8.2;159.4;0.0;252.0
0.0;0.0;0.0;264.0
0.0;0.0;0.0;0.0
