0.0;10.1;1.4;324.0
0.0;12.1;2.5;656.0
66.1;21.3;0.0;56.0
99.0;23.3;1.2;72.0
97.7;23.3;0.8;60.0
98.7;24.0;1.6;196.0
89.2;24.3;1.2;120.0
98.9;24.5;0.8;44.0
90.7;25.1;1.8;88.0
97.3;25.7;1.4;296.0
98.9;26.2;1.5;328.0
98.9;26.9;2.2;216.0
24.7;27.7;2.0;612.0
0.0;28.7;2.2;304.0
0.0;29.4;3.1;440.0
8.3;32.1;2.3;688.0
8.2;33.0;1.6;248.0
0.0;33.7;1.8;180.0
8.2;34.3;2.2;208.0
0.0;34.9;1.4;116.0
8.2;35.1;0.9;228.0
0.0;36.4;0.9;1564.0
8.3;37.4;1.6;892.0
0.0;38.8;0.3;1660.0
0.0;39.5;1.4;708.0
8.1;41.2;1.6;860.0
0.0;42.2;0.3;1372.0
8.2;43.0;2.6;228.0
0.0;43.6;1.3;156.0
8.2;44.1;2.2;428.0
0.0;44.8;3.0;296.0
8.2;45.3;2.3;296.0
0.0;46.5;2.3;352.0
8.2;47.7;1.4;1292.0
8.2;48.5;2.2;300.0
8.2;49.3;2.0;252.0
0.0;50.4;1.6;764.0
0.0;51.2;1.3;712.0
8.1;51.9;1.5;172.0
0.0;52.4;1.2;128.0
8.2;54.1;1.9;544.0
8.2;55.3;0.9;448.0
8.2;55.7;1.1;140.0
0.0;55.8;0.4;536.0
8.2;57.1;1.5;360.0
8.2;57.7;2.4;196.0
8.1;58.5;2.7;572.0
0.0;59.1;3.1;264.0
8.3;59.9;2.2;356.0
8.2;60.9;1.7;296.0
0.0;61.5;1.1;192.0
8.2;61.8;1.2;196.0
0.0;63.1;2.0;208.0
8.2;63.6;3.0;180.0
0.0;64.1;1.8;132.0
8.2;64.6;1.8;284.0
0.0;60.2;0.5;32.0
8.1;61.0;3.9;1392.0
8.2;62.2;3.2;252.0
8.2;63.0;0.2;36.0
8.2;63.6;1.0;136.0
0.0;65.3;1.8;244.0
15.9;66.4;1.3;504.0
0.0;67.8;1.2;220.0
8.2;68.2;0.4;144.0
0.0;69.5;1.4;308.0
8.1;70.4;2.6;420.0
8.2;71.8;2.2;328.0
8.2;72.7;1.4;280.0
0.0;73.4;3.5;300.0
8.2;73.8;3.4;92.0
8.2;74.8;3.7;460.0
0.0;75.4;2.8;332.0
8.2;76.4;2.0;324.0
7.9;76.7;0.0;4.0
8.1;77.3;1.4;208.0
8.2;77.7;0.9;52.0
0.0;78.1;1.0;116.0
8.2;78.1;0.6;20.0
8.2;78.7;3.4;192.0
0.0;79.1;2.6;208.0
8.2;79.5;3.0;188.0
0.0;79.9;3.3;148.0
0.0;80.3;2.6;200.0
8.3;81.1;2.6;228.0
8.2;82.1;2.4;264.0
0.0;83.7;2.8;140.0
0.0;84.0;2.2;648.0
8.2;84.6;3.0;184.0
0.0;85.2;3.8;216.0
8.0;86.5;2.2;328.0
0.0;87.1;2.2;164.0
8.2;87.4;2.6;120.0
8.1;87.9;2.4;124.0
0.0;88.4;2.6;88.0
8.1;88.9;2.0;136.0
8.2;89.3;2.4;68.0
8.2;89.8;3.0;192.0
8.2;90.3;1.4;84.0
8.1;90.8;2.0;164.0
0.0;91.3;2.0;112.0
8.1;91.8;1.6;100.0
8.2;92.6;2.2;188.0
0.0;93.1;2.8;172.0
8.2;93.5;2.8;144.0
0.0;93.9;3.0;176.0
8.3;94.6;3.2;184.0
0.0;95.2;3.2;200.0
8.2;97.0;2.4;516.0
0.0;97.4;3.8;184.0
8.2;97.9;2.0;84.0
8.2;98.3;1.8;220.0
8.2;98.6;1.9;152.0
0.0;99.0;2.4;128.0
8.1;99.7;2.5;288.0
0.0;100.1;2.2;316.0
0.0;100.7;2.4;712.0
0.0;101.4;3.0;912.0
8.3;102.7;1.1;1532.0
0.0;103.4;2.8;524.0
0.0;103.9;3.9;196.0
8.1;104.9;3.8;448.0
8.1;105.3;0.0;0.0
8.2;105.6;0.7;592.0
0.0;108.6;0.2;2156.0
74.4;113.2;0.1;396.0
99.2;113.8;1.5;388.0
82.6;113.8;0.2;216.0
99.2;114.5;0.4;1360.0
99.2;115.2;0.6;424.0
90.8;115.3;1.7;360.0
98.9;115.6;0.8;80.0
90.7;115.6;0.2;24.0
90.8;115.9;0.8;548.0
99.0;116.6;0.7;744.0
8.1;117.3;1.0;896.0
0.0;118.7;2.4;816.0
8.2;119.5;1.7;344.0
0.0;120.4;1.9;604.0
8.2;120.7;2.0;516.0
0.0;121.3;3.0;752.0
8.2;122.0;3.1;684.0
0.0;122.6;2.9;476.0
8.2;123.3;2.7;704.0
0.0;124.2;2.5;368.0
8.2;124.8;2.8;640.0
0.0;125.7;2.6;800.0
0.0;127.3;2.8;748.0
8.2;128.1;1.5;1276.0
0.0;129.1;1.3;1232.0
8.2;129.5;0.0;0.0
8.1;129.9;0.0;0.0
8.1;130.4;0.0;0.0
8.2;130.7;0.0;0.0
8.2;131.2;0.2;124.0
8.2;131.8;0.8;168.0
16.5;132.6;0.8;204.0
0.0;133.2;1.6;380.0
8.1;133.8;2.6;248.0
0.0;134.0;0.4;212.0
8.2;135.4;3.2;228.0
8.2;136.1;0.2;12.0
8.2;136.2;0.0;24.0
0.0;136.2;0.2;172.0
8.2;136.2;3.0;132.0
0.0;136.2;3.2;20.0
8.3;136.9;2.8;496.0
0.0;137.8;2.0;1256.0
8.2;138.2;1.8;384.0
8.3;138.4;0.4;72.0
0.0;139.1;2.4;1008.0
8.1;140.0;2.8;368.0
0.0;140.5;2.1;624.0
8.2;141.1;2.4;472.0
0.0;141.9;1.6;1276.0
0.0;142.8;1.0;1484.0
8.2;143.8;2.6;736.0
0.0;144.5;2.4;1312.0
8.2;145.6;1.8;1112.0
0.0;146.6;1.7;840.0
8.2;147.3;1.3;1236.0
0.0;147.8;1.9;756.0
8.2;148.9;1.3;520.0
0.0;149.5;1.5;492.0
8.2;150.2;0.0;280.0
8.2;150.5;0.4;16.0
8.1;150.7;0.0;128.0
8.1;150.7;0.0;0.0
8.2;150.9;0.0;0.0
8.0;150.9;0.0;0.0
8.2;150.9;0.0;0.0
8.2;150.9;0.0;4.0
8.1;151.1;0.1;0.0
8.1;151.2;0.0;0.0
8.2;151.2;0.0;0.0
16.2;151.2;0.0;0.0
8.2;151.2;0.0;0.0
8.1;151.2;0.0;0.0
0.0;151.2;0.0;0.0
8.1;151.2;0.1;0.0
8.1;151.3;1.4;0.0
8.1;151.3;0.0;0.0
8.2;151.3;0.0;0.0
8.1;151.3;0.0;0.0
8.1;151.8;0.0;0.0
8.2;151.8;0.0;0.0
8.2;152.1;0.3;8.0
8.2;152.2;0.0;0.0
8.2;152.6;0.0;0.0
8.1;152.6;0.0;0.0
8.2;179.2;0.0;0.0
8.1;183.5;46.1;260.0
0.0;183.5;83.2;0.0
16.2;183.5;83.6;128.0
16.2;184.1;7.2;40.0
8.2;184.1;28.4;16.0
8.0;184.1;42.4;0.0
8.0;184.1;31.2;0.0
8.2;184.1;39.4;0.0
8.0;184.1;41.4;0.0
8.2;184.1;38.8;0.0
8.1;184.1;36.4;0.0
8.2;184.1;36.0;0.0
8.2;184.1;41.0;0.0
8.1;184.1;42.2;0.0
8.2;213.6;10.8;0.0
8.2;215.8;1.6;152.0
0.0;215.8;0.0;0.0
8.2;215.8;0.0;0.0
8.2;216.0;0.0;0.0
8.1;216.0;0.0;0.0
8.2;216.0;0.0;0.0
8.1;216.0;0.0;0.0
8.3;216.0;0.2;68.0
8.2;216.0;0.0;0.0
8.1;216.0;0.0;0.0
8.2;216.0;0.0;0.0
8.2;216.0;0.1;4.0
8.2;216.0;0.1;60.0
8.1;216.0;0.0;0.0
8.2;216.0;0.0;0.0
8.1;216.0;0.0;0.0
8.2;216.0;0.2;64.0
8.2;216.0;0.0;0.0
8.2;216.0;0.2;64.0
8.2;216.0;0.0;0.0
8.0;216.0;0.0;0.0
8.2;216.0;0.2;64.0
8.1;216.0;0.0;0.0
8.0;216.0;0.0;0.0
8.2;216.0;0.0;0.0
8.1;216.0;0.0;0.0
16.3;216.0;0.0;0.0
8.2;185.6;0.3;44.0
8.2;185.6;0.0;0.0
8.0;185.7;0.0;0.0
8.2;185.7;0.0;0.0
8.1;185.7;0.0;0.0
8.1;185.6;0.0;0.0
8.1;155.1;0.0;0.0
15.7;154.4;0.0;96.0
0.0;0.0;0.0;420.0
0.0;0.0;0.0;0.0
