0.0;9.2;2.9;0.0
0.0;9.2;1.4;116.0
0.0;11.9;2.7;552.0
66.1;16.4;0.4;424.0
90.7;17.0;0.8;24.0
90.7;17.4;1.0;104.0
90.7;18.2;1.6;164.0
99.0;18.4;1.4;156.0
98.8;18.7;0.4;24.0
106.9;18.9;0.4;40.0
99.0;19.2;1.8;172.0
90.7;19.7;1.4;188.0
98.7;20.3;1.7;364.0
32.8;21.5;2.4;592.0
8.2;22.6;3.2;412.0
0.0;23.4;2.9;484.0
8.2;25.9;2.7;720.0
8.3;27.0;1.6;264.0
0.0;27.7;1.8;180.0
0.0;28.2;2.0;200.0
8.2;28.8;1.8;124.0
0.0;29.8;1.1;1032.0
8.1;30.9;1.4;1072.0
0.0;32.2;1.1;1736.0
8.2;33.5;1.2;792.0
8.1;34.7;1.7;680.0
0.0;36.3;0.5;1972.0
0.0;37.1;2.8;244.0
8.1;37.8;1.6;360.0
0.0;38.2;2.9;376.0
8.2;39.2;2.5;228.0
0.0;39.6;2.6;248.0
8.2;40.9;1.4;1076.0
0.0;42.1;1.7;620.0
8.1;42.9;2.6;268.0
8.1;44.0;1.9;572.0
0.0;44.9;1.8;560.0
8.2;45.9;1.4;620.0
8.1;46.5;0.9;120.0
0.0;47.8;1.9;532.0
8.1;48.6;1.3;524.0
0.0;49.7;1.4;80.0
8.1;49.8;0.5;616.0
8.3;50.6;0.7;328.0
8.3;51.7;3.4;232.0
0.0;52.8;3.1;600.0
0.0;53.4;3.7;404.0
8.2;54.6;1.9;360.0
0.0;55.2;0.8;120.0
8.2;55.7;1.2;244.0
8.2;56.3;1.7;164.0
0.0;57.4;2.2;256.0
8.2;57.9;3.6;236.0
8.1;58.1;1.2;96.0
8.2;57.9;1.5;228.0
0.0;58.2;3.5;1196.0
8.1;59.3;0.6;224.0
8.1;60.2;3.0;224.0
8.1;61.0;0.6;68.0
0.0;63.0;1.2;324.0
8.2;63.8;2.3;364.0
0.0;65.1;1.0;312.0
8.1;65.8;0.4;72.0
8.2;66.4;1.0;260.0
8.2;67.4;1.2;232.0
0.0;68.3;3.4;636.0
8.1;69.6;1.0;72.0
8.1;71.0;2.6;404.0
0.0;71.5;3.3;220.0
8.2;71.9;5.3;436.0
8.2;73.2;2.8;364.0
0.0;74.2;2.6;364.0
0.0;74.7;0.2;0.0
8.2;75.2;1.4;212.0
8.1;75.6;0.5;36.0
8.2;76.0;1.4;132.0
8.2;76.0;0.6;16.0
0.0;76.4;3.4;196.0
8.2;77.2;3.8;300.0
0.0;77.8;4.7;240.0
8.3;78.2;3.6;240.0
8.3;79.4;3.2;272.0
0.0;81.3;2.4;232.0
8.2;81.9;2.8;684.0
0.0;82.5;3.8;212.0
8.2;83.1;3.6;228.0
0.0;84.4;2.6;344.0
8.2;85.0;2.6;176.0
0.0;85.5;3.6;176.0
8.3;86.0;2.0;92.0
8.2;86.6;3.0;108.0
8.2;87.2;3.0;148.0
0.0;87.7;3.2;200.0
8.2;88.5;1.6;100.0
8.2;89.2;2.8;220.0
0.0;89.8;2.2;132.0
8.3;90.5;2.6;220.0
0.0;91.3;3.4;196.0
8.2;91.6;2.8;128.0
8.2;92.0;3.0;196.0
0.0;92.5;3.2;148.0
8.2;93.3;3.4;236.0
0.0;95.1;2.4;508.0
8.2;95.5;3.4;160.0
8.2;96.0;2.2;200.0
0.0;96.2;1.7;124.0
8.2;96.5;1.8;148.0
8.2;96.9;2.6;112.0
0.0;97.6;2.3;288.0
8.3;98.0;1.6;288.0
0.0;98.6;2.4;712.0
16.5;99.3;3.2;928.0
0.0;100.6;0.9;1516.0
0.0;101.4;3.0;524.0
0.0;102.0;4.1;232.0
8.3;102.3;3.2;412.0
8.1;103.2;0.2;0.0
8.1;103.2;0.0;0.0
8.2;103.3;0.5;468.0
0.0;106.6;0.4;2280.0
90.9;111.5;0.6;728.0
99.0;112.1;1.6;780.0
90.8;113.1;0.6;1328.0
107.3;113.6;2.9;412.0
90.5;114.6;0.7;1124.0
98.9;115.0;0.8;184.0
90.6;115.2;0.4;292.0
90.7;115.9;0.8;912.0
99.0;116.4;1.6;420.0
89.9;117.3;1.6;280.0
0.0;118.1;2.2;732.0
8.2;119.0;2.6;532.0
0.0;119.4;3.2;904.0
8.2;120.1;3.7;720.0
0.0;120.9;2.3;552.0
0.0;121.4;2.3;444.0
8.2;122.1;2.3;356.0
8.1;122.7;2.4;500.0
0.0;123.5;1.6;772.0
0.0;123.8;2.8;252.0
8.2;125.7;1.9;1192.0
0.0;127.2;1.7;1956.0
8.2;127.5;0.6;24.0
8.2;128.0;0.0;0.0
8.0;128.5;0.0;0.0
8.1;128.8;0.0;0.0
8.2;129.6;0.6;140.0
8.3;129.8;0.4;152.0
8.2;130.7;1.6;448.0
0.0;131.5;1.6;304.0
8.2;131.8;2.0;88.0
8.0;133.2;3.4;432.0
0.0;133.7;0.2;12.0
8.1;134.2;0.0;0.0
8.2;134.2;0.0;92.0
0.0;134.2;1.8;188.0
8.2;134.2;1.4;48.0
0.0;134.5;4.4;256.0
8.2;135.3;2.9;704.0
0.0;135.9;1.5;1108.0
8.3;136.7;1.6;504.0
0.0;137.6;3.1;808.0
8.1;138.5;3.4;448.0
8.1;139.2;2.4;844.0
0.0;140.0;2.2;996.0
0.0;140.9;1.0;1724.0
8.1;141.8;2.6;804.0
0.0;142.8;2.4;1312.0
8.2;143.7;1.8;1304.0
0.0;144.7;1.8;1060.0
8.3;145.6;2.2;924.0
0.0;146.7;1.4;1068.0
8.2;147.6;2.3;600.0
8.2;148.5;0.0;288.0
0.0;148.6;0.4;136.0
8.1;148.6;0.0;0.0
8.2;148.6;0.0;0.0
8.1;148.8;0.0;0.0
16.1;148.8;0.0;4.0
0.0;149.1;0.1;0.0
8.2;149.2;0.0;0.0
8.0;149.2;0.0;0.0
8.1;149.2;0.0;0.0
8.2;149.2;0.0;0.0
8.1;149.2;0.0;0.0
8.2;149.2;0.0;0.0
8.1;149.2;0.0;0.0
8.2;149.2;0.0;0.0
8.0;149.2;0.0;0.0
8.2;151.3;1.5;0.0
8.2;151.3;0.0;0.0
8.1;151.3;0.0;0.0
8.2;151.3;0.0;0.0
8.2;151.7;0.0;0.0
8.1;151.7;0.0;0.0
8.2;151.7;0.0;0.0
8.2;150.0;0.0;0.0
0.0;150.2;0.3;4.0
8.2;150.4;0.0;0.0
8.1;150.6;0.0;0.0
8.1;153.2;0.0;0.0
16.4;181.5;11.1;260.0
0.0;181.5;81.8;0.0
0.0;181.5;78.3;0.0
16.3;181.5;42.1;128.0
8.2;181.8;19.2;56.0
8.1;181.8;30.8;0.0
8.1;182.2;28.0;0.0
8.2;182.2;31.6;0.0
8.2;182.2;38.2;0.0
8.1;182.2;30.6;0.0
8.2;182.2;34.0;0.0
8.1;182.2;30.8;0.0
8.2;182.2;38.4;0.0
8.0;182.2;40.4;0.0
8.2;182.2;42.0;0.0
8.1;196.7;32.0;0.0
8.1;213.2;0.8;124.0
8.2;213.6;0.8;28.0
8.2;213.6;0.0;0.0
8.1;213.6;0.0;0.0
8.3;213.6;0.0;0.0
8.2;213.6;0.0;0.0
8.1;213.6;0.0;0.0
16.1;213.6;0.2;68.0
8.1;213.6;0.0;0.0
8.2;213.6;0.0;0.0
8.2;213.9;0.2;64.0
8.2;213.9;0.0;0.0
8.1;213.9;0.0;0.0
8.2;213.9;0.2;64.0
8.2;213.9;0.0;0.0
8.2;213.9;0.2;64.0
8.2;213.9;0.0;0.0
8.0;213.9;0.0;0.0
8.2;213.9;0.0;0.0
8.2;213.9;0.2;64.0
8.1;213.9;0.0;0.0
8.0;213.9;0.0;0.0
8.2;213.9;0.0;0.0
8.1;213.9;0.0;0.0
8.2;213.9;0.0;0.0
16.0;183.4;0.3;44.0
8.1;183.4;0.0;0.0
8.2;183.4;0.0;0.0
8.2;183.5;0.0;0.0
8.1;183.4;0.0;0.0
8.2;183.4;0.0;0.0
8.1;183.4;0.0;0.0
8.2;183.4;0.0;0.0
8.1;183.4;0.0;0.0
8.1;152.9;0.0;0.0
8.2;146.8;0.0;380.0
8.1;0.0;0.0;136.0
0.0;0.0;0.0;0.0
