0.0;9.1;3.4;0.0
8.2;9.1;1.5;16.0
0.0;10.0;1.8;360.0
0.0;11.8;2.4;420.0
57.8;19.2;0.1;236.0
90.7;21.3;1.2;128.0
98.9;21.4;1.0;64.0
99.0;22.0;1.2;160.0
90.9;22.2;1.0;92.0
90.8;22.5;1.0;88.0
99.0;22.8;1.6;96.0
90.7;23.6;1.6;280.0
90.7;24.1;1.7;356.0
98.7;24.5;2.0;132.0
32.8;25.6;2.0;636.0
0.0;26.4;2.4;388.0
8.3;27.5;3.5;536.0
0.0;29.7;1.9;564.0
8.1;30.9;1.8;272.0
8.3;31.7;2.4;276.0
0.0;32.6;2.8;204.0
8.2;32.9;0.9;524.0
0.0;34.4;1.4;1552.0
0.0;36.0;1.3;1456.0
8.3;37.2;1.3;1188.0
0.0;38.4;1.6;704.0
8.2;40.1;0.7;1864.0
0.0;41.1;2.8;320.0
8.2;41.6;1.8;296.0
0.0;42.0;3.1;388.0
8.3;43.1;2.9;276.0
0.0;44.0;2.8;400.0
0.0;45.5;1.5;1364.0
0.0;46.3;2.4;300.0
8.3;47.1;2.0;276.0
16.5;48.6;1.9;852.0
0.0;49.4;1.4;664.0
0.0;49.9;0.9;124.0
8.2;51.6;2.1;556.0
8.2;52.3;1.5;528.0
0.0;53.4;1.4;80.0
8.2;53.5;0.5;616.0
8.2;55.0;1.9;372.0
8.2;55.5;3.6;224.0
0.0;56.5;2.6;688.0
8.2;57.4;3.0;300.0
8.2;58.3;1.7;340.0
0.0;59.0;0.8;132.0
8.2;59.5;1.4;240.0
8.2;60.8;2.5;300.0
0.0;61.1;3.0;188.0
0.0;61.6;2.2;168.0
8.2;62.1;1.4;232.0
0.0;60.8;0.9;84.0
8.2;61.4;3.4;1204.0
8.1;62.5;1.2;328.0
8.2;63.7;2.6;148.0
8.2;64.1;0.8;136.0
0.0;65.9;1.4;244.0
8.2;67.1;1.9;504.0
0.0;68.5;1.2;220.0
16.0;69.0;0.4;184.0
0.0;70.1;1.2;268.0
0.0;70.8;1.8;264.0
8.1;72.4;3.2;484.0
8.3;73.3;1.6;280.0
0.0;74.0;3.7;316.0
8.3;74.5;5.1;112.0
0.0;75.8;3.2;668.0
8.2;76.8;2.8;384.0
0.0;77.3;0.4;28.0
16.6;77.5;0.6;80.0
8.3;78.0;0.8;132.0
0.0;78.8;1.9;168.0
8.2;78.8;0.0;0.0
16.5;78.9;2.6;100.0
0.0;79.7;3.2;296.0
0.0;80.2;3.6;212.0
0.0;80.7;4.7;212.0
8.2;81.5;3.0;280.0
0.0;82.2;3.2;236.0
8.2;84.1;2.2;188.0
8.3;84.7;2.0;664.0
0.0;85.2;3.8;220.0
8.2;85.9;3.8;228.0
8.2;87.1;2.4;328.0
0.0;87.7;2.2;164.0
8.2;88.1;3.0;124.0
0.0;88.6;2.4;132.0
8.3;89.1;2.8;112.0
8.1;89.9;3.0;148.0
0.0;90.5;3.6;212.0
8.2;91.0;2.0;96.0
8.2;91.9;1.8;168.0
0.0;92.1;2.2;140.0
8.3;92.7;1.8;104.0
8.3;93.4;3.4;244.0
0.0;94.1;2.0;128.0
8.2;94.6;4.0;212.0
0.0;95.0;3.0;164.0
8.2;95.6;3.4;200.0
0.0;97.5;2.6;540.0
8.3;98.0;3.2;164.0
8.1;98.5;3.2;148.0
0.0;99.0;1.8;208.0
8.2;99.2;1.7;156.0
8.2;99.7;2.4;132.0
0.0;100.2;2.7;292.0
8.2;100.8;2.2;248.0
0.0;101.5;2.4;780.0
0.0;102.2;2.4;888.0
16.2;103.5;1.7;1376.0
0.0;104.2;2.4;688.0
0.0;104.7;3.7;184.0
8.2;105.2;3.6;208.0
0.0;106.1;0.8;268.0
8.2;106.1;0.0;0.0
16.2;106.1;0.2;4.0
0.0;106.4;0.7;1992.0
57.8;119.4;0.0;880.0
99.0;120.2;0.8;600.0
90.6;120.5;1.0;656.0
98.9;121.6;0.6;1316.0
98.9;121.9;2.1;444.0
90.7;122.6;1.7;520.0
88.1;123.3;0.4;792.0
90.1;124.1;1.4;608.0
90.3;124.6;0.1;676.0
99.0;125.1;1.9;436.0
8.2;126.0;2.0;348.0
16.4;127.1;2.4;792.0
0.0;127.7;3.4;508.0
0.0;128.7;2.9;1088.0
0.0;129.2;3.6;500.0
0.0;130.2;2.7;740.0
8.3;131.0;3.2;524.0
0.0;131.6;2.4;524.0
8.2;132.2;2.0;844.0
8.2;134.1;3.6;636.0
0.0;135.0;1.7;1484.0
0.0;136.0;1.3;1232.0
8.1;136.5;0.0;0.0
8.2;136.9;0.0;0.0
8.0;137.2;0.0;0.0
16.5;137.7;0.2;36.0
8.2;138.3;0.4;104.0
0.0;139.2;0.8;316.0
0.0;139.7;1.8;388.0
8.2;140.5;2.2;256.0
0.0;140.7;0.8;32.0
8.2;142.1;3.4;432.0
8.2;142.8;0.2;12.0
8.3;142.8;0.0;28.0
0.0;142.8;0.0;156.0
8.2;143.1;2.8;140.0
8.2;143.1;3.2;16.0
0.0;143.4;2.4;344.0
0.0;144.1;2.3;944.0
8.2;144.9;1.7;812.0
8.3;145.5;1.6;668.0
0.0;146.2;3.1;628.0
8.2;147.1;2.6;360.0
0.0;147.5;2.4;896.0
8.2;148.6;2.6;1004.0
0.0;149.5;1.0;1548.0
0.0;150.3;2.4;824.0
8.1;151.0;2.5;992.0
0.0;152.1;1.7;1280.0
0.0;153.0;1.4;1100.0
8.3;153.9;2.0;1284.0
0.0;154.6;1.8;1132.0
8.2;155.9;2.7;380.0
0.0;156.7;0.0;536.0
8.2;157.3;0.4;144.0
8.2;157.3;0.0;0.0
8.2;157.5;0.0;0.0
8.1;157.5;0.0;0.0
8.1;157.5;0.1;4.0
8.2;157.7;0.0;0.0
8.2;157.8;0.0;0.0
8.1;157.8;0.0;0.0
8.2;157.8;0.0;0.0
16.4;157.9;1.5;0.0
0.0;157.9;0.0;0.0
8.1;157.9;0.0;0.0
8.2;157.9;0.0;0.0
8.1;157.9;0.0;0.0
16.0;157.9;0.0;0.0
8.2;158.3;0.0;0.0
8.1;158.3;0.0;0.0
8.2;158.3;0.0;0.0
8.1;158.3;0.0;0.0
0.0;158.8;0.3;4.0
8.2;158.8;0.0;0.0
8.2;159.1;0.0;0.0
8.1;177.8;0.0;0.0
8.0;190.0;24.1;260.0
8.0;190.0;80.0;0.0
8.0;190.0;98.4;0.0
8.1;190.5;17.6;128.0
8.1;190.5;28.4;56.0
8.2;190.5;32.2;0.0
8.1;190.5;34.0;0.0
8.2;190.5;37.0;0.0
8.2;190.5;40.6;0.0
8.1;190.5;34.6;0.0
8.1;190.5;28.8;0.0
8.2;190.5;38.0;0.0
8.2;190.5;40.4;0.0
8.2;190.5;42.0;0.0
8.1;203.4;32.0;0.0
8.2;221.6;1.0;124.0
0.0;222.1;0.6;28.0
8.2;222.1;0.0;0.0
8.1;222.4;0.0;0.0
8.2;222.4;0.0;0.0
8.2;222.4;0.2;68.0
8.2;222.4;0.0;0.0
8.2;222.4;0.2;64.0
8.0;222.4;0.0;0.0
8.2;222.4;0.0;0.0
7.5;222.4;0.0;0.0
16.2;222.4;0.2;64.0
8.3;222.4;0.0;0.0
8.2;222.4;0.2;64.0
8.2;222.4;0.0;0.0
8.2;222.4;0.2;64.0
8.2;222.4;0.0;0.0
8.1;222.4;0.0;0.0
8.2;222.4;0.0;0.0
8.2;191.9;0.3;44.0
8.0;191.9;0.0;0.0
8.2;191.9;0.0;0.0
8.2;192.0;0.0;0.0
8.1;192.0;0.0;0.0
8.2;192.0;0.0;0.0
8.1;192.0;0.0;0.0
8.2;192.0;0.0;0.0
8.1;161.5;0.0;0.0
8.2;144.7;0.0;448.0
0.0;0.0;0.0;68.0
0.0;0.0;0.0;0.0
