0.0;9.1;1.6;80.0
0.0;11.6;1.8;328.0
47.5;17.3;1.5;680.0
89.9;19.4;1.2;72.0
102.2;19.4;0.2;20.0
98.9;19.4;0.6;40.0
90.5;20.0;1.6;196.0
90.8;20.2;1.0;100.0
107.2;20.5;0.8;64.0
98.8;21.1;2.0;196.0
82.4;22.1;2.5;504.0
90.7;22.1;1.4;88.0
33.0;23.4;2.0;552.0
0.0;24.5;3.0;424.0
8.2;25.3;3.1;488.0
0.0;26.9;2.3;496.0
8.2;28.2;1.2;304.0
8.2;29.3;1.6;228.0
0.0;29.9;1.8;212.0
0.0;30.2;2.6;232.0
8.2;30.8;0.4;12.0
0.0;31.7;1.2;1244.0
8.3;33.0;1.8;1176.0
0.0;34.6;0.5;1868.0
0.0;35.4;1.4;688.0
8.1;36.6;1.5;736.0
0.0;38.0;1.2;1596.0
8.3;39.1;2.6;312.0
0.0;39.5;1.6;284.0
8.2;40.2;3.4;416.0
0.0;41.0;2.8;248.0
8.2;42.3;2.5;780.0
0.0;43.5;1.6;1076.0
8.2;44.4;2.2;228.0
8.1;45.4;2.4;376.0
8.2;46.6;1.5;724.0
0.0;47.7;1.8;692.0
0.0;48.3;1.1;124.0
8.2;49.6;1.9;588.0
8.2;51.1;1.3;464.0
8.1;51.5;1.2;160.0
8.2;51.6;0.5;536.0
8.1;53.1;2.3;404.0
0.0;53.5;3.6;240.0
8.2;54.6;2.6;652.0
0.0;55.7;2.6;292.0
8.2;56.4;2.1;432.0
8.2;57.1;0.8;88.0
0.0;57.6;1.3;188.0
8.1;58.3;2.0;300.0
8.1;59.1;3.6;224.0
0.0;59.6;1.8;156.0
8.2;60.5;2.2;292.0
0.0;59.6;2.4;1140.0
0.0;60.5;1.4;252.0
8.1;61.8;3.2;252.0
8.2;62.5;0.2;48.0
8.1;63.1;1.0;124.0
8.2;64.8;1.8;244.0
0.0;65.9;1.3;504.0
8.1;67.4;1.2;220.0
8.1;67.8;0.6;184.0
0.0;68.9;1.0;256.0
16.4;69.6;1.8;272.0
0.0;71.2;3.2;488.0
8.2;71.9;1.2;264.0
8.3;72.9;3.5;304.0
0.0;73.3;4.0;108.0
0.0;74.6;3.9;596.0
16.5;75.1;3.2;388.0
0.0;76.0;1.0;128.0
8.2;76.3;0.2;24.0
8.0;76.8;1.2;188.0
8.3;77.4;1.5;76.0
0.0;77.6;0.4;92.0
8.2;77.7;1.8;52.0
8.1;78.6;2.6;260.0
0.0;78.8;3.0;192.0
8.1;79.2;3.3;196.0
0.0;79.9;4.4;228.0
8.2;80.3;2.2;180.0
0.0;81.2;3.0;228.0
8.1;82.9;2.0;180.0
0.0;83.5;2.2;664.0
8.1;84.1;3.4;180.0
0.0;84.5;2.5;164.0
8.1;85.3;3.7;284.0
0.0;86.5;1.4;296.0
8.2;86.7;3.4;124.0
0.0;87.4;2.8;128.0
8.2;87.6;1.6;76.0
8.2;88.2;2.8;104.0
8.2;88.9;3.0;144.0
0.0;89.4;3.2;200.0
8.3;90.1;1.6;108.0
0.0;90.9;2.4;196.0
8.2;91.2;2.2;116.0
0.0;91.9;1.8;160.0
8.1;92.4;3.0;172.0
8.2;92.9;3.0;140.0
8.2;93.4;2.4;184.0
0.0;93.8;3.2;176.0
8.2;94.7;3.4;208.0
0.0;96.5;2.8;536.0
8.1;96.9;3.4;180.0
8.1;97.3;2.6;108.0
8.2;97.8;1.8;220.0
0.0;98.1;1.9;144.0
8.2;98.4;2.2;132.0
0.0;98.9;2.7;292.0
8.2;99.5;1.7;176.0
8.2;100.1;2.3;820.0
0.0;101.0;2.6;868.0
8.1;101.9;1.9;1172.0
0.0;103.0;2.0;904.0
8.2;103.4;3.7;216.0
0.0;104.0;4.0;212.0
0.0;104.9;1.0;272.0
8.2;104.9;0.0;0.0
8.2;104.9;0.4;40.0
0.0;106.3;0.5;2452.0
72.6;112.8;0.0;484.0
97.8;112.8;0.3;324.0
98.0;113.2;0.5;184.0
90.7;113.8;1.4;1140.0
82.2;114.6;0.4;844.0
98.7;114.9;1.9;424.0
89.3;115.6;1.7;648.0
90.5;116.3;0.2;580.0
90.5;117.1;1.6;580.0
81.7;117.8;0.7;1076.0
0.0;119.0;2.3;400.0
0.0;119.5;2.2;580.0
16.5;120.4;2.8;708.0
0.0;121.0;3.0;868.0
0.0;121.8;3.7;728.0
8.2;122.6;3.3;620.0
0.0;123.5;2.8;536.0
0.0;124.2;2.4;620.0
0.0;124.8;2.6;652.0
16.5;125.4;2.8;460.0
0.0;127.3;2.3;1028.0
0.0;128.3;1.7;1628.0
8.2;129.1;0.6;540.0
8.1;129.6;0.0;0.0
8.2;129.8;0.0;0.0
8.1;130.3;0.0;0.0
8.2;130.6;0.2;36.0
8.3;131.1;0.8;128.0
8.2;132.0;0.4;304.0
0.0;132.5;1.6;376.0
8.2;133.4;2.2;232.0
0.0;133.6;1.0;56.0
8.2;135.0;3.4;432.0
8.2;135.5;0.2;12.0
8.2;135.8;0.0;0.0
8.3;135.8;0.0;136.0
0.0;135.8;2.8;184.0
0.0;135.8;2.4;8.0
8.3;136.3;3.2;352.0
0.0;137.2;2.4;1252.0
8.2;138.0;2.2;552.0
8.2;138.4;1.0;752.0
0.0;139.0;3.3;528.0
8.2;140.1;3.0;588.0
0.0;140.7;2.4;660.0
0.0;141.5;2.0;1288.0
8.2;142.4;1.0;1676.0
8.2;143.5;3.2;576.0
0.0;144.4;1.8;1284.0
0.0;145.3;2.0;1356.0
0.0;146.4;1.6;1024.0
8.2;147.0;1.0;784.0
0.0;147.7;2.2;1100.0
8.2;149.0;2.7;244.0
8.2;149.8;0.0;728.0
0.0;150.3;0.4;144.0
8.2;150.5;0.0;0.0
8.0;150.6;0.1;4.0
8.2;150.7;0.0;0.0
8.1;150.7;0.0;0.0
8.2;150.7;0.0;0.0
8.1;150.7;0.0;0.0
8.2;150.7;0.0;0.0
16.3;150.7;0.0;0.0
8.2;150.7;0.0;0.0
8.0;150.7;0.0;0.0
8.1;150.8;1.5;0.0
8.1;150.8;0.0;0.0
8.2;150.8;0.0;0.0
8.1;151.2;0.0;0.0
8.2;151.2;0.0;0.0
8.1;151.4;0.0;0.0
0.0;153.7;0.3;4.0
8.2;153.7;0.0;0.0
8.2;154.1;0.0;0.0
8.2;184.7;0.0;16.0
0.0;185.0;59.9;244.0
8.1;185.0;75.4;0.0
8.0;185.0;77.8;128.0
0.0;185.4;7.2;40.0
8.2;185.4;28.4;16.0
8.2;185.4;35.6;0.0
8.2;185.4;38.4;0.0
8.3;185.4;39.6;0.0
8.2;185.4;27.0;0.0
8.2;185.4;25.0;0.0
8.2;185.4;27.8;0.0
8.2;185.4;32.0;0.0
8.1;185.4;40.6;0.0
8.2;185.4;38.4;0.0
8.2;185.4;30.4;0.0
8.1;204.9;25.2;0.0
16.5;216.6;1.0;124.0
0.0;217.1;0.6;28.0
8.2;217.1;0.0;0.0
8.1;217.1;0.0;0.0
8.2;217.1;0.0;0.0
8.2;217.3;0.0;0.0
8.2;217.3;0.2;68.0
8.1;217.3;0.0;0.0
8.2;217.3;0.0;0.0
8.2;217.3;0.2;64.0
8.3;217.3;0.0;0.0
8.2;217.3;0.0;0.0
8.2;217.3;0.2;64.0
8.2;217.3;0.0;0.0
8.1;217.3;0.2;64.0
8.2;217.3;0.0;0.0
8.2;217.3;0.2;64.0
8.1;217.3;0.0;0.0
8.2;217.3;0.0;0.0
8.2;186.9;0.3;44.0
8.3;186.9;0.0;0.0
8.1;186.9;0.0;0.0
8.2;187.0;0.0;0.0
8.1;187.0;0.0;0.0
8.2;187.0;0.0;0.0
8.1;187.0;0.0;0.0
8.2;187.0;0.0;0.0
8.0;187.0;0.0;0.0
8.2;155.7;0.0;0.0
8.2;0.0;0.0;516.0
0.0;0.0;0.0;0.0
