0.0;9.1;3.0;0.0
0.0;9.2;1.7;124.0
8.2;11.8;2.4;544.0
40.9;25.3;0.2;364.0
90.2;26.8;1.0;128.0
90.6;27.4;0.6;24.0
107.2;27.4;1.6;88.0
97.3;28.0;1.0;184.0
90.3;28.3;0.6;80.0
98.8;28.5;0.6;28.0
98.9;28.8;1.6;52.0
98.3;29.1;0.4;160.0
98.5;29.6;1.4;188.0
40.9;30.1;1.5;332.0
8.2;31.0;2.5;328.0
8.2;32.2;2.3;612.0
0.0;32.6;2.0;244.0
8.2;33.4;2.5;384.0
0.0;36.0;2.3;688.0
8.2;36.8;1.6;188.0
0.0;37.5;1.6;188.0
8.3;38.0;1.8;200.0
0.0;38.3;2.0;176.0
0.0;38.9;0.8;24.0
0.0;40.0;0.9;1516.0
8.3;41.1;1.7;892.0
0.0;42.7;0.5;1652.0
8.2;43.5;1.2;876.0
0.0;44.5;1.6;464.0
0.0;46.1;0.5;1864.0
8.2;46.9;2.8;320.0
8.2;47.6;1.4;264.0
0.0;48.0;2.5;368.0
8.3;48.8;3.0;240.0
0.0;49.3;2.3;232.0
8.2;50.4;1.7;328.0
0.0;51.5;1.4;1288.0
8.1;52.4;2.4;304.0
8.2;53.4;2.2;276.0
0.0;54.6;1.7;852.0
8.1;55.4;1.4;664.0
0.0;56.0;0.9;108.0
8.3;56.5;1.8;160.0
8.2;58.1;1.8;676.0
0.0;59.5;1.4;344.0
8.2;59.6;0.5;616.0
8.2;60.2;0.9;340.0
8.2;61.6;3.0;216.0
0.0;62.6;3.1;596.0
8.3;63.0;3.7;412.0
8.3;64.3;2.0;272.0
0.0;65.0;0.9;208.0
8.2;65.5;1.3;244.0
0.0;66.1;1.6;164.0
8.3;67.2;2.4;260.0
8.1;67.7;3.6;240.0
0.0;68.2;1.2;160.0
8.2;63.4;1.3;156.0
0.0;63.6;3.4;1196.0
0.0;64.8;0.6;224.0
16.5;65.7;3.0;260.0
0.0;66.5;0.6;32.0
8.2;68.4;1.8;348.0
8.1;69.6;1.9;436.0
8.2;70.9;1.0;256.0
8.2;71.0;0.4;84.0
0.0;72.4;1.4;388.0
8.2;73.3;1.4;256.0
7.9;74.7;3.6;504.0
8.2;75.4;0.6;176.0
8.3;76.1;2.4;284.0
0.0;76.7;3.7;180.0
8.2;77.7;4.7;428.0
0.0;78.5;2.6;356.0
8.1;79.4;2.6;352.0
8.2;79.7;0.2;12.0
8.2;80.4;1.0;200.0
8.1;80.8;0.9;40.0
0.0;81.2;1.4;140.0
8.2;81.2;0.0;0.0
8.2;81.6;3.4;164.0
0.0;82.1;3.0;252.0
8.3;82.6;3.6;216.0
0.0;83.1;4.3;208.0
8.1;84.0;2.8;260.0
0.0;84.7;3.0;212.0
0.0;86.5;2.0;196.0
8.2;87.1;2.4;672.0
8.1;87.6;3.2;176.0
8.2;88.0;3.5;204.0
0.0;89.1;3.1;312.0
0.0;90.0;1.4;232.0
8.2;90.4;3.2;128.0
0.0;90.9;2.8;124.0
8.2;91.2;1.6;76.0
8.2;91.7;2.6;92.0
8.3;92.5;3.2;156.0
8.1;93.0;3.2;200.0
0.0;93.6;1.6;108.0
8.2;94.4;2.4;196.0
8.3;94.9;2.2;132.0
8.2;95.6;2.2;180.0
0.0;96.1;3.2;224.0
0.0;96.6;2.8;100.0
8.2;97.1;3.0;188.0
0.0;97.6;3.2;184.0
16.5;98.5;3.2;212.0
0.0;100.1;2.8;516.0
0.0;100.7;3.2;160.0
8.2;101.0;2.4;188.0
8.2;101.4;1.8;140.0
0.0;101.7;1.5;120.0
8.1;102.0;2.2;132.0
0.0;102.6;2.7;292.0
8.2;103.0;2.1;216.0
8.2;103.8;2.5;812.0
0.0;104.6;2.6;896.0
0.0;105.8;1.4;1284.0
8.2;106.7;2.7;772.0
0.0;107.1;2.5;152.0
8.2;107.5;3.6;196.0
0.0;108.6;1.8;312.0
16.3;108.6;0.0;0.0
8.3;108.6;0.2;40.0
0.0;109.9;0.8;2084.0
41.1;115.9;0.0;624.0
90.3;120.9;0.6;728.0
98.5;121.1;1.4;672.0
98.9;121.8;0.2;1124.0
98.1;122.6;1.1;416.0
98.9;122.6;1.4;224.0
90.7;123.4;1.7;756.0
99.0;124.0;0.4;536.0
98.6;124.8;1.2;708.0
90.7;125.5;0.8;880.0
38.8;126.1;2.0;232.0
8.2;126.8;2.1;444.0
0.0;127.9;2.5;736.0
8.2;128.4;3.2;600.0
0.0;129.3;3.3;900.0
0.0;130.0;3.3;792.0
0.0;130.7;2.9;596.0
8.2;131.6;2.6;632.0
0.0;132.2;3.0;548.0
8.2;133.0;2.7;672.0
0.0;134.7;2.4;964.0
8.2;135.8;1.8;1456.0
8.2;136.6;0.6;780.0
8.2;137.1;0.0;0.0
8.2;137.3;0.0;0.0
8.2;137.8;0.0;0.0
8.2;138.1;0.2;36.0
8.2;138.9;0.8;128.0
0.0;139.7;0.6;304.0
8.1;140.3;1.6;376.0
0.0;140.9;2.6;272.0
8.2;141.1;0.6;220.0
8.2;142.4;3.2;228.0
8.2;143.2;0.2;12.0
8.2;143.3;0.0;12.0
0.0;143.3;0.0;176.0
0.0;143.3;3.2;140.0
8.2;143.5;3.4;28.0
0.0;144.0;2.6;700.0
8.2;144.9;2.0;1288.0
0.0;145.5;1.8;140.0
8.2;146.1;2.5;876.0
8.2;146.8;3.0;512.0
0.0;147.8;2.6;1008.0
8.2;148.4;2.8;288.0
0.0;149.3;1.4;1680.0
0.0;150.4;1.6;1224.0
0.0;151.1;3.2;880.0
8.2;152.2;1.2;1448.0
0.0;153.5;2.0;1208.0
8.2;154.2;1.4;1340.0
0.0;155.0;2.6;672.0
8.2;156.1;2.1;708.0
8.2;157.3;0.7;744.0
0.0;157.8;0.4;144.0
8.1;157.8;0.0;0.0
8.2;158.0;0.0;0.0
8.1;158.0;0.0;0.0
8.2;158.0;0.0;0.0
8.2;158.0;0.0;4.0
8.1;158.1;0.1;0.0
8.2;158.2;0.0;0.0
8.1;158.2;0.0;0.0
8.2;158.2;0.0;0.0
8.1;158.2;0.0;0.0
8.2;158.2;0.0;0.0
8.1;158.2;0.0;0.0
8.2;158.2;0.0;0.0
8.0;158.2;0.0;0.0
8.2;158.2;0.0;0.0
16.3;158.3;1.5;0.0
0.0;158.3;0.0;0.0
16.2;158.3;0.0;0.0
8.3;158.3;0.0;0.0
8.1;158.3;0.0;0.0
8.2;158.6;0.0;0.0
8.1;158.6;0.0;0.0
8.2;158.6;0.0;0.0
8.1;158.6;0.0;0.0
0.0;159.0;0.3;4.0
8.2;159.1;0.0;0.0
8.2;159.5;0.0;0.0
8.2;159.7;0.0;0.0
16.5;190.4;1.4;188.0
8.2;190.4;79.1;72.0
8.0;190.4;92.6;0.0
0.0;190.6;39.6;128.0
8.2;191.0;14.4;56.0
8.2;191.0;30.4;0.0
8.2;191.0;26.0;0.0
8.1;191.0;25.6;0.0
8.1;191.0;32.6;0.0
8.2;191.0;36.2;0.0
8.1;191.0;34.6;0.0
8.2;191.0;14.2;0.0
8.2;191.0;28.4;0.0
8.3;191.0;38.4;0.0
8.1;191.0;40.0;0.0
8.2;191.0;42.0;0.0
8.2;205.9;32.0;0.0
8.2;222.2;0.8;124.0
8.2;222.6;0.8;28.0
8.2;222.6;0.0;0.0
8.1;222.6;0.0;0.0
8.3;222.6;0.0;0.0
8.2;222.6;0.0;0.0
8.1;222.6;0.0;0.0
8.0;222.6;0.0;0.0
8.1;222.6;0.0;0.0
8.2;222.6;0.0;0.0
8.2;222.6;0.2;68.0
8.1;222.6;0.0;0.0
8.2;222.6;0.0;0.0
8.1;222.9;0.2;64.0
8.2;222.9;0.0;0.0
8.1;222.9;0.0;0.0
8.1;222.9;0.2;64.0
8.2;222.9;0.0;0.0
16.4;222.9;0.2;64.0
8.3;222.9;0.0;0.0
8.2;222.9;0.0;0.0
8.2;222.9;0.2;64.0
8.1;222.9;0.0;0.0
8.2;222.9;0.0;0.0
8.2;192.4;0.3;44.0
8.2;192.4;0.0;0.0
8.2;192.5;0.0;0.0
8.1;192.5;0.0;0.0
8.2;192.5;0.0;0.0
8.1;192.5;0.0;0.0
8.2;192.5;0.0;0.0
8.0;192.5;0.0;0.0
8.1;192.5;0.0;0.0
8.2;192.5;0.0;0.0
8.2;162.0;0.0;0.0
0.0;145.3;0.0;448.0
0.0;0.0;0.0;68.0
0.0;0.0;0.0;0.0
