13.3;48.4;31.6;0.0
8.3;62.1;27.7;0.0
7.5;69.4;23.1;0.0
8.3;79.4;25.0;0.0
5.8;89.6;42.9;0.0
7.5;99.9;44.1;0.0
26.6;119.1;36.6;0.0
83.2;130.1;30.2;0.0
6.6;137.7;21.8;0.0
5.8;149.3;29.4;0.0
0.0;149.3;0.0;0.0
0.0;149.3;0.0;0.0
0.0;149.3;0.0;0.0
0.0;149.3;0.0;0.0
0.0;149.3;0.0;0.0
0.0;149.3;0.0;0.0
0.0;149.3;1.8;0.0
0.0;149.3;0.0;0.0
0.0;149.3;0.0;0.0
0.0;149.3;0.0;0.0
0.0;149.3;0.4;0.0
0.0;149.3;0.0;0.0
0.0;149.3;0.0;0.0
0.0;149.3;0.0;0.0
0.0;149.3;0.0;0.0
0.0;149.3;0.0;0.0
0.0;149.3;0.0;0.0
0.0;149.4;2.1;0.0
0.0;149.4;0.0;0.0
0.0;149.4;0.0;0.0
0.0;149.4;0.0;0.0
5.0;151.8;1.4;0.0
8.3;152.0;0.0;0.0
3.3;152.7;6.1;0.0
8.3;152.7;0.0;0.0
8.2;152.7;0.0;0.0
8.3;152.7;0.0;0.0
8.3;152.7;0.0;0.0
8.3;152.7;0.0;0.0
8.3;152.7;0.0;0.0
8.3;152.7;0.0;0.0
8.3;152.7;0.0;0.0
8.3;152.7;0.0;0.0
8.3;152.8;0.0;0.0
8.3;152.8;0.0;0.0
8.3;152.8;0.0;0.0
4.2;152.8;6.6;0.0
5.0;153.8;0.7;0.0
0.0;153.8;0.0;0.0
0.0;153.8;0.0;0.0
0.0;153.8;0.0;0.0
0.0;153.8;0.0;0.0
0.0;153.8;0.0;0.0
0.0;153.8;1.6;0.0
0.0;153.8;0.0;0.0
0.0;153.8;0.0;0.0
0.0;153.8;0.0;0.0
0.0;153.8;1.0;0.0
0.0;153.8;0.0;0.0
0.0;153.8;0.0;0.0
