24.9;46.9;28.6;0.0
7.5;62.5;33.9;0.0
7.5;65.9;24.3;0.0
8.3;77.8;27.7;0.0
6.6;86.5;34.7;0.0
6.7;96.7;43.4;0.0
8.3;105.3;34.1;0.0
94.9;133.6;39.5;0.0
14.1;141.5;11.9;0.0
7.5;155.8;41.5;0.0
0.0;155.8;0.0;0.0
0.0;155.8;0.0;0.0
0.0;155.8;0.0;0.0
0.0;155.8;0.0;0.0
0.0;155.8;0.0;0.0
0.0;155.8;0.0;0.0
0.0;155.8;0.0;0.0
0.0;155.8;1.8;0.0
0.0;155.8;0.0;0.0
0.0;155.8;0.0;0.0
0.0;155.8;0.0;0.0
0.0;155.8;0.4;0.0
0.0;155.8;0.0;0.0
0.0;155.8;0.0;0.0
0.0;155.8;0.0;0.0
0.0;155.8;0.0;0.0
0.0;155.8;0.0;0.0
0.0;155.8;0.0;0.0
0.0;155.9;2.2;0.0
0.0;155.9;0.0;0.0
0.0;155.9;0.0;0.0
0.0;156.4;1.0;0.0
8.3;158.2;0.4;0.0
5.8;158.6;0.4;0.0
6.7;158.9;5.9;0.0
8.3;158.9;0.0;0.0
8.3;158.9;0.0;0.0
8.3;158.9;0.0;0.0
8.3;158.9;0.0;0.0
8.3;158.9;0.0;0.0
8.3;158.9;0.0;0.0
8.3;158.9;0.0;0.0
8.3;158.9;0.0;0.0
8.3;158.9;0.0;0.0
8.3;158.9;0.0;0.0
8.3;158.9;0.0;0.0
4.2;159.4;7.0;0.0
5.0;160.1;0.0;0.0
0.0;160.1;0.0;0.0
0.0;160.1;0.0;0.0
0.0;160.1;0.0;0.0
0.0;160.1;0.0;0.0
0.0;160.1;0.0;0.0
0.0;160.1;1.9;0.0
0.0;160.1;0.0;0.0
0.0;160.1;0.0;0.0
0.0;160.1;0.0;0.0
0.0;160.1;0.4;0.0
0.0;160.1;0.0;0.0
0.0;160.1;0.0;0.0
