7.5;57.7;32.2;0.0
8.3;68.7;22.4;0.0
7.5;72.7;22.4;0.0
7.5;82.3;25.0;0.0
6.6;91.0;35.3;0.0
7.5;99.7;42.0;0.0
7.5;109.9;34.9;0.0
89.9;135.3;32.8;0.0
19.1;143.9;12.0;0.0
8.3;155.3;38.1;0.0
1.7;160.1;10.0;0.0
0.0;160.1;0.0;0.0
0.0;160.1;0.0;0.0
0.0;160.1;0.0;0.0
0.0;160.1;0.0;0.0
0.0;160.1;0.0;0.0
0.0;160.1;0.0;0.0
0.0;160.4;1.8;0.0
0.0;160.4;0.0;0.0
0.0;160.4;0.0;0.0
0.0;160.4;0.0;0.0
0.0;160.4;0.4;0.0
0.0;160.4;0.0;0.0
0.0;160.4;0.0;0.0
0.0;160.4;0.0;0.0
0.0;160.4;0.0;0.0
0.0;160.4;0.0;0.0
0.0;160.4;0.0;0.0
0.0;160.4;2.0;0.0
0.0;160.4;0.0;0.0
0.0;160.4;0.0;0.0
0.0;160.4;0.0;0.0
5.0;162.7;1.3;0.0
8.3;163.0;0.0;0.0
2.5;163.3;2.2;0.0
7.5;163.7;4.2;0.0
8.3;163.7;0.0;0.0
8.3;163.7;0.0;0.0
8.3;163.7;0.0;0.0
8.3;163.7;0.0;0.0
8.3;163.7;0.0;0.0
8.3;163.7;0.0;0.0
8.3;163.7;0.0;0.0
8.3;163.7;0.0;0.0
8.3;163.7;0.0;0.0
8.3;163.7;0.0;0.0
8.3;163.7;0.0;0.0
8.3;163.7;0.0;0.0
6.6;163.8;1.3;0.0
5.8;164.7;5.8;0.0
0.0;164.7;0.0;0.0
0.0;164.7;0.0;0.0
0.0;164.7;0.0;0.0
0.0;164.7;0.0;0.0
0.0;164.7;0.0;0.0
0.0;164.7;0.0;0.0
0.0;164.7;1.8;0.0
0.0;164.7;0.0;0.0
0.0;164.7;0.0;0.0
0.0;164.7;0.4;0.0
