7.5;59.1;23.3;0.0
8.3;68.8;16.6;0.0
8.3;62.4;21.2;0.0
7.5;69.7;12.1;0.0
9.1;76.0;16.3;0.0
8.3;79.6;8.7;0.0
6.6;85.9;26.9;0.0
7.5;90.9;21.6;0.0
8.3;94.5;13.6;0.0
5.8;99.5;22.0;0.0
7.5;105.3;21.6;0.0
35.8;124.9;9.7;0.0
72.3;133.1;24.6;0.0
8.3;140.3;13.8;0.0
8.3;141.6;0.4;0.0
8.3;145.5;9.2;0.0
7.5;149.5;17.5;0.0
6.6;159.8;24.2;0.0
0.0;159.8;0.0;0.0
0.0;159.8;0.0;0.0
0.0;159.8;0.0;0.0
0.0;159.8;0.0;0.0
0.0;159.8;0.0;0.0
0.0;159.8;0.0;0.0
0.0;159.8;0.0;0.0
0.0;159.8;1.6;0.0
0.0;159.8;0.0;0.0
0.0;159.8;0.0;0.0
0.0;159.8;0.4;0.0
0.0;159.8;0.0;0.0
0.0;159.8;0.0;0.0
0.0;159.8;0.0;0.0
0.0;159.8;0.0;0.0
0.0;159.8;0.0;0.0
0.0;159.8;0.0;0.0
0.0;159.8;0.0;0.0
0.0;159.9;2.2;0.0
0.0;159.9;0.0;0.0
0.0;159.9;0.0;0.0
0.8;160.8;1.2;0.0
8.3;162.0;0.4;0.0
8.3;162.2;0.0;0.0
6.6;162.6;0.4;0.0
5.8;162.9;6.2;0.0
8.3;162.9;0.0;0.0
8.3;162.9;0.0;0.0
9.1;162.9;0.0;0.0
8.3;162.9;0.0;0.0
8.3;162.9;0.0;0.0
8.3;162.9;0.0;0.0
8.3;162.9;0.0;0.0
8.3;162.9;0.0;0.0
8.3;162.9;0.0;0.0
8.3;162.9;0.0;0.0
8.3;162.9;0.0;0.0
9.2;162.9;0.0;0.0
8.3;162.9;0.0;0.0
8.3;162.9;0.0;0.0
8.3;162.9;0.0;0.0
8.3;162.9;0.0;0.0
