7.5;52.7;14.2;0.0
9.2;61.0;18.9;0.0
7.5;69.6;18.5;0.0
7.5;72.8;19.1;0.0
8.3;82.2;11.4;0.0
8.3;88.5;22.7;0.0
5.8;97.4;37.5;0.0
6.6;101.4;16.4;0.0
8.3;104.4;16.2;0.0
7.5;108.3;14.1;0.0
8.3;113.8;21.5;0.0
48.1;136.6;13.7;0.0
59.8;147.3;30.2;0.0
8.3;151.8;6.2;0.0
8.3;158.4;25.9;0.0
4.1;167.7;19.1;0.0
0.0;167.7;0.0;0.0
0.0;167.7;0.0;0.0
0.0;167.7;0.0;0.0
0.0;167.7;0.0;0.0
0.0;167.7;0.0;0.0
0.0;167.7;0.0;0.0
0.8;167.7;1.8;0.0
0.0;167.7;0.0;0.0
0.0;167.7;0.0;0.0
0.0;167.7;0.0;0.0
0.0;167.7;0.4;0.0
0.0;167.7;0.0;0.0
0.0;167.7;0.0;0.0
0.0;167.7;0.0;0.0
0.0;167.7;0.0;0.0
0.0;167.7;0.0;0.0
0.0;167.7;0.0;0.0
0.0;167.8;2.0;0.0
0.0;167.8;0.0;0.0
0.0;167.8;0.0;0.0
0.0;167.8;0.0;0.0
4.1;170.0;1.3;0.0
8.3;170.3;0.0;0.0
4.2;170.7;6.0;0.0
8.3;171.0;0.0;0.0
8.3;171.0;0.0;0.0
8.3;171.0;0.0;0.0
8.3;171.0;0.0;0.0
8.3;171.0;0.0;0.0
8.3;171.0;0.0;0.0
8.3;171.0;0.0;0.0
8.3;171.0;0.0;0.0
8.3;171.0;0.0;0.0
8.3;171.0;0.0;0.0
8.3;171.0;0.0;0.0
8.3;171.0;0.0;0.0
6.7;171.1;1.5;0.0
5.8;172.1;5.7;0.0
0.0;172.1;0.0;0.0
0.0;172.1;0.0;0.0
0.0;172.1;0.0;0.0
0.0;172.1;0.0;0.0
0.0;172.1;0.0;0.0
0.0;172.1;0.0;0.0
