14.1;49.9;36.9;0.0
8.3;63.5;27.8;0.0
6.7;74.5;23.3;0.0
7.5;83.6;32.0;0.0
6.6;95.6;46.7;0.0
7.5;107.8;49.0;0.0
65.7;132.0;41.7;0.0
43.2;140.6;13.0;0.0
8.3;156.4;44.9;0.0
0.0;156.4;0.1;0.0
0.0;156.4;0.0;0.0
0.0;156.4;0.0;0.0
0.0;156.4;0.0;0.0
0.0;156.4;0.0;0.0
0.0;156.4;0.0;0.0
0.0;156.4;0.0;0.0
0.0;156.7;1.8;0.0
0.0;156.7;0.0;0.0
0.0;156.7;0.0;0.0
0.0;156.7;0.0;0.0
0.0;156.7;0.4;0.0
0.0;156.7;0.0;0.0
0.0;156.7;0.0;0.0
0.0;156.7;0.0;0.0
0.0;156.7;0.0;0.0
0.0;156.7;0.0;0.0
0.0;156.7;0.0;0.0
0.0;156.7;2.0;0.0
0.0;156.7;0.0;0.0
0.0;156.7;0.0;0.0
0.0;157.0;0.9;0.0
8.3;159.3;0.4;0.0
6.6;159.6;1.2;0.0
5.8;160.0;4.9;0.0
8.3;160.0;0.0;0.0
8.3;160.0;0.0;0.0
8.3;160.0;0.0;0.0
8.3;160.0;0.0;0.0
9.1;160.0;0.0;0.0
8.3;160.0;0.0;0.0
8.3;160.0;0.0;0.0
8.3;160.0;0.0;0.0
8.3;160.0;0.0;0.0
8.3;160.0;0.0;0.0
8.3;160.0;0.0;0.0
7.5;160.0;1.3;0.0
5.0;160.5;5.8;0.0
0.0;161.0;0.0;0.0
0.0;161.0;0.0;0.0
0.0;161.0;0.0;0.0
0.0;161.0;0.0;0.0
0.0;161.0;0.0;0.0
0.0;161.0;0.0;0.0
0.0;161.0;1.7;0.0
0.0;161.0;0.0;0.0
0.0;161.0;0.0;0.0
0.0;161.0;0.0;0.0
0.0;161.0;0.0;0.0
0.0;161.0;0.0;0.0
0.0;161.0;0.0;0.0
