15.8;53.4;35.0;0.0
7.5;68.1;29.2;0.0
6.7;72.8;23.4;0.0
7.5;82.8;25.0;0.0
6.6;92.7;42.3;0.0
7.5;103.3;45.1;0.0
29.1;122.4;33.2;0.0
80.6;135.3;33.2;0.0
8.3;141.3;13.0;0.0
5.8;154.7;38.2;0.0
0.0;154.7;0.0;0.0
0.0;154.7;0.0;0.0
0.0;154.7;0.0;0.0
0.0;154.7;0.0;0.0
0.0;154.7;0.0;0.0
0.0;154.7;0.0;0.0
0.0;154.7;0.0;0.0
0.0;154.7;1.7;0.0
0.0;154.7;0.0;0.0
0.0;154.7;0.0;0.0
0.0;154.7;0.4;0.0
0.0;154.7;0.0;0.0
0.0;154.7;0.0;0.0
0.0;154.7;0.0;0.0
0.0;154.7;0.0;0.0
0.0;154.7;0.0;0.0
0.0;154.7;0.0;0.0
0.0;154.7;0.0;0.0
0.0;154.8;2.1;0.0
0.0;154.8;0.0;0.0
0.0;154.8;0.0;0.0
1.7;157.2;1.4;0.0
8.3;157.5;0.0;0.0
5.0;157.9;6.1;0.0
7.5;158.1;0.0;0.0
8.3;158.1;0.0;0.0
8.3;158.1;0.0;0.0
8.3;158.1;0.0;0.0
8.3;158.1;0.0;0.0
8.3;158.1;0.0;0.0
8.3;158.1;0.0;0.0
8.3;158.1;0.0;0.0
8.3;158.1;0.0;0.0
8.3;158.1;0.0;0.0
8.3;158.1;0.0;0.0
7.5;158.2;1.3;0.0
5.0;159.2;5.7;0.0
0.0;159.2;0.0;0.0
0.0;159.2;0.0;0.0
0.0;159.2;0.0;0.0
0.0;159.2;0.0;0.0
0.0;159.2;0.0;0.0
0.0;159.2;0.0;0.0
0.8;159.2;1.8;0.0
0.0;159.2;0.0;0.0
0.0;159.2;0.0;0.0
0.0;159.2;0.4;0.0
0.0;159.2;0.0;0.0
0.0;159.2;0.0;0.0
0.0;159.2;0.0;0.0
