5.8;55.2;35.3;0.0
8.3;68.4;27.7;0.0
5.8;77.9;22.1;0.0
8.3;88.9;25.6;0.0
5.8;98.6;41.7;0.0
8.3;108.9;43.2;0.0
20.0;127.0;34.1;0.0
82.2;140.6;34.8;0.0
8.3;147.2;9.8;0.0
5.8;160.8;41.4;0.0
0.0;160.8;0.0;0.0
0.0;160.8;0.0;0.0
0.0;160.8;0.0;0.0
0.0;160.8;0.0;0.0
0.0;160.8;0.0;0.0
0.0;160.8;0.0;0.0
0.0;160.8;0.0;0.0
0.0;161.1;1.7;0.0
0.0;161.1;0.0;0.0
0.0;161.1;0.0;0.0
0.0;161.1;1.1;0.0
0.0;161.1;0.0;0.0
0.0;161.1;0.0;0.0
0.0;161.1;0.0;0.0
0.0;161.1;0.0;0.0
0.0;161.1;0.0;0.0
0.0;161.1;0.0;0.0
0.0;161.1;0.0;0.0
0.0;161.1;0.0;0.0
0.0;161.1;0.0;0.0
0.0;161.1;0.0;0.0
1.7;163.1;3.1;0.0
8.3;163.6;0.0;0.0
5.8;163.9;2.2;0.0
0.0;163.9;0.0;0.0
0.8;164.3;3.7;0.0
8.3;164.3;0.0;0.0
8.3;164.3;0.0;0.0
8.3;164.3;0.0;0.0
8.3;164.3;0.0;0.0
8.3;164.3;0.0;0.0
8.3;164.3;0.0;0.0
8.3;164.3;0.0;0.0
8.3;164.3;0.0;0.0
8.3;164.3;0.0;0.0
9.1;164.3;0.0;0.0
8.3;164.3;0.0;0.0
5.8;164.4;3.1;0.0
5.8;165.4;4.2;0.0
0.0;165.4;0.0;0.0
0.0;165.4;0.0;0.0
0.0;165.4;0.0;0.0
0.0;165.4;0.0;0.0
0.0;165.4;0.0;0.0
0.0;165.4;1.7;0.0
0.0;165.4;0.0;0.0
0.0;165.4;0.0;0.0
0.0;165.4;0.0;0.0
0.0;165.4;0.4;0.0
0.0;165.4;0.0;0.0
