8.3;61.0;24.9;0.0
7.5;66.5;8.3;0.0
8.3;74.0;18.2;0.0
6.6;70.0;17.7;0.0
8.3;79.1;22.2;0.0
9.2;82.9;12.3;0.0
6.6;90.6;29.1;0.0
8.3;96.4;24.2;0.0
7.5;102.4;27.9;0.0
7.5;109.2;23.2;0.0
63.4;125.3;11.6;0.0
42.4;131.5;23.2;0.0
8.3;135.7;6.8;0.0
9.1;137.3;0.2;0.0
8.3;141.2;9.4;0.0
7.5;142.1;2.8;0.0
6.6;145.3;15.3;0.0
8.3;153.3;18.6;0.0
1.7;155.5;5.0;0.0
0.0;155.5;0.0;0.0
0.0;155.5;0.0;0.0
0.0;155.5;0.0;0.0
0.0;155.5;0.0;0.0
0.0;155.5;0.0;0.0
0.0;155.5;0.0;0.0
0.0;155.7;1.8;0.0
0.0;155.7;0.0;0.0
0.0;155.7;0.0;0.0
0.0;155.7;0.0;0.0
0.0;155.7;1.0;0.0
0.0;155.7;0.0;0.0
0.0;155.7;0.0;0.0
0.0;155.7;0.0;0.0
0.0;155.7;0.0;0.0
0.0;155.7;0.0;0.0
0.0;155.7;0.0;0.0
0.0;155.7;0.0;0.0
0.0;155.7;0.0;0.0
0.0;155.7;0.0;0.0
0.0;155.7;0.0;0.0
5.8;158.1;3.2;0.0
8.3;158.1;0.0;0.0
8.3;158.1;0.0;0.0
8.3;158.1;0.0;0.0
8.3;158.4;0.0;0.0
8.3;158.4;0.0;0.0
8.3;158.7;0.0;0.0
3.3;158.9;5.9;0.0
8.3;159.1;0.0;0.0
8.3;159.1;0.0;0.0
8.3;159.1;0.0;0.0
7.5;159.1;0.0;0.0
8.3;159.1;0.0;0.0
9.2;159.1;0.0;0.0
8.3;159.1;0.0;0.0
8.3;159.1;0.0;0.0
8.3;159.1;0.0;0.0
8.3;159.1;0.0;0.0
8.3;159.1;0.0;0.0
8.3;159.1;0.0;0.0
