6.7;49.0;31.5;0.0
8.3;62.1;27.3;0.0
6.6;71.2;21.6;0.0
8.3;82.8;26.5;0.0
5.8;92.2;39.3;0.0
7.5;102.9;45.8;0.0
18.3;120.1;34.8;0.0
91.4;133.3;33.9;0.0
7.5;139.4;16.8;0.0
5.8;152.9;34.5;0.0
0.0;152.9;0.0;0.0
0.0;152.9;0.0;0.0
0.0;152.9;0.0;0.0
0.0;152.9;0.0;0.0
0.0;152.9;0.0;0.0
0.0;152.9;0.0;0.0
0.0;152.9;0.0;0.0
0.0;153.3;1.8;0.0
0.0;153.3;0.0;0.0
0.0;153.3;0.0;0.0
0.0;153.3;0.4;0.0
0.0;153.3;0.0;0.0
0.0;153.3;0.0;0.0
0.0;153.3;0.0;0.0
0.0;153.3;0.0;0.0
0.0;153.3;0.0;0.0
0.0;153.3;0.0;0.0
0.0;153.3;0.3;0.0
0.0;153.3;2.1;0.0
0.0;153.3;0.0;0.0
0.0;153.3;0.0;0.0
2.5;155.6;1.3;0.0
8.3;155.8;0.0;0.0
5.0;156.3;5.9;0.0
8.3;156.6;0.0;0.0
8.3;156.6;0.0;0.0
8.3;156.6;0.0;0.0
8.3;156.6;0.0;0.0
8.3;156.6;0.0;0.0
8.3;156.6;0.0;0.0
8.3;156.6;0.0;0.0
8.3;156.6;0.0;0.0
8.3;156.6;0.0;0.0
8.3;156.7;0.0;0.0
8.3;156.7;0.0;0.0
7.5;158.7;1.3;0.0
5.0;159.0;6.0;0.0
0.8;157.7;0.0;0.0
0.0;157.7;0.0;0.0
0.0;157.7;0.0;0.0
0.0;157.7;0.0;0.0
0.0;157.7;0.0;0.0
0.0;157.7;0.0;0.0
0.0;157.7;1.8;0.0
0.0;157.7;0.0;0.0
0.0;157.7;0.0;0.0
0.0;157.7;0.4;0.0
0.0;157.7;0.0;0.0
0.0;157.7;0.0;0.0
0.0;157.7;0.0;0.0
