7.5;42.4;30.0;0.0
7.5;57.1;30.3;0.0
6.6;66.8;23.2;0.0
8.3;78.8;27.7;0.0
5.8;87.8;36.7;0.0
7.5;98.2;44.8;0.0
14.2;116.0;35.0;0.0
94.8;131.2;37.3;0.0
7.5;137.3;17.0;0.0
5.0;150.7;34.3;0.0
0.0;150.7;0.0;0.0
0.0;150.7;0.0;0.0
0.0;150.7;0.0;0.0
0.0;150.7;0.0;0.0
0.0;150.7;0.0;0.0
0.0;150.7;0.0;0.0
0.0;150.7;0.0;0.0
0.0;151.0;1.7;0.0
0.0;151.0;0.0;0.0
0.0;151.0;0.0;0.0
0.8;151.0;0.8;0.0
0.0;151.0;0.0;0.0
0.0;151.0;0.0;0.0
0.0;151.0;0.0;0.0
0.0;151.0;0.0;0.0
0.0;151.0;0.0;0.0
0.0;151.0;0.0;0.0
0.0;151.0;0.0;0.0
0.0;151.0;0.0;0.0
0.0;151.0;0.0;0.0
0.0;151.0;0.0;0.0
2.5;153.3;2.9;0.0
8.3;153.5;0.0;0.0
5.8;153.8;2.2;0.0
6.6;154.2;3.8;0.0
8.3;154.2;0.0;0.0
8.3;154.2;0.0;0.0
7.5;154.2;0.0;0.0
8.3;154.2;0.0;0.0
8.3;154.2;0.0;0.0
8.3;154.2;0.0;0.0
8.3;154.2;0.0;0.0
8.3;154.2;0.0;0.0
8.3;154.2;0.0;0.0
8.3;154.2;0.0;0.0
9.2;154.2;0.0;0.0
5.0;154.3;3.1;0.0
5.0;155.3;3.9;0.0
0.0;155.3;0.0;0.0
0.0;155.3;0.0;0.0
0.0;155.3;0.0;0.0
0.0;155.3;0.0;0.0
0.0;155.3;0.0;0.0
0.0;155.3;0.0;0.0
0.0;155.3;1.8;0.0
0.0;155.3;0.0;0.0
0.0;155.3;0.0;0.0
0.0;155.3;0.4;0.0
0.0;155.3;0.0;0.0
0.0;155.3;0.0;0.0
