7.5;61.5;34.1;0.0
7.5;68.2;27.5;0.0
7.5;82.7;30.4;0.0
7.5;91.5;30.8;0.0
7.5;101.4;44.0;0.0
7.5;113.0;43.5;0.0
91.5;136.3;41.0;0.0
16.6;143.1;10.2;0.0
8.3;157.4;41.6;0.0
0.0;157.4;0.0;0.0
0.0;157.4;0.0;0.0
0.0;157.4;0.0;0.0
0.0;157.4;0.0;0.0
0.0;157.4;0.0;0.0
0.0;157.4;0.0;0.0
0.0;157.4;0.0;0.0
0.0;157.8;1.7;0.0
0.0;157.8;0.0;0.0
0.0;157.8;0.0;0.0
0.0;157.8;0.4;0.0
0.0;157.8;0.0;0.0
0.0;157.8;0.0;0.0
0.0;157.8;0.0;0.0
0.0;157.8;0.0;0.0
0.0;157.8;0.0;0.0
0.0;157.8;0.0;0.0
0.0;157.8;0.0;0.0
0.0;157.8;2.1;0.0
0.0;157.8;0.0;0.0
0.0;157.8;0.0;0.0
0.0;158.5;1.1;0.0
8.3;160.2;0.4;0.0
6.6;160.4;0.4;0.0
5.0;160.8;5.8;0.0
8.3;160.8;0.0;0.0
8.3;160.8;0.0;0.0
8.3;160.8;0.0;0.0
9.1;161.0;0.0;0.0
8.3;161.0;0.0;0.0
8.3;161.0;0.0;0.0
8.3;161.0;0.0;0.0
8.3;161.0;0.0;0.0
8.3;161.0;0.0;0.0
8.3;161.0;0.0;0.0
8.3;161.0;0.0;0.0
4.2;161.2;7.2;0.0
5.0;162.0;0.0;0.0
0.0;162.0;0.0;0.0
0.0;162.0;0.0;0.0
0.0;162.0;0.0;0.0
0.0;162.0;0.0;0.0
0.0;162.0;0.0;0.0
0.0;162.0;1.8;0.0
0.0;162.0;0.0;0.0
0.0;162.0;0.0;0.0
0.0;162.0;0.0;0.0
0.0;162.0;1.0;0.0
0.0;162.0;0.0;0.0
0.0;162.0;0.0;0.0
0.0;162.0;0.0;0.0
