10.0;52.0;30.1;0.0
7.5;67.2;30.6;0.0
6.6;66.1;23.4;0.0
8.3;78.0;27.7;0.0
5.8;87.2;38.1;0.0
7.5;97.7;45.8;0.0
13.3;115.0;28.8;0.0
95.5;132.2;41.1;0.0
8.3;138.5;9.8;0.0
5.8;152.1;41.4;0.0
0.0;152.1;0.0;0.0
0.0;152.1;0.0;0.0
0.0;152.1;0.0;0.0
0.0;152.1;0.0;0.0
0.0;152.1;0.0;0.0
0.0;152.1;0.0;0.0
0.0;152.1;0.0;0.0
0.0;152.1;1.8;0.0
0.0;152.1;0.0;0.0
0.0;152.1;0.0;0.0
0.0;152.1;0.4;0.0
0.0;152.1;0.0;0.0
0.0;152.1;0.0;0.0
0.0;152.1;0.0;0.0
0.0;152.1;0.0;0.0
0.0;152.1;0.0;0.0
0.0;152.1;0.0;0.0
0.0;152.1;0.0;0.0
0.0;152.3;2.3;0.0
0.0;152.3;0.0;0.0
0.0;152.3;0.0;0.0
0.0;153.2;1.0;0.0
8.3;154.7;0.4;0.0
5.8;155.0;2.2;0.0
8.3;155.3;3.9;0.0
8.3;155.3;0.0;0.0
8.3;155.3;0.0;0.0
8.3;155.3;0.0;0.0
8.3;155.3;0.0;0.0
8.3;155.3;0.0;0.0
8.3;155.3;0.0;0.0
8.3;155.3;0.0;0.0
8.3;155.3;0.0;0.0
8.3;155.3;0.0;0.0
8.3;155.3;0.0;0.0
5.0;155.4;3.1;0.0
5.8;156.5;3.8;0.0
0.0;156.5;0.0;0.0
0.0;156.5;0.0;0.0
0.0;156.5;0.0;0.0
0.0;156.5;0.0;0.0
0.0;156.5;0.0;0.0
0.0;156.5;1.8;0.0
0.0;156.5;0.0;0.0
0.0;156.5;0.0;0.0
0.0;156.5;0.0;0.0
0.0;156.5;0.4;0.0
0.0;156.5;0.0;0.0
0.0;156.5;0.0;0.0
0.0;156.5;0.0;0.0
