8.3;29.4;10.5;0.0
6.6;37.1;13.0;0.0
7.5;46.5;12.1;0.0
8.3;53.6;17.8;0.0
7.5;60.3;8.6;0.0
8.3;64.7;13.9;0.0
7.5;68.5;17.1;0.0
8.3;76.1;7.9;0.0
6.6;81.6;18.5;0.0
8.3;84.4;8.5;0.0
6.6;89.2;19.1;0.0
7.5;92.4;12.4;0.0
6.6;94.7;12.4;0.0
8.3;98.0;12.6;0.0
8.3;103.7;24.4;0.0
8.3;106.0;11.6;0.0
8.3;111.0;14.9;0.0
9.1;112.5;0.5;0.0
71.7;128.7;3.5;0.0
37.8;136.6;22.1;0.0
8.3;143.2;15.6;0.0
8.3;144.3;0.0;0.0
8.3;145.5;1.0;0.0
7.5;147.9;5.2;0.0
9.1;149.8;6.4;0.0
6.6;152.1;11.0;0.0
8.3;157.1;14.3;0.0
8.3;163.5;13.1;0.0
0.8;163.5;0.3;0.0
0.0;163.5;0.0;0.0
0.0;163.5;0.0;0.0
0.0;163.5;0.0;0.0
0.0;163.5;0.0;0.0
0.0;163.5;0.0;0.0
0.0;163.5;0.0;0.0
0.0;163.8;1.8;0.0
0.0;163.8;0.0;0.0
0.0;163.8;0.0;0.0
0.0;163.8;0.0;0.0
0.0;163.8;0.4;0.0
0.0;163.8;0.0;0.0
0.0;163.8;0.0;0.0
0.0;163.8;0.0;0.0
0.0;163.8;0.0;0.0
0.0;163.8;0.0;0.0
0.0;163.8;0.0;0.0
0.0;163.8;2.5;0.0
0.0;163.8;0.0;0.0
0.0;163.8;0.0;0.0
0.0;163.8;0.9;0.0
8.3;166.1;0.4;0.0
7.5;166.1;0.0;0.0
9.1;166.1;0.0;0.0
7.5;166.1;0.0;0.0
8.3;166.3;0.0;0.0
8.3;166.3;0.0;0.0
5.8;166.6;2.2;0.0
6.6;167.0;3.7;0.0
8.3;167.0;0.0;0.0
8.3;167.0;0.0;0.0
