7.5;63.2;34.0;0.0
5.8;61.6;27.1;0.0
8.3;74.6;25.8;0.0
7.5;81.1;26.9;0.0
5.8;91.3;38.0;0.0
6.6;101.0;41.6;0.0
49.9;120.5;36.7;0.0
60.7;130.9;22.8;0.0
7.5;142.7;37.7;0.0
2.5;149.1;12.5;0.0
0.0;149.1;0.0;0.0
0.0;149.1;0.0;0.0
0.0;149.1;0.0;0.0
0.0;149.1;0.0;0.0
0.0;149.1;0.0;0.0
0.0;149.1;0.0;0.0
0.0;149.1;1.7;0.0
0.0;149.1;0.0;0.0
0.0;149.1;0.0;0.0
0.0;149.1;0.0;0.0
0.0;149.1;1.1;0.0
0.0;149.1;0.0;0.0
0.0;149.1;0.0;0.0
0.0;149.1;0.0;0.0
0.0;149.1;0.0;0.0
0.0;149.1;0.0;0.0
0.0;149.1;0.0;0.0
0.0;149.1;0.0;0.0
0.0;149.1;0.0;0.0
0.0;149.1;0.0;0.0
0.0;149.1;0.0;0.0
5.8;151.4;3.2;0.0
8.3;152.0;0.0;0.0
4.1;152.3;6.6;0.0
8.3;152.3;0.0;0.0
8.3;152.3;0.0;0.0
8.3;152.3;0.0;0.0
8.3;152.3;0.0;0.0
8.3;152.3;0.0;0.0
8.3;152.3;0.0;0.0
8.3;152.3;0.0;0.0
8.3;152.3;0.0;0.0
8.3;152.3;0.0;0.0
8.3;152.3;0.0;0.0
8.3;152.3;0.0;0.0
4.1;153.0;7.4;0.0
4.1;153.4;0.0;0.0
0.0;153.4;0.0;0.0
0.0;153.4;0.0;0.0
0.0;153.4;0.0;0.0
0.0;153.4;0.0;0.0
0.0;153.4;0.0;0.0
0.0;153.4;1.7;0.0
0.0;153.4;0.0;0.0
0.0;153.4;0.0;0.0
0.0;153.4;0.0;0.0
0.0;153.4;0.4;0.0
0.0;153.4;0.0;0.0
0.0;153.4;0.0;0.0
0.0;153.4;0.0;0.0
