6.6;56.7;34.1;0.0
7.5;69.5;26.0;0.0
6.6;75.6;23.1;0.0
8.3;84.5;27.8;0.0
5.8;95.6;47.3;0.0
8.3;104.6;39.6;0.0
29.1;127.2;32.3;0.0
79.9;138.2;29.8;0.0
8.3;145.3;20.6;0.0
4.2;157.5;30.6;0.0
0.0;157.5;0.0;0.0
0.0;157.5;0.0;0.0
0.0;157.5;0.0;0.0
0.0;157.5;0.0;0.0
0.0;157.5;0.0;0.0
0.0;157.5;0.0;0.0
0.0;157.9;1.8;0.0
0.0;157.9;0.0;0.0
0.0;157.9;0.0;0.0
0.0;157.9;0.0;0.0
0.0;157.9;0.4;0.0
0.0;157.9;0.0;0.0
0.0;157.9;0.0;0.0
0.0;157.9;0.0;0.0
0.0;157.9;0.0;0.0
0.0;157.9;0.0;0.0
0.0;157.9;0.0;0.0
0.0;157.9;2.6;0.0
0.0;157.9;0.0;0.0
0.0;157.9;0.0;0.0
0.0;157.9;0.0;0.0
4.2;160.1;1.5;0.0
8.3;160.3;0.0;0.0
2.5;160.9;6.2;0.0
8.3;160.9;0.0;0.0
8.3;160.9;0.0;0.0
8.3;160.9;0.0;0.0
8.3;160.9;0.0;0.0
8.3;161.1;0.0;0.0
8.3;161.1;0.0;0.0
8.3;161.1;0.0;0.0
8.3;161.1;0.0;0.0
8.3;161.1;0.0;0.0
8.3;161.1;0.0;0.0
8.3;161.1;0.0;0.0
7.5;161.1;1.2;0.0
4.1;161.7;6.1;0.0
0.8;162.1;0.0;0.0
0.0;162.1;0.0;0.0
0.0;162.1;0.0;0.0
0.0;162.1;0.0;0.0
0.0;162.1;0.0;0.0
0.0;162.1;0.0;0.0
0.8;162.1;1.7;0.0
0.0;162.1;0.0;0.0
0.0;162.1;0.0;0.0
0.0;162.1;0.0;0.0
0.0;162.1;0.4;0.0
0.0;162.1;0.0;0.0
0.0;162.1;0.0;0.0
