14.1;48.5;32.6;0.0
7.5;63.8;30.8;0.0
7.5;74.8;23.1;0.0
8.3;84.5;25.0;0.0
5.8;94.4;41.7;0.0
7.5;104.8;44.9;0.0
25.8;125.4;36.8;0.0
83.0;137.0;30.4;0.0
9.2;143.1;18.0;0.0
5.8;156.5;33.2;0.0
0.0;156.5;0.0;0.0
0.0;156.5;0.0;0.0
0.0;156.5;0.0;0.0
0.0;156.5;0.0;0.0
0.0;156.5;0.0;0.0
0.0;156.5;0.0;0.0
0.0;156.5;0.0;0.0
0.0;156.5;1.8;0.0
0.0;156.5;0.0;0.0
0.0;156.5;0.0;0.0
0.0;156.5;0.4;0.0
0.0;156.5;0.0;0.0
0.0;156.5;0.0;0.0
0.0;156.5;0.0;0.0
0.0;156.5;0.0;0.0
0.0;156.5;0.0;0.0
0.0;156.5;0.0;0.0
0.0;156.5;0.0;0.0
0.0;156.5;0.0;0.0
0.0;156.5;0.0;0.0
0.0;156.5;0.0;0.0
0.0;156.5;0.0;0.0
0.0;156.5;0.0;0.0
0.0;156.5;0.0;0.0
0.0;156.5;0.0;0.0
0.0;156.7;2.5;0.0
0.0;156.7;0.0;0.0
0.0;156.7;0.0;0.0
0.0;157.5;0.9;0.0
8.3;159.1;0.4;0.0
6.6;159.4;2.2;0.0
5.8;159.8;3.8;0.0
8.3;159.8;0.0;0.0
8.3;159.8;0.0;0.0
8.3;159.8;0.0;0.0
8.3;159.8;0.0;0.0
8.3;159.8;0.0;0.0
8.3;159.8;0.0;0.0
8.3;159.8;0.0;0.0
8.3;159.8;0.0;0.0
8.3;159.8;0.0;0.0
7.5;159.8;0.0;0.0
8.3;159.8;0.0;0.0
4.2;160.4;6.8;0.0
4.1;160.9;0.0;0.0
0.0;160.9;0.0;0.0
0.0;160.9;0.0;0.0
0.0;160.9;0.0;0.0
0.0;160.9;0.0;0.0
0.0;160.9;0.0;0.0
