8.3;55.5;34.5;0.0
6.7;67.5;29.2;0.0
7.5;78.0;20.2;0.0
8.3;85.7;35.0;0.0
6.6;97.3;43.2;0.0
6.6;110.7;51.9;0.0
75.7;138.3;41.0;0.0
35.8;145.0;10.2;0.0
6.6;159.2;41.6;0.0
0.0;159.2;0.0;0.0
0.0;159.2;0.0;0.0
0.0;159.2;0.0;0.0
0.0;159.2;0.0;0.0
0.0;159.2;0.0;0.0
0.0;159.2;0.0;0.0
0.0;159.2;0.0;0.0
0.0;159.4;1.7;0.0
0.0;159.4;0.0;0.0
0.0;159.4;0.0;0.0
0.0;159.4;0.4;0.0
0.0;159.4;0.0;0.0
0.0;159.4;0.0;0.0
0.0;159.4;0.0;0.0
0.0;159.4;0.0;0.0
0.0;159.4;0.0;0.0
0.0;159.4;0.0;0.0
0.0;159.4;0.0;0.0
0.0;159.4;2.8;0.0
0.0;159.4;0.0;0.0
0.0;159.4;0.0;0.0
3.3;161.8;1.3;0.0
8.3;162.0;0.0;0.0
2.5;162.2;0.4;0.0
3.3;162.6;5.8;0.0
8.3;162.6;0.0;0.0
8.3;162.6;0.0;0.0
8.3;162.6;0.0;0.0
8.3;162.7;0.0;0.0
8.3;162.7;0.0;0.0
8.3;162.7;0.0;0.0
8.3;162.7;0.0;0.0
8.3;162.7;0.0;0.0
8.3;162.7;0.0;0.0
8.3;162.7;0.0;0.0
8.3;162.7;0.0;0.0
5.0;163.4;7.0;0.0
5.8;163.9;0.0;0.0
0.0;163.9;0.0;0.0
0.0;163.9;0.0;0.0
0.0;163.9;0.0;0.0
0.0;163.9;0.0;0.0
0.0;163.9;0.0;0.0
0.0;163.9;1.8;0.0
0.0;163.9;0.0;0.0
0.0;163.9;0.0;0.0
0.0;163.9;0.0;0.0
0.0;163.9;0.4;0.0
0.0;163.9;0.0;0.0
0.0;163.9;0.0;0.0
0.0;163.9;0.0;0.0
