6.6;46.6;26.3;0.0
8.3;56.3;16.6;0.0
8.3;61.7;25.6;0.0
7.5;70.1;10.5;0.0
8.3;78.2;21.5;0.0
7.5;85.2;29.8;0.0
7.5;92.5;30.2;0.0
7.5;100.1;34.4;0.0
11.6;113.8;20.1;0.0
79.8;121.9;7.3;0.0
26.6;135.0;33.9;0.0
9.1;140.6;9.6;0.0
7.5;149.1;30.1;0.0
8.3;155.9;10.7;0.0
8.3;156.3;0.1;0.0
8.3;156.3;0.0;0.0
8.3;156.4;1.5;0.0
8.3;156.9;0.0;0.0
7.5;190.7;90.3;4.0
8.3;191.4;238.1;0.0
9.1;191.4;167.8;0.0
8.3;223.0;113.2;0.0
7.5;223.0;0.0;0.0
9.1;223.0;0.2;68.0
8.3;223.2;0.4;128.0
8.3;223.2;0.2;64.0
8.3;223.2;0.2;64.0
8.3;192.8;0.3;44.0
8.3;192.8;0.0;0.0
6.6;0.0;0.0;0.0
0.0;0.0;0.0;0.0
0.0;0.0;0.0;0.0
0.0;0.0;0.0;0.0
0.0;0.0;0.0;0.0
0.0;0.0;0.0;0.0
0.0;0.0;0.0;0.0
0.0;0.0;0.0;0.0
0.0;0.0;0.0;0.0
0.0;0.0;0.0;0.0
0.0;0.0;0.0;0.0
0.0;0.0;0.0;0.0
0.0;0.0;0.0;0.0
0.0;0.0;0.0;0.0
0.0;0.0;0.0;0.0
0.0;0.0;0.0;0.0
0.0;0.0;0.0;0.0
0.0;0.0;0.0;0.0
0.0;0.0;0.0;0.0
0.0;0.0;0.0;0.0
0.0;0.0;0.0;0.0
0.0;0.0;0.0;0.0
0.0;0.0;0.0;0.0
0.0;0.0;0.0;0.0
0.0;0.0;0.0;0.0
0.0;0.0;0.0;0.0
0.0;0.0;0.0;0.0
0.0;0.0;0.0;0.0
0.0;0.0;0.0;0.0
0.0;0.0;0.0;0.0
0.0;0.0;0.0;0.0
