7.5;49.8;25.3;0.0
8.3;59.9;17.7;0.0
7.5;64.1;22.3;0.0
8.3;72.1;10.7;0.0
7.5;77.9;18.7;0.0
8.3;80.0;5.5;0.0
7.5;86.9;28.2;0.0
7.5;92.4;22.7;0.0
7.5;99.8;31.4;0.0
7.5;107.5;28.1;0.0
54.9;123.6;8.5;0.0
56.5;133.4;30.5;0.0
8.3;137.8;3.6;0.0
7.5;142.2;12.0;0.0
9.2;147.0;19.7;0.0
8.3;156.7;17.7;0.0
8.3;157.1;0.1;0.0
7.5;157.3;0.0;0.0
8.3;157.5;1.5;0.0
8.3;157.9;0.0;0.0
7.5;158.4;0.3;4.0
8.3;189.7;113.3;0.0
8.3;190.4;216.4;0.0
8.3;190.4;99.0;0.0
8.3;221.7;179.8;0.0
8.3;222.0;0.0;0.0
8.3;222.0;0.0;0.0
8.3;222.0;0.4;132.0
9.2;222.0;0.4;128.0
8.3;222.0;0.2;64.0
8.3;191.6;0.3;44.0
9.2;191.7;0.0;0.0
8.3;156.8;0.0;0.0
0.8;0.0;0.0;0.0
0.0;0.0;0.0;0.0
0.0;0.0;0.0;0.0
0.0;0.0;0.0;0.0
0.0;0.0;0.0;0.0
0.0;0.0;0.0;0.0
0.0;0.0;0.0;0.0
0.0;0.0;0.0;0.0
0.0;0.0;0.0;0.0
0.0;0.0;0.0;0.0
0.0;0.0;0.0;0.0
0.0;0.0;0.0;0.0
0.0;0.0;0.0;0.0
0.0;0.0;0.0;0.0
0.0;0.0;0.0;0.0
0.0;0.0;0.0;0.0
0.0;0.0;0.0;0.0
0.0;0.0;0.0;0.0
0.0;0.0;0.0;0.0
0.0;0.0;0.0;0.0
0.0;0.0;0.0;0.0
0.0;0.0;0.0;0.0
0.0;0.0;0.0;0.0
0.0;0.0;0.0;0.0
0.0;0.0;0.0;0.0
0.0;0.0;0.0;0.0
0.0;0.0;0.0;0.0
