6.6;41.9;22.0;0.0
8.3;57.5;28.3;0.0
7.5;68.1;21.7;0.0
6.6;72.8;21.3;0.0
8.3;82.8;23.4;0.0
8.3;85.1;7.7;0.0
8.3;90.3;20.3;0.0
6.6;97.3;30.0;0.0
6.7;105.4;34.7;0.0
9.2;119.6;23.6;0.0
93.2;126.9;13.8;0.0
14.1;137.7;27.4;0.0
8.3;144.1;20.4;0.0
8.3;157.6;29.9;0.0
8.3;158.2;0.1;0.0
8.3;158.2;0.0;0.0
8.3;160.3;1.5;0.0
7.5;160.8;0.0;0.0
8.3;192.6;68.8;4.0
7.5;193.3;256.4;0.0
8.3;193.3;138.0;0.0
8.3;193.3;84.3;0.0
9.1;224.8;62.5;0.0
8.3;224.8;0.0;0.0
8.3;224.8;0.0;0.0
8.3;225.0;0.4;132.0
8.3;225.0;0.0;0.0
8.3;225.0;0.4;128.0
8.3;225.0;0.2;64.0
8.3;225.0;0.0;0.0
8.3;194.6;0.3;44.0
8.3;194.6;0.0;0.0
8.3;194.6;0.0;0.0
4.1;0.0;0.0;0.0
0.0;0.0;0.0;0.0
0.0;0.0;0.0;0.0
0.0;0.0;0.0;0.0
0.0;0.0;0.0;0.0
0.0;0.0;0.0;0.0
0.0;0.0;0.0;0.0
0.0;0.0;0.0;0.0
0.0;0.0;0.0;0.0
0.0;0.0;0.0;0.0
0.0;0.0;0.0;0.0
0.0;0.0;0.0;0.0
0.0;0.0;0.0;0.0
0.0;0.0;0.0;0.0
0.0;0.0;0.0;0.0
0.0;0.0;0.0;0.0
0.0;0.0;0.0;0.0
0.0;0.0;0.0;0.0
0.0;0.0;0.0;0.0
0.0;0.0;0.0;0.0
0.0;0.0;0.0;0.0
0.0;0.0;0.0;0.0
0.0;0.0;0.0;0.0
0.0;0.0;0.0;0.0
0.0;0.0;0.0;0.0
0.0;0.0;0.0;0.0
0.0;0.0;0.0;0.0
