6.6;47.2;28.2;0.0
9.1;58.3;16.1;0.0
6.7;62.7;27.8;0.0
8.3;69.9;9.1;0.0
8.3;77.7;21.3;0.0
8.3;79.4;3.9;0.0
7.5;85.6;26.3;0.0
7.5;92.5;28.8;0.0
7.5;99.1;28.4;0.0
7.5;106.7;28.0;0.0
58.2;119.6;8.9;0.0
55.7;126.8;25.7;0.0
8.3;133.1;7.4;0.0
8.3;137.7;9.6;0.0
7.5;147.9;33.5;0.0
8.3;152.4;7.0;0.0
8.3;152.8;0.1;0.0
8.3;152.8;0.0;0.0
9.2;153.0;1.5;0.0
7.5;153.4;0.0;0.0
8.3;185.2;31.9;4.0
8.3;185.8;232.9;0.0
8.3;185.8;151.6;0.0
8.3;185.8;104.4;0.0
8.3;217.3;88.6;0.0
8.3;217.3;0.0;0.0
7.5;217.3;0.1;36.0
8.3;217.3;0.1;32.0
8.3;217.5;0.2;64.0
8.3;217.5;0.4;128.0
8.3;217.5;0.2;64.0
8.3;187.1;0.3;44.0
8.3;187.1;0.0;0.0
5.8;0.0;0.0;0.0
0.0;0.0;0.0;0.0
0.0;0.0;0.0;0.0
0.0;0.0;0.0;0.0
0.0;0.0;0.0;0.0
0.0;0.0;0.0;0.0
0.0;0.0;0.0;0.0
0.0;0.0;0.0;0.0
0.0;0.0;0.0;0.0
0.0;0.0;0.0;0.0
0.0;0.0;0.0;0.0
0.0;0.0;0.0;0.0
0.0;0.0;0.0;0.0
0.0;0.0;0.0;0.0
0.0;0.0;0.0;0.0
0.0;0.0;0.0;0.0
0.0;0.0;0.0;0.0
0.0;0.0;0.0;0.0
0.0;0.0;0.0;0.0
0.0;0.0;0.0;0.0
0.0;0.0;0.0;0.0
0.0;0.0;0.0;0.0
0.0;0.0;0.0;0.0
0.0;0.0;0.0;0.0
0.0;0.0;0.0;0.0
0.0;0.0;0.0;0.0
0.0;0.0;0.0;0.0
