7.5;36.9;12.0;0.0
8.3;43.4;10.0;0.0
7.5;48.8;12.8;0.0
8.3;54.0;9.8;0.0
7.5;60.2;7.5;0.0
8.3;65.7;16.2;0.0
6.6;65.8;12.5;0.0
8.3;71.0;7.3;0.0
8.3;75.6;5.7;0.0
8.3;80.2;16.8;0.0
8.3;81.9;3.3;0.0
6.6;84.7;17.9;0.0
7.5;90.3;16.6;0.0
7.5;94.5;19.2;0.0
7.5;99.0;22.0;0.0
7.5;102.7;13.9;0.0
8.3;107.5;16.5;0.0
11.6;114.8;6.5;0.0
95.5;129.0;11.0;0.0
10.8;139.8;30.2;0.0
8.3;140.5;0.0;0.0
8.3;141.2;0.2;0.0
8.3;144.2;6.0;0.0
9.1;149.3;21.3;0.0
8.3;160.5;22.9;0.0
8.3;160.9;0.1;0.0
8.3;161.1;0.0;0.0
8.3;161.1;0.0;0.0
8.3;161.3;1.5;0.0
8.3;161.3;0.0;0.0
8.3;161.8;0.0;0.0
8.3;161.8;0.0;0.0
7.5;173.3;0.3;4.0
9.1;196.1;234.5;0.0
8.3;196.1;144.8;0.0
8.3;196.1;156.0;0.0
8.3;227.7;75.6;0.0
9.1;227.7;0.0;0.0
8.3;227.7;0.2;68.0
8.3;227.9;0.4;128.0
7.5;227.9;0.4;128.0
8.3;227.9;0.0;0.0
8.3;197.5;0.3;44.0
8.3;197.5;0.0;0.0
8.3;197.5;0.0;0.0
8.3;197.5;0.0;0.0
8.3;0.0;0.0;0.0
0.0;0.0;0.0;0.0
0.0;0.0;0.0;0.0
0.0;0.0;0.0;0.0
0.0;0.0;0.0;0.0
0.0;0.0;0.0;0.0
0.0;0.0;0.0;0.0
0.0;0.0;0.0;0.0
0.0;0.0;0.0;0.0
0.0;0.0;0.0;0.0
0.0;0.0;0.0;0.0
0.0;0.0;0.0;0.0
0.0;0.0;0.0;0.0
0.0;0.0;0.0;0.0
