7.5;44.9;23.7;0.0
7.5;56.5;22.5;0.0
8.3;65.0;23.8;0.0
7.5;70.6;15.3;0.0
9.2;78.7;21.3;0.0
7.5;84.2;25.0;0.0
6.6;92.4;31.4;0.0
8.3;100.2;32.2;0.0
6.6;107.6;26.9;0.0
61.3;117.3;3.2;0.0
49.9;131.0;37.6;0.0
8.3;135.9;4.2;0.0
7.5;142.1;24.9;0.0
8.3;153.3;22.0;0.0
8.3;153.7;0.1;0.0
8.3;153.7;0.0;0.0
8.3;153.8;1.5;0.0
7.5;154.3;0.0;0.0
8.3;157.2;0.3;4.0
8.3;188.7;290.9;0.0
7.5;188.7;203.2;0.0
8.3;220.4;115.6;0.0
9.2;220.4;0.0;0.0
9.2;220.4;0.2;68.0
7.5;220.4;0.2;64.0
8.3;220.4;0.4;128.0
8.3;220.4;0.2;64.0
8.3;190.1;0.3;44.0
8.3;190.2;0.0;0.0
8.3;0.0;0.0;0.0
0.0;0.0;0.0;0.0
0.0;0.0;0.0;0.0
0.0;0.0;0.0;0.0
0.0;0.0;0.0;0.0
0.0;0.0;0.0;0.0
0.0;0.0;0.0;0.0
0.0;0.0;0.0;0.0
0.0;0.0;0.0;0.0
0.0;0.0;0.0;0.0
0.0;0.0;0.0;0.0
0.0;0.0;0.0;0.0
0.0;0.0;0.0;0.0
0.0;0.0;0.0;0.0
0.0;0.0;0.0;0.0
0.0;0.0;0.0;0.0
0.0;0.0;0.0;0.0
0.0;0.0;0.0;0.0
0.0;0.0;0.0;0.0
0.0;0.0;0.0;0.0
0.0;0.0;0.0;0.0
0.0;0.0;0.0;0.0
0.0;0.0;0.0;0.0
0.0;0.0;0.0;0.0
0.0;0.0;0.0;0.0
0.0;0.0;0.0;0.0
0.0;0.0;0.0;0.0
0.0;0.0;0.0;0.0
0.0;0.0;0.0;0.0
0.0;0.0;0.0;0.0
0.0;0.0;0.0;0.0
