7.5;49.3;17.5;0.0
8.3;59.3;20.8;0.0
7.5;66.2;15.5;0.0
8.3;63.6;18.3;0.0
7.5;69.2;5.5;0.0
8.3;72.6;5.1;0.0
8.3;77.3;16.2;0.0
8.3;78.9;6.9;0.0
5.8;85.4;26.1;0.0
8.3;91.0;23.0;0.0
7.5;97.7;25.4;0.0
7.5;104.2;27.2;0.0
23.3;111.9;12.0;0.0
91.4;118.0;13.3;0.0
9.2;127.4;23.2;0.0
9.2;130.8;4.4;0.0
7.5;133.3;8.6;0.0
8.3;143.3;30.1;0.0
7.5;148.1;7.3;0.0
8.3;148.4;0.1;0.0
8.3;148.4;0.0;0.0
9.1;148.5;1.5;0.0
8.3;149.0;0.0;0.0
8.3;152.1;0.3;4.0
7.5;183.6;269.3;0.0
9.2;183.6;203.0;0.0
8.3;215.0;136.2;0.0
8.3;215.0;0.0;0.0
8.3;215.3;0.2;68.0
8.3;215.3;0.2;64.0
8.3;215.3;0.4;128.0
8.3;215.3;0.2;64.0
7.5;215.3;0.0;0.0
9.1;184.9;0.3;40.0
7.5;184.9;0.0;0.0
8.3;0.0;0.0;0.0
0.0;0.0;0.0;0.0
0.0;0.0;0.0;0.0
0.0;0.0;0.0;0.0
0.0;0.0;0.0;0.0
0.0;0.0;0.0;0.0
0.0;0.0;0.0;0.0
0.0;0.0;0.0;0.0
0.0;0.0;0.0;0.0
0.0;0.0;0.0;0.0
0.0;0.0;0.0;0.0
0.0;0.0;0.0;0.0
0.0;0.0;0.0;0.0
0.0;0.0;0.0;0.0
0.0;0.0;0.0;0.0
0.0;0.0;0.0;0.0
0.0;0.0;0.0;0.0
0.0;0.0;0.0;0.0
0.0;0.0;0.0;0.0
0.0;0.0;0.0;0.0
0.0;0.0;0.0;0.0
0.0;0.0;0.0;0.0
0.0;0.0;0.0;0.0
0.0;0.0;0.0;0.0
0.0;0.0;0.0;0.0
