7.5;50.4;27.3;0.0
8.3;60.9;21.0;0.0
7.5;67.0;20.5;0.0
8.3;73.1;6.1;0.0
7.5;80.6;20.7;0.0
7.5;86.6;25.4;0.0
7.5;94.4;30.8;0.0
7.5;99.1;23.0;0.0
8.3;107.7;31.8;0.0
36.6;124.0;11.3;0.0
69.0;137.5;34.4;0.0
8.3;140.8;2.0;0.0
7.5;147.6;25.7;0.0
8.3;158.8;23.1;0.0
9.1;159.0;0.0;0.0
8.3;159.3;0.1;0.0
7.5;159.4;1.5;0.0
7.5;160.0;0.0;0.0
8.3;160.9;0.3;4.0
9.2;192.4;261.9;0.0
8.3;192.4;221.5;0.0
7.5;223.8;126.9;0.0
8.3;223.8;0.0;0.0
8.3;223.8;0.2;68.0
8.3;224.1;0.2;64.0
8.3;224.1;0.4;128.0
8.3;224.1;0.2;64.0
8.3;193.6;0.3;44.0
8.3;193.6;0.0;0.0
8.3;0.0;0.0;0.0
0.0;0.0;0.0;0.0
0.0;0.0;0.0;0.0
0.0;0.0;0.0;0.0
0.0;0.0;0.0;0.0
0.0;0.0;0.0;0.0
0.0;0.0;0.0;0.0
0.0;0.0;0.0;0.0
0.0;0.0;0.0;0.0
0.0;0.0;0.0;0.0
0.0;0.0;0.0;0.0
0.0;0.0;0.0;0.0
0.0;0.0;0.0;0.0
0.0;0.0;0.0;0.0
0.0;0.0;0.0;0.0
0.0;0.0;0.0;0.0
0.0;0.0;0.0;0.0
0.0;0.0;0.0;0.0
0.0;0.0;0.0;0.0
0.0;0.0;0.0;0.0
0.0;0.0;0.0;0.0
0.0;0.0;0.0;0.0
0.0;0.0;0.0;0.0
0.0;0.0;0.0;0.0
0.0;0.0;0.0;0.0
0.0;0.0;0.0;0.0
0.0;0.0;0.0;0.0
0.0;0.0;0.0;0.0
0.0;0.0;0.0;0.0
0.0;0.0;0.0;0.0
0.0;0.0;0.0;0.0
