7.5;49.1;24.3;0.0
7.5;58.8;17.9;0.0
8.3;66.1;16.6;0.0
7.5;68.7;19.1;0.0
8.3;80.3;25.2;0.0
8.3;84.8;19.0;0.0
6.6;94.0;33.4;0.0
8.3;102.5;35.8;0.0
6.6;110.3;28.1;0.0
82.5;120.3;11.4;0.0
35.7;131.5;30.2;0.0
8.3;136.9;9.8;0.0
8.3;148.1;34.7;0.0
8.3;151.9;5.9;0.0
8.3;152.2;0.1;0.0
8.3;152.2;0.0;0.0
8.3;152.3;1.5;0.0
8.3;152.9;0.0;0.0
7.5;184.6;87.8;4.0
8.3;185.2;247.3;0.0
8.3;185.2;231.3;0.0
8.2;216.7;43.6;0.0
8.3;216.7;0.0;0.0
8.3;216.7;0.2;68.0
8.3;217.0;0.2;64.0
8.3;217.0;0.4;128.0
8.3;217.0;0.2;64.0
8.3;186.6;0.3;44.0
8.3;186.6;0.0;0.0
5.0;0.0;0.0;0.0
0.0;0.0;0.0;0.0
0.0;0.0;0.0;0.0
0.0;0.0;0.0;0.0
0.0;0.0;0.0;0.0
0.0;0.0;0.0;0.0
0.0;0.0;0.0;0.0
0.0;0.0;0.0;0.0
0.0;0.0;0.0;0.0
0.0;0.0;0.0;0.0
0.0;0.0;0.0;0.0
0.0;0.0;0.0;0.0
0.0;0.0;0.0;0.0
0.0;0.0;0.0;0.0
0.0;0.0;0.0;0.0
0.0;0.0;0.0;0.0
0.0;0.0;0.0;0.0
0.0;0.0;0.0;0.0
0.0;0.0;0.0;0.0
0.0;0.0;0.0;0.0
0.0;0.0;0.0;0.0
0.0;0.0;0.0;0.0
0.0;0.0;0.0;0.0
0.0;0.0;0.0;0.0
0.0;0.0;0.0;0.0
0.0;0.0;0.0;0.0
0.0;0.0;0.0;0.0
0.0;0.0;0.0;0.0
0.0;0.0;0.0;0.0
0.0;0.0;0.0;0.0
0.0;0.0;0.0;0.0
