6.6;47.3;23.9;0.0
7.5;58.5;21.0;0.0
8.3;67.0;23.0;0.0
6.6;74.9;15.1;0.0
8.3;83.4;22.3;0.0
8.2;90.5;29.6;0.0
8.3;97.4;30.0;0.0
6.7;104.3;28.4;0.0
8.3;111.5;26.1;0.0
61.5;130.3;14.2;0.0
47.4;140.4;27.4;0.0
8.3;145.7;9.6;0.0
7.5;156.1;32.9;0.0
8.3;161.0;7.8;0.0
8.3;161.4;0.1;0.0
8.3;161.4;0.0;0.0
8.3;161.5;1.5;0.0
8.3;162.0;0.0;0.0
8.3;193.9;167.8;4.0
8.3;194.6;183.4;0.0
8.3;194.7;201.9;0.0
9.1;226.1;55.7;0.0
8.3;226.1;0.0;0.0
8.3;226.1;0.2;68.0
8.3;226.1;0.4;128.0
8.3;226.1;0.4;128.0
8.3;226.1;0.0;0.0
8.3;195.9;0.3;44.0
8.3;195.9;0.0;0.0
5.8;0.0;0.0;0.0
0.0;0.0;0.0;0.0
0.0;0.0;0.0;0.0
0.0;0.0;0.0;0.0
0.0;0.0;0.0;0.0
0.0;0.0;0.0;0.0
0.0;0.0;0.0;0.0
0.0;0.0;0.0;0.0
0.0;0.0;0.0;0.0
0.0;0.0;0.0;0.0
0.0;0.0;0.0;0.0
0.0;0.0;0.0;0.0
0.0;0.0;0.0;0.0
0.0;0.0;0.0;0.0
0.0;0.0;0.0;0.0
0.0;0.0;0.0;0.0
0.0;0.0;0.0;0.0
0.0;0.0;0.0;0.0
0.0;0.0;0.0;0.0
0.0;0.0;0.0;0.0
0.0;0.0;0.0;0.0
0.0;0.0;0.0;0.0
0.0;0.0;0.0;0.0
0.0;0.0;0.0;0.0
0.0;0.0;0.0;0.0
0.0;0.0;0.0;0.0
0.0;0.0;0.0;0.0
0.0;0.0;0.0;0.0
0.0;0.0;0.0;0.0
0.0;0.0;0.0;0.0
0.0;0.0;0.0;0.0
