7.5;47.6;27.5;0.0
8.3;56.6;14.4;0.0
7.5;60.8;25.3;0.0
7.5;70.8;12.9;0.0
7.5;78.0;21.6;0.0
8.3;86.4;34.5;0.0
7.5;92.2;26.0;0.0
7.5;99.1;32.0;0.0
8.3;105.4;19.7;0.0
71.6;119.4;11.6;0.0
36.6;130.2;30.0;0.0
7.5;135.6;9.8;0.0
7.5;145.5;32.7;0.0
8.3;150.8;7.9;0.0
8.3;151.1;0.1;0.0
8.3;151.1;0.0;0.0
9.2;151.2;1.5;0.0
8.3;151.8;0.0;0.0
6.6;187.6;116.2;4.0
8.3;188.3;249.4;0.0
8.3;188.3;240.2;0.0
8.3;219.7;5.4;0.0
8.3;219.7;0.2;68.0
9.2;220.0;0.2;64.0
7.5;220.0;0.2;64.0
8.3;220.0;0.4;128.0
9.2;220.0;0.0;0.0
8.3;189.6;0.3;44.0
8.3;189.1;0.0;0.0
2.5;0.0;0.0;0.0
0.0;0.0;0.0;0.0
0.0;0.0;0.0;0.0
0.0;0.0;0.0;0.0
0.0;0.0;0.0;0.0
0.0;0.0;0.0;0.0
0.0;0.0;0.0;0.0
0.0;0.0;0.0;0.0
0.0;0.0;0.0;0.0
0.0;0.0;0.0;0.0
0.0;0.0;0.0;0.0
0.0;0.0;0.0;0.0
0.0;0.0;0.0;0.0
0.0;0.0;0.0;0.0
0.0;0.0;0.0;0.0
0.0;0.0;0.0;0.0
0.0;0.0;0.0;0.0
0.0;0.0;0.0;0.0
0.0;0.0;0.0;0.0
0.0;0.0;0.0;0.0
0.0;0.0;0.0;0.0
0.0;0.0;0.0;0.0
0.0;0.0;0.0;0.0
0.0;0.0;0.0;0.0
0.0;0.0;0.0;0.0
0.0;0.0;0.0;0.0
0.0;0.0;0.0;0.0
0.0;0.0;0.0;0.0
0.0;0.0;0.0;0.0
0.0;0.0;0.0;0.0
0.0;0.0;0.0;0.0
