7.5;44.1;22.2;0.0
7.5;54.7;17.9;0.0
8.3;63.2;23.6;0.0
7.5;69.4;15.9;0.0
8.3;76.9;21.6;0.0
7.5;83.8;30.3;0.0
7.5;90.8;27.8;0.0
7.5;98.5;35.6;0.0
13.4;114.3;20.3;0.0
87.4;124.6;11.0;0.0
15.8;135.8;30.2;0.0
8.3;141.2;9.8;0.0
7.5;154.4;39.1;0.0
9.2;156.3;1.4;0.0
8.3;156.7;0.1;0.0
8.3;156.8;1.5;0.0
7.5;157.3;0.0;0.0
7.5;159.8;0.3;4.0
9.2;191.1;212.1;0.0
8.3;191.7;190.1;0.0
7.5;222.4;203.9;0.0
8.3;223.3;1.2;0.0
8.3;223.3;0.2;68.0
8.3;223.3;0.2;64.0
8.3;223.3;0.4;128.0
8.3;223.3;0.2;64.0
8.3;192.9;0.3;40.0
8.3;193.0;0.0;0.0
8.3;162.0;0.0;0.0
1.7;0.0;0.0;0.0
0.0;0.0;0.0;0.0
0.0;0.0;0.0;0.0
0.0;0.0;0.0;0.0
0.0;0.0;0.0;0.0
0.0;0.0;0.0;0.0
0.0;0.0;0.0;0.0
0.0;0.0;0.0;0.0
0.0;0.0;0.0;0.0
0.0;0.0;0.0;0.0
0.0;0.0;0.0;0.0
0.0;0.0;0.0;0.0
0.0;0.0;0.0;0.0
0.0;0.0;0.0;0.0
0.0;0.0;0.0;0.0
0.0;0.0;0.0;0.0
0.0;0.0;0.0;0.0
0.0;0.0;0.0;0.0
0.0;0.0;0.0;0.0
0.0;0.0;0.0;0.0
0.0;0.0;0.0;0.0
0.0;0.0;0.0;0.0
0.0;0.0;0.0;0.0
0.0;0.0;0.0;0.0
0.0;0.0;0.0;0.0
0.0;0.0;0.0;0.0
0.0;0.0;0.0;0.0
0.0;0.0;0.0;0.0
0.0;0.0;0.0;0.0
0.0;0.0;0.0;0.0
0.0;0.0;0.0;0.0
