6.6;55.4;26.5;0.0
8.3;64.7;19.9;0.0
7.5;65.7;19.6;0.0
8.3;75.0;21.7;0.0
8.3;79.3;18.6;0.0
7.5;89.0;36.2;0.0
8.3;97.5;35.6;0.0
6.6;101.1;15.4;0.0
30.8;121.1;21.1;0.0
69.8;129.3;27.4;0.0
8.3;136.1;6.8;0.0
7.5;142.1;21.8;0.0
8.3;154.5;27.5;0.0
8.3;154.9;0.1;0.0
8.3;155.0;0.0;0.0
9.2;155.1;1.6;0.0
7.5;155.7;0.0;0.0
8.3;156.0;0.3;4.0
8.3;189.4;142.9;0.0
8.3;190.0;198.4;0.0
8.3;190.2;213.2;0.0
8.3;221.4;54.6;0.0
9.2;221.7;0.0;0.0
7.5;221.7;0.2;68.0
8.3;221.7;0.4;128.0
8.3;221.7;0.4;128.0
8.3;221.7;0.0;0.0
8.3;191.4;0.3;44.0
8.3;191.4;0.0;0.0
4.1;0.0;0.0;0.0
0.0;0.0;0.0;0.0
0.0;0.0;0.0;0.0
0.0;0.0;0.0;0.0
0.0;0.0;0.0;0.0
0.0;0.0;0.0;0.0
0.0;0.0;0.0;0.0
0.0;0.0;0.0;0.0
0.0;0.0;0.0;0.0
0.0;0.0;0.0;0.0
0.0;0.0;0.0;0.0
0.0;0.0;0.0;0.0
0.0;0.0;0.0;0.0
0.0;0.0;0.0;0.0
0.0;0.0;0.0;0.0
0.0;0.0;0.0;0.0
0.0;0.0;0.0;0.0
0.0;0.0;0.0;0.0
0.0;0.0;0.0;0.0
0.0;0.0;0.0;0.0
0.0;0.0;0.0;0.0
0.0;0.0;0.0;0.0
0.0;0.0;0.0;0.0
0.0;0.0;0.0;0.0
0.0;0.0;0.0;0.0
0.0;0.0;0.0;0.0
0.0;0.0;0.0;0.0
0.0;0.0;0.0;0.0
0.0;0.0;0.0;0.0
0.0;0.0;0.0;0.0
0.0;0.0;0.0;0.0
