6.6;45.8;20.3;0.0
8.3;55.6;18.4;0.0
8.3;64.2;19.2;0.0
7.5;68.1;19.7;0.0
8.3;76.7;21.7;0.0
6.6;83.6;25.6;0.0
6.6;90.7;32.0;0.0
8.3;98.5;33.1;0.0
6.6;105.6;24.8;0.0
58.5;117.7;13.3;0.0
48.2;127.7;28.3;0.0
9.2;130.9;1.4;0.0
8.3;136.5;21.8;0.0
8.3;148.8;27.1;0.0
8.3;149.2;0.1;0.0
8.3;149.3;0.0;0.0
7.5;149.3;0.0;0.0
9.1;149.7;1.6;0.0
6.6;152.5;0.3;4.0
8.3;184.4;230.3;0.0
8.3;184.4;211.6;0.0
8.3;215.8;167.2;0.0
8.3;216.0;0.0;0.0
8.3;216.0;0.4;132.0
8.3;216.0;0.4;128.0
8.3;216.0;0.2;64.0
8.3;185.6;0.3;44.0
8.3;185.7;0.0;0.0
8.3;0.0;0.0;0.0
0.0;0.0;0.0;0.0
