7.5;51.3;27.4;0.0
9.1;59.5;17.6;0.0
6.7;65.3;20.0;0.0
8.3;75.4;18.1;0.0
8.3;80.9;19.4;0.0
6.6;89.8;34.9;0.0
7.5;96.8;33.2;0.0
7.5;105.1;28.5;0.0
22.0;120.7;8.4;0.0
83.1;130.8;18.4;0.0
9.1;141.2;23.0;0.0
7.5;146.1;16.6;0.0
9.2;159.2;33.1;0.0
8.3;160.6;0.4;0.0
8.3;161.0;0.1;0.0
8.3;161.0;0.0;0.0
7.5;161.6;1.5;0.0
7.5;162.0;0.3;4.0
8.3;193.5;145.9;0.0
8.3;194.1;186.2;0.0
8.3;194.3;224.1;0.0
8.3;225.7;53.5;0.0
8.3;225.7;0.0;0.0
8.3;225.7;0.2;68.0
8.3;225.7;0.2;64.0
8.3;225.7;0.4;128.0
8.3;225.7;0.2;64.0
8.3;195.5;0.3;44.0
8.3;195.5;0.0;0.0
5.0;0.0;0.0;0.0
0.0;0.0;0.0;0.0
