7.5;34.7;16.8;0.0
6.6;44.7;14.9;0.0
8.3;52.5;18.5;0.0
8.3;58.6;7.7;0.0
7.5;63.8;15.8;0.0
7.5;64.0;15.6;0.0
9.1;69.7;5.5;0.0
7.5;76.3;18.5;0.0
7.5;79.1;6.1;0.0
7.5;84.6;23.7;0.0
7.5;89.1;18.4;0.0
7.5;93.1;17.2;0.0
8.3;98.3;20.8;0.0
8.3;102.3;19.0;0.0
8.3;110.1;13.5;0.0
87.8;125.5;13.8;0.0
15.8;133.6;25.7;0.0
8.3;136.5;1.9;0.0
8.3;140.9;9.6;0.0
8.3;145.4;19.7;0.0
8.3;154.7;20.5;0.0
8.3;155.9;0.4;0.0
8.3;156.1;0.0;0.0
8.3;156.3;0.1;0.0
8.3;156.4;0.0;0.0
8.3;156.5;1.1;0.0
8.3;156.6;0.4;0.0
7.5;157.1;0.0;0.0
8.3;157.1;0.0;0.0
8.3;157.6;0.3;4.0
9.1;188.8;154.2;0.0
7.5;189.4;150.9;0.0
8.3;189.4;150.4;0.0
8.3;205.5;152.0;0.0
8.3;221.0;1.6;0.0
8.3;221.0;0.0;0.0
8.2;221.0;0.2;68.0
7.5;221.2;0.2;64.0
9.1;221.2;0.4;128.0
7.5;221.2;0.2;64.0
8.3;221.2;0.0;0.0
9.1;190.7;0.3;44.0
7.5;190.8;0.0;0.0
9.2;190.8;0.0;0.0
9.1;0.0;0.0;0.0
0.0;0.0;0.0;0.0
