7.5;43.7;26.6;0.0
7.5;55.4;25.5;0.0
9.2;62.8;17.4;0.0
6.7;69.1;20.9;0.0
8.3;77.8;21.9;0.0
8.3;82.8;21.0;0.0
6.7;91.6;34.0;0.0
7.5;99.6;32.2;0.0
7.5;106.2;26.6;0.0
34.1;120.7;11.9;0.0
73.1;130.1;29.7;0.0
10.0;135.4;5.5;0.0
7.5;142.2;25.9;0.0
8.3;153.1;21.2;0.0
8.3;153.4;0.1;0.0
8.3;153.4;0.0;0.0
8.3;153.7;1.5;0.0
8.3;154.0;0.0;0.0
7.5;154.9;0.3;4.0
8.3;186.0;220.1;0.0
8.3;186.6;178.4;0.0
8.3;211.2;209.6;0.0
8.3;218.0;1.6;0.0
8.3;218.0;0.0;0.0
8.3;218.0;0.4;132.0
8.3;218.0;0.4;128.0
8.3;218.0;0.2;64.0
8.3;187.8;0.3;44.0
8.3;187.8;0.0;0.0
8.3;0.0;0.0;0.0
0.0;0.0;0.0;0.0
