6.7;50.6;26.4;0.0
8.3;60.7;16.7;0.0
6.6;69.4;24.4;0.0
8.3;77.9;15.1;0.0
8.3;85.2;21.1;0.0
8.3;92.5;31.6;0.0
6.7;99.5;29.0;0.0
7.5;107.6;34.9;0.0
14.6;125.0;22.3;0.0
93.9;132.3;20.8;0.0
8.3;141.2;17.3;0.0
7.5;146.1;12.8;0.0
8.3;160.2;37.0;0.0
8.3;161.0;0.4;0.0
8.3;161.1;0.1;0.0
8.3;161.2;1.5;0.0
8.3;161.8;0.0;0.0
8.3;195.5;61.6;4.0
8.3;196.2;296.0;0.0
8.3;196.3;226.3;0.0
8.3;227.5;25.5;0.0
8.3;227.8;0.0;0.0
9.1;227.8;0.2;68.0
8.3;227.8;0.4;128.0
8.3;227.8;0.0;0.0
8.3;197.5;0.3;44.0
8.3;197.5;0.0;0.0
3.3;0.0;0.0;0.0
0.0;0.0;0.0;0.0
