8.3;53.5;28.1;0.0
7.5;63.3;20.4;0.0
7.5;70.2;20.0;0.0
7.5;80.4;20.4;0.0
8.3;85.7;14.3;0.0
6.7;94.4;36.9;0.0
7.5;101.0;30.4;0.0
7.5;110.3;33.2;0.0
40.8;124.5;13.5;0.0
76.5;133.5;25.8;0.0
8.3;141.5;10.4;0.0
7.5;147.0;20.8;0.0
9.1;159.4;28.4;0.0
8.3;160.0;0.0;0.0
8.3;160.2;0.1;0.0
8.3;162.3;1.5;0.0
7.5;162.9;0.0;0.0
8.3;161.8;0.3;4.0
8.3;193.2;248.3;0.0
8.3;193.5;192.8;0.0
8.3;224.7;168.0;0.0
8.3;225.0;0.0;0.0
8.3;225.0;0.2;68.0
8.3;225.0;0.2;64.0
8.3;225.0;0.4;128.0
8.3;225.0;0.2;64.0
8.3;194.7;0.3;44.0
8.3;194.7;0.0;0.0
7.5;0.0;0.0;0.0
0.0;0.0;0.0;0.0
