6.7;53.0;26.7;0.0
8.3;62.5;16.2;0.0
8.3;66.9;25.4;0.0
8.3;77.2;13.6;0.0
8.3;83.7;20.1;0.0
7.5;92.6;35.7;0.0
8.3;98.5;27.6;0.0
7.5;106.1;32.8;0.0
5.8;111.2;16.1;0.0
76.5;131.2;12.5;0.0
24.9;142.3;29.1;0.0
8.3;147.6;9.8;0.0
8.3;157.3;32.7;0.0
8.3;162.7;7.8;0.0
8.3;163.0;0.1;0.0
8.3;163.0;0.0;0.0
8.3;163.1;1.6;0.0
8.3;163.7;0.0;0.0
7.5;195.6;121.4;4.0
8.3;196.3;231.5;0.0
8.3;196.3;227.9;0.0
7.5;227.7;28.6;0.0
8.3;227.7;0.2;68.0
7.5;228.0;0.2;64.0
9.2;228.0;0.2;64.0
8.3;228.0;0.4;128.0
8.3;228.0;0.0;0.0
8.3;197.6;0.3;44.0
8.3;197.6;0.0;0.0
4.1;0.0;0.0;0.0
0.0;0.0;0.0;0.0
