8.3;55.7;25.3;0.0
7.5;64.1;17.9;0.0
7.5;64.0;22.7;0.0
8.3;73.5;11.4;0.0
7.5;79.1;18.7;0.0
9.2;88.0;36.7;0.0
7.5;93.9;26.8;0.0
7.5;99.8;25.5;0.0
8.3;106.5;23.2;0.0
45.1;118.3;3.2;0.0
61.5;130.2;35.0;0.0
8.3;136.8;7.2;0.0
7.5;142.9;24.7;0.0
8.3;154.1;21.8;0.0
8.3;154.4;0.1;0.0
8.3;154.4;0.0;0.0
8.3;154.5;1.5;0.0
7.5;155.0;0.0;0.0
7.5;186.9;44.2;4.0
9.2;187.6;274.6;0.0
8.3;187.6;225.6;0.0
8.3;219.0;65.6;0.0
8.3;219.0;0.0;0.0
8.3;219.3;0.2;68.0
8.3;219.3;0.4;128.0
8.3;219.3;0.3;120.0
8.3;219.3;0.1;8.0
8.3;188.9;0.3;44.0
8.3;188.9;0.0;0.0
5.0;0.0;0.0;0.0
0.0;0.0;0.0;0.0
