7.5;54.6;26.9;0.0
8.3;65.1;20.4;0.0
7.5;64.8;20.7;0.0
7.5;74.4;12.0;0.0
9.1;80.0;21.1;0.0
6.6;88.7;34.5;0.0
8.3;95.1;27.3;0.0
6.6;100.9;26.9;0.0
7.5;107.2;20.5;0.0
71.5;124.2;2.6;0.0
39.1;139.3;39.0;0.0
8.3;143.3;3.4;0.0
8.3;150.0;26.3;0.0
7.5;160.6;20.6;0.0
8.3;160.9;0.1;0.0
8.3;160.9;0.0;0.0
8.3;161.0;1.6;0.0
8.3;161.6;0.0;0.0
8.3;162.5;0.3;4.0
8.3;193.9;277.1;0.0
8.3;193.9;220.0;0.0
8.3;225.4;113.2;0.0
8.3;225.6;0.0;0.0
8.3;225.6;0.2;68.0
8.3;225.6;0.2;64.0
8.3;225.6;0.4;128.0
8.3;225.6;0.2;64.0
8.3;195.3;0.3;44.0
7.5;195.3;0.0;0.0
6.6;0.0;0.0;0.0
0.0;0.0;0.0;0.0
