6.6;49.5;30.3;0.0
7.5;63.9;29.4;0.0
7.5;73.9;24.3;0.0
7.5;85.4;26.3;0.0
6.6;93.7;35.5;0.0
7.5;102.3;38.0;0.0
7.5;113.5;40.1;0.0
80.7;137.3;34.0;0.0
28.2;145.0;9.6;0.0
7.5;155.3;34.5;0.0
3.3;161.7;16.5;0.0
0.0;161.7;0.0;0.0
0.8;161.8;16.7;0.0
5.8;166.9;17.0;0.0
8.3;167.1;0.0;0.0
8.3;167.8;0.0;0.0
9.1;167.8;0.0;0.0
8.3;167.9;0.0;0.0
8.3;168.4;0.0;0.0
8.3;168.6;0.0;0.0
8.3;169.2;0.0;0.0
1.7;169.2;2.2;0.0
0.0;169.2;0.0;0.0
0.8;169.2;12.4;0.0
7.5;169.4;1.2;0.0
8.3;169.4;0.0;0.0
86.5;181.8;7.3;0.0
75.7;186.9;20.2;0.0
99.6;187.6;0.0;0.0
91.5;187.8;0.0;0.0
0.8;187.8;0.0;0.0
0.0;187.8;0.0;0.0
