7.5;53.5;35.6;0.0
7.5;65.3;24.3;0.0
6.6;71.4;22.4;0.0
7.5;79.8;26.2;0.0
5.8;89.2;38.5;0.0
7.5;99.6;44.6;0.0
25.0;122.8;37.3;0.0
84.8;134.1;30.2;0.0
7.5;140.1;17.2;0.0
5.0;153.6;35.9;0.0
2.5;157.6;31.2;0.0
8.3;158.5;0.4;0.0
8.3;159.2;0.0;0.0
8.3;159.4;0.0;0.0
9.1;159.4;0.0;0.0
7.5;159.4;0.0;0.0
8.3;159.4;0.0;0.0
8.3;159.8;0.0;0.0
9.1;159.8;0.0;0.0
7.5;159.8;0.0;0.0
6.6;160.6;0.4;0.0
3.3;160.9;12.1;0.0
8.3;160.9;0.0;0.0
38.3;173.2;0.9;0.0
73.1;173.5;17.9;0.0
65.7;176.8;20.8;0.0
96.5;176.8;0.0;0.0
93.1;176.9;0.0;0.0
22.4;176.9;0.0;0.0
0.0;176.9;0.0;0.0
