17.4;49.4;28.2;0.0
7.5;64.1;29.7;0.0
7.5;74.2;31.3;0.0
7.5;87.7;27.0;0.0
5.0;96.3;36.4;0.0
7.5;105.3;40.6;0.0
7.5;116.3;38.1;0.0
92.4;140.5;41.6;0.0
18.3;147.0;9.8;0.0
5.8;160.4;41.4;0.0
1.7;161.0;22.2;0.0
7.5;165.9;8.0;0.0
8.3;166.6;0.0;0.0
9.1;166.8;0.0;0.0
8.3;166.8;0.0;0.0
8.3;167.2;0.0;0.0
7.5;167.2;0.0;0.0
8.3;167.2;0.0;0.0
5.0;168.0;2.2;0.0
5.8;168.1;9.1;0.0
8.3;168.1;0.0;0.0
59.9;180.5;1.3;0.0
55.7;185.9;39.3;0.0
92.4;186.0;0.0;0.0
96.5;184.2;0.0;0.0
66.5;184.2;0.0;0.0
0.0;184.2;0.0;0.0
