7.5;52.4;34.6;0.0
8.3;63.2;23.1;0.0
6.6;74.0;23.1;0.0
8.3;82.9;28.8;0.0
5.8;92.7;39.9;0.0
5.8;102.7;43.3;0.0
31.6;125.8;36.1;0.0
76.5;137.0;28.7;0.0
7.5;145.0;23.8;0.0
5.0;155.9;29.2;0.0
2.5;160.7;26.8;0.0
8.3;161.4;0.4;0.0
9.1;162.1;0.0;0.0
8.3;162.1;0.0;0.0
8.3;162.3;0.0;0.0
8.3;162.7;0.0;0.0
8.3;162.9;0.0;0.0
8.3;163.5;0.0;0.0
3.3;163.5;8.4;0.0
7.5;163.7;3.7;0.0
8.3;163.7;0.0;0.0
74.9;178.1;4.9;0.0
71.5;182.7;26.8;0.0
99.0;183.2;0.0;0.0
94.8;183.6;0.0;0.0
38.2;183.6;0.0;0.0
0.0;183.6;0.0;0.0
