7.5;51.6;24.7;0.0
8.3;60.2;12.2;0.0
7.5;59.9;24.2;0.0
7.5;68.1;13.1;0.0
8.3;76.5;22.3;0.0
8.3;83.3;29.0;0.0
6.6;89.8;27.2;0.0
8.3;96.2;24.6;0.0
8.3;99.8;19.3;0.0
28.0;114.4;21.6;0.0
77.2;120.8;21.1;0.0
8.3;128.6;13.1;0.0
7.5;133.8;12.8;0.0
8.3;147.8;36.6;0.0
8.3;148.5;0.4;0.0
8.3;149.4;0.9;0.0
0.0;149.7;1.4;0.0
0.0;149.7;0.0;0.0
0.0;149.7;0.0;0.0
0.0;149.7;0.0;0.0
0.0;149.7;0.0;0.0
0.0;149.7;0.0;0.0
0.0;149.7;0.9;0.0
0.0;149.7;0.0;0.0
0.0;149.7;0.0;0.0
0.0;149.7;0.0;0.0
0.0;149.7;0.0;0.0
0.0;149.7;0.0;0.0
0.0;149.7;0.0;0.0
0.0;149.7;0.0;0.0
0.8;149.9;0.9;0.0
0.0;149.9;0.0;0.0
0.0;149.9;0.0;0.0
0.0;149.9;0.0;0.0
0.0;149.9;0.0;0.0
0.0;149.9;0.0;0.0
0.0;149.9;0.0;0.0
0.0;149.9;0.0;0.0
0.0;149.9;0.0;0.0
0.0;149.9;0.7;0.0
0.0;149.9;0.0;0.0
0.0;149.9;0.0;0.0
0.0;149.9;0.0;0.0
0.0;149.9;0.0;0.0
0.0;149.9;0.0;0.0
0.0;149.9;0.0;0.0
0.0;149.9;0.0;0.0
0.0;149.9;0.0;0.0
0.0;149.9;0.0;0.0
0.0;149.9;0.0;0.0
0.0;149.9;0.0;0.0
0.0;149.9;0.0;0.0
0.0;149.9;0.0;0.0
0.0;149.9;0.0;0.0
0.0;149.9;0.0;0.0
0.0;149.9;0.0;0.0
0.0;149.9;0.0;0.0
0.0;149.9;0.0;0.0
0.0;149.9;0.0;0.0
0.0;149.9;0.0;0.0
