6.6;43.8;19.4;0.0
8.3;54.3;16.9;0.0
7.5;63.3;17.6;0.0
8.3;70.7;16.5;0.0
7.5;66.8;17.9;0.0
7.5;72.0;5.3;0.0
9.1;78.1;16.9;0.0
8.3;81.1;7.3;0.0
7.5;86.7;24.3;0.0
6.6;92.6;24.8;0.0
7.5;96.9;19.8;0.0
8.3;102.5;23.6;0.0
10.8;112.7;20.9;0.0
86.5;115.4;5.6;0.0
21.6;124.8;27.6;0.0
7.5;130.3;7.2;0.0
9.1;133.4;6.2;0.0
7.5;139.3;22.9;0.0
8.3;150.3;20.8;0.0
8.3;150.3;0.0;0.0
8.3;150.3;0.0;0.0
8.3;150.4;0.0;0.0
7.5;151.6;2.0;0.0
0.8;151.6;0.3;0.0
0.0;151.6;0.0;0.0
0.0;151.6;0.0;0.0
0.0;151.6;0.0;0.0
0.0;151.6;0.0;0.0
0.0;151.6;0.0;0.0
0.0;151.8;1.6;0.0
0.0;151.8;0.0;0.0
0.0;151.8;0.0;0.0
0.0;151.8;0.0;0.0
0.0;151.8;0.6;0.0
0.0;151.8;0.0;0.0
0.0;151.8;0.0;0.0
0.0;151.8;0.0;0.0
0.0;151.8;0.0;0.0
0.0;151.8;0.0;0.0
0.0;151.8;0.0;0.0
0.0;151.8;0.0;0.0
0.0;151.8;0.0;0.0
0.0;151.8;0.0;0.0
0.0;151.8;0.0;0.0
0.0;151.8;0.4;0.0
0.0;151.8;1.1;0.0
0.0;151.8;0.0;0.0
2.5;152.1;0.4;0.0
9.2;152.1;0.0;0.0
8.3;152.1;0.0;0.0
8.3;152.1;0.0;0.0
8.3;152.1;0.0;0.0
8.3;152.1;0.0;0.0
8.3;152.1;0.0;0.0
8.3;152.1;0.0;0.0
8.3;152.5;1.5;0.0
2.5;153.0;0.0;0.0
0.0;153.0;0.0;0.0
0.0;153.0;0.0;0.0
0.0;153.0;0.0;0.0
