6.6;40.9;16.8;0.0
7.5;53.0;21.3;0.0
8.3;62.0;14.2;0.0
8.3;69.0;21.6;0.0
7.5;70.0;11.9;0.0
7.5;79.5;23.1;0.0
8.3;83.2;12.3;0.0
6.7;89.5;25.5;0.0
6.6;94.4;20.6;0.0
8.3;101.3;27.0;0.0
7.5;109.6;31.7;0.0
72.8;117.3;4.9;0.0
39.9;131.8;36.7;0.0
8.3;132.7;0.0;0.0
9.1;133.2;0.0;0.0
7.5;133.9;0.6;0.0
8.3;134.8;0.6;0.0
8.2;136.0;2.6;0.0
8.2;136.8;2.8;0.0
8.3;137.9;3.2;0.0
7.5;142.1;19.5;0.0
8.3;150.9;20.3;0.0
8.3;153.0;0.4;0.0
8.3;153.2;0.0;0.0
4.1;154.4;2.3;0.0
0.0;154.4;0.0;0.0
0.0;154.4;0.0;0.0
0.0;154.4;0.0;0.0
0.0;154.4;0.0;0.0
0.0;154.4;0.0;0.0
0.0;154.4;0.0;0.0
0.0;154.4;0.0;0.0
0.0;154.4;0.0;0.0
0.0;154.4;0.0;0.0
0.0;154.4;0.0;0.0
0.0;154.4;0.0;0.0
0.0;154.4;0.0;0.0
0.0;154.4;0.0;0.0
0.0;154.4;0.0;0.0
0.0;154.4;0.0;0.0
0.0;154.4;0.0;0.0
0.0;154.6;1.7;0.0
0.0;154.6;0.0;0.0
0.0;154.6;0.0;0.0
0.0;154.6;0.4;0.0
0.0;154.6;0.0;0.0
0.0;154.6;0.0;0.0
0.0;154.6;0.0;0.0
0.0;154.6;0.0;0.0
0.8;154.6;0.5;0.0
0.0;154.6;0.0;0.0
0.0;154.6;0.0;0.0
0.0;154.6;0.0;0.0
0.0;154.6;0.0;0.0
0.0;154.6;0.0;0.0
0.0;154.6;0.0;0.0
0.0;154.6;0.0;0.0
0.0;154.6;0.0;0.0
3.3;154.9;0.9;0.0
8.3;154.9;0.0;0.0
