8.3;46.1;24.6;0.0
7.5;56.4;18.1;0.0
8.3;64.2;18.8;0.0
6.6;70.7;18.5;0.0
8.3;78.3;20.9;0.0
9.2;80.6;4.1;0.0
7.5;88.6;34.3;0.0
8.3;94.8;26.0;0.0
6.6;101.5;29.1;0.0
17.4;115.7;26.2;0.0
90.6;122.1;16.4;0.0
7.5;131.9;22.0;0.0
8.3;137.0;15.4;0.0
8.3;150.4;34.0;0.0
8.3;151.7;0.4;0.0
9.1;151.7;0.0;0.0
8.3;152.0;0.1;0.0
0.0;152.9;2.2;0.0
0.0;152.9;0.0;0.0
0.0;152.9;0.0;0.0
0.0;152.9;0.0;0.0
0.0;152.9;0.0;0.0
0.0;152.9;0.0;0.0
0.0;152.9;0.8;0.0
0.0;152.9;0.0;0.0
0.0;152.9;0.0;0.0
0.0;152.9;0.0;0.0
0.0;152.9;0.0;0.0
0.0;152.9;0.0;0.0
0.0;152.9;0.0;0.0
0.0;152.9;0.0;0.0
0.0;152.9;0.0;0.0
0.0;152.9;0.0;0.0
0.0;152.9;0.0;0.0
0.8;153.0;0.9;0.0
0.0;153.0;0.0;0.0
0.0;153.0;0.4;0.0
0.0;153.0;0.0;0.0
0.0;153.0;0.0;0.0
0.0;153.0;0.0;0.0
0.0;153.0;0.0;0.0
0.0;153.0;0.0;0.0
0.0;153.0;0.0;0.0
0.0;153.0;1.1;0.0
0.0;153.0;0.0;0.0
0.0;153.0;0.0;0.0
0.0;153.0;0.0;0.0
0.0;153.0;0.0;0.0
0.0;153.0;0.0;0.0
0.0;153.0;0.0;0.0
0.0;153.0;0.0;0.0
0.0;153.0;0.0;0.0
0.0;153.0;0.0;0.0
0.0;153.0;0.0;0.0
0.0;153.0;0.0;0.0
0.0;153.0;0.0;0.0
0.0;153.0;0.0;0.0
0.0;153.0;0.0;0.0
0.0;153.0;0.0;0.0
1.7;153.4;0.5;0.0
