6.6;47.1;26.3;0.0
7.5;56.8;16.6;0.0
7.5;61.1;24.3;0.0
8.3;70.3;11.5;0.0
8.3;77.8;22.6;0.0
7.5;84.5;27.7;0.0
7.4;90.0;24.4;0.0
8.3;91.6;4.6;0.0
7.4;92.2;3.0;0.0
6.6;93.7;7.6;0.0
9.1;97.4;13.0;0.0
7.5;99.7;13.4;0.0
8.3;105.8;18.9;0.0
68.2;125.5;8.2;0.0
37.4;131.9;19.9;0.0
7.5;138.7;13.5;0.0
8.3;142.2;4.6;0.0
6.7;145.6;15.8;0.0
8.3;151.6;17.1;0.0
8.3;158.9;12.5;0.0
9.1;159.1;0.0;0.0
8.3;159.1;0.0;0.0
8.3;159.1;0.0;0.0
8.3;159.2;0.0;0.0
0.8;160.2;2.3;0.0
0.0;160.2;0.0;0.0
0.0;160.2;0.0;0.0
0.0;160.2;0.0;0.0
0.0;160.2;0.0;0.0
0.8;160.5;1.6;0.0
0.0;160.5;0.0;0.0
0.0;160.5;0.4;0.0
0.0;160.5;0.0;0.0
0.0;160.5;0.0;0.0
0.0;160.5;0.0;0.0
0.0;160.5;0.0;0.0
0.0;160.5;0.0;0.0
0.0;160.5;0.0;0.0
0.0;160.5;1.0;0.0
0.0;160.5;0.0;0.0
0.0;160.5;0.0;0.0
0.0;160.5;0.0;0.0
0.0;160.5;0.0;0.0
5.0;160.8;0.9;0.0
8.3;160.8;0.0;0.0
8.3;160.8;0.0;0.0
9.1;160.8;0.0;0.0
8.3;161.0;0.0;0.0
8.3;161.0;0.0;0.0
8.3;161.2;1.5;0.0
0.8;161.6;0.0;0.0
0.0;161.6;0.0;0.0
0.0;161.6;0.0;0.0
0.0;161.6;0.0;0.0
0.0;161.6;0.0;0.0
0.0;161.6;0.0;0.0
0.0;161.6;0.0;0.0
0.0;161.6;0.0;0.0
0.0;161.6;0.0;0.0
0.0;161.6;0.0;0.0
