6.6;51.2;23.5;0.0
8.3;61.7;19.5;0.0
6.6;65.8;21.6;0.0
8.3;75.3;12.1;0.0
8.3;82.1;20.4;0.0
7.5;88.4;25.7;0.0
7.5;94.1;27.0;0.0
7.5;101.6;26.6;0.0
7.5;106.8;22.9;0.0
8.3;110.1;11.2;0.0
72.4;121.4;15.2;0.0
39.0;128.4;23.8;0.0
8.3;131.5;2.6;0.0
7.5;134.7;4.4;0.0
8.3;137.1;5.6;0.0
7.5;142.0;23.9;0.0
8.3;151.8;16.1;0.0
8.3;152.0;0.0;0.0
4.2;153.2;2.3;0.0
0.0;153.2;0.0;0.0
0.0;153.2;0.0;0.0
0.0;153.2;0.0;0.0
0.0;153.2;0.0;0.0
0.0;153.2;0.0;0.0
0.0;153.2;0.0;0.0
0.0;153.2;0.0;0.0
0.0;153.2;0.0;0.0
0.0;153.2;0.0;0.0
0.0;153.2;0.0;0.0
0.0;153.2;0.0;0.0
0.0;153.2;0.0;0.0
0.0;153.2;0.0;0.0
0.0;153.2;0.0;0.0
0.0;153.2;0.0;0.0
0.0;153.2;0.0;0.0
0.0;153.2;0.0;0.0
0.0;153.2;0.0;0.0
0.0;153.2;0.0;0.0
0.0;153.2;0.0;0.0
0.0;153.2;0.0;0.0
0.0;153.2;0.0;0.0
0.0;153.2;0.0;0.0
0.0;153.2;0.0;0.0
0.0;153.2;0.0;0.0
0.0;153.2;0.0;0.0
0.0;153.2;0.0;0.0
0.0;153.2;0.0;0.0
0.0;153.2;0.0;0.0
0.0;153.2;0.0;0.0
0.0;153.2;0.0;0.0
0.0;153.2;0.0;0.0
0.0;153.2;0.0;0.0
0.0;153.2;0.0;0.0
0.0;153.2;0.0;0.0
0.0;153.2;0.0;0.0
0.0;153.2;0.0;0.0
0.0;153.2;0.0;0.0
0.0;153.2;0.0;0.0
0.0;153.2;0.0;0.0
0.0;153.2;0.0;0.0
