7.5;55.9;27.5;0.0
8.3;65.1;19.1;0.0
7.5;65.8;18.8;0.0
8.3;69.9;3.8;0.0
9.2;72.9;4.5;0.0
7.5;78.8;18.7;0.0
7.5;80.0;5.6;0.0
5.8;82.3;14.5;0.0
5.8;85.2;7.6;0.0
6.6;86.5;5.8;0.0
7.5;88.4;7.2;0.0
8.3;93.2;20.2;0.0
6.6;100.8;33.8;0.0
8.3;105.0;14.2;0.0
7.5;106.8;4.7;0.0
50.7;122.3;11.4;0.0
59.8;132.9;30.2;0.0
8.3;135.3;1.0;0.0
7.5;139.6;13.6;0.0
8.3;152.3;34.9;0.0
8.3;154.1;0.4;0.0
8.3;154.1;0.0;0.0
9.1;154.1;0.0;0.0
8.3;154.1;0.0;0.0
8.3;154.3;0.0;0.0
8.3;154.5;0.0;0.0
3.3;155.2;2.3;0.0
0.0;155.2;0.0;0.0
0.0;155.2;0.0;0.0
0.0;155.2;0.0;0.0
0.0;155.2;0.0;0.0
0.0;155.2;0.0;0.0
0.0;155.2;0.0;0.0
0.0;155.2;0.0;0.0
0.0;155.2;0.0;0.0
0.0;155.2;0.0;0.0
0.0;155.2;0.0;0.0
0.0;155.2;0.0;0.0
0.0;155.2;0.0;0.0
0.0;155.2;0.0;0.0
0.0;155.2;0.0;0.0
0.0;155.5;1.6;0.0
0.0;155.5;0.0;0.0
0.0;155.5;0.0;0.0
0.0;155.5;0.0;0.0
0.0;155.5;1.3;0.0
0.0;155.5;0.0;0.0
0.0;155.5;0.0;0.0
0.0;155.5;0.0;0.0
0.0;155.5;0.0;0.0
0.0;155.5;0.0;0.0
0.0;155.5;0.0;0.0
0.0;155.5;0.0;0.0
0.0;155.5;0.0;0.0
0.0;155.5;0.0;0.0
0.0;155.5;0.0;0.0
0.0;155.5;0.0;0.0
7.5;155.9;0.9;0.0
8.3;155.9;0.0;0.0
8.3;155.9;0.0;0.0
