7.5;34.0;19.5;0.0
6.6;46.9;25.2;0.0
8.3;56.7;15.5;0.0
7.5;63.1;16.0;0.0
7.5;63.9;16.9;0.0
8.3;72.1;9.8;0.0
8.3;77.9;18.7;0.0
8.3;84.9;29.1;0.0
7.5;88.9;17.2;0.0
8.2;91.6;10.2;0.0
7.4;92.2;3.6;0.0
7.4;93.5;5.4;0.0
8.3;98.5;21.2;0.0
7.5;105.9;26.9;0.0
75.1;119.7;11.9;0.0
11.6;130.5;29.8;0.0
7.5;136.0;9.6;0.0
7.5;143.8;28.1;0.0
8.3;151.3;12.2;0.0
8.3;151.5;0.0;0.0
5.8;152.6;2.3;0.0
0.0;152.6;0.0;0.0
0.0;152.6;0.0;0.0
0.0;152.6;0.0;0.0
0.0;152.7;1.9;0.0
0.0;152.7;0.0;0.0
0.0;152.7;0.4;0.0
0.0;152.7;0.0;0.0
0.0;152.7;0.0;0.0
0.0;152.7;0.0;0.0
0.0;152.7;0.0;0.0
0.0;152.7;0.0;0.0
0.0;152.7;0.0;0.0
0.0;152.7;0.0;0.0
0.0;152.7;0.2;0.0
0.0;152.7;0.0;0.0
0.0;152.7;0.0;0.0
0.0;152.7;0.0;0.0
0.0;152.7;0.0;0.0
0.0;152.7;0.0;0.0
0.0;152.7;0.0;0.0
0.0;152.7;0.0;0.0
0.0;152.7;0.0;0.0
0.0;152.7;0.0;0.0
0.0;152.7;0.0;0.0
0.0;152.7;0.0;0.0
0.0;152.7;0.0;0.0
0.0;152.7;0.8;0.0
0.0;152.7;0.0;0.0
0.0;152.7;0.0;0.0
0.0;152.7;0.0;0.0
0.0;152.7;0.0;0.0
0.0;152.7;0.0;0.0
0.0;152.7;0.0;0.0
0.0;152.7;0.0;0.0
0.0;152.7;0.0;0.0
0.0;152.7;0.0;0.0
0.0;152.7;0.0;0.0
0.0;152.7;0.0;0.0
0.0;152.7;0.0;0.0
