6.6;53.4;23.6;0.0
7.5;64.6;21.2;0.0
7.5;73.3;23.0;0.0
7.5;79.7;14.8;0.0
8.3;88.5;22.7;0.0
6.6;95.2;29.2;0.0
8.3;102.7;30.8;0.0
6.6;110.5;35.2;0.0
22.5;120.0;19.3;0.0
95.6;126.8;12.5;0.0
9.1;137.9;28.7;0.0
8.3;143.2;9.8;0.0
8.1;153.2;33.7;0.0
8.3;158.0;6.5;0.0
8.3;158.1;0.0;0.0
0.8;159.1;2.3;0.0
0.0;159.1;0.0;0.0
0.0;159.1;0.0;0.0
0.0;159.1;0.0;0.0
0.0;159.1;0.0;0.0
0.0;159.1;0.8;0.0
0.0;159.1;0.0;0.0
0.0;159.1;0.0;0.0
0.0;159.1;0.0;0.0
0.0;159.1;0.0;0.0
0.0;159.1;0.0;0.0
0.0;159.1;0.0;0.0
0.0;159.1;0.0;0.0
0.0;159.1;0.0;0.0
0.0;159.1;0.0;0.0
0.0;159.1;0.0;0.0
0.0;159.1;0.0;0.0
0.0;159.1;0.0;0.0
0.0;159.1;0.0;0.0
0.8;159.4;1.0;0.0
0.0;159.4;0.0;0.0
0.0;159.4;0.0;0.0
0.0;159.4;0.0;0.0
0.0;159.4;0.4;0.0
0.0;159.4;0.0;0.0
0.0;159.4;0.0;0.0
0.0;159.4;0.0;0.0
0.0;159.4;0.0;0.0
0.0;159.4;0.0;0.0
0.0;159.4;0.0;0.0
0.0;159.4;0.0;0.0
0.0;159.4;0.0;0.0
0.0;159.4;0.0;0.0
0.0;159.4;0.0;0.0
0.0;159.4;0.0;0.0
0.0;159.4;0.0;0.0
0.0;159.4;0.8;0.0
0.0;159.4;0.0;0.0
0.0;159.4;0.0;0.0
0.0;159.4;0.0;0.0
0.0;159.4;0.0;0.0
2.5;159.7;0.6;0.0
8.3;159.7;0.0;0.0
8.3;159.7;0.0;0.0
8.3;159.7;0.0;0.0
