6.6;45.7;17.8;0.0
9.2;54.8;21.4;0.0
7.5;60.8;9.3;0.0
7.5;67.1;19.8;0.0
8.3;67.2;13.1;0.0
8.3;75.1;19.5;0.0
7.5;79.1;14.7;0.0
6.6;84.8;21.4;0.0
7.5;88.5;15.1;0.0
7.5;94.1;26.0;0.0
8.3;102.7;30.1;0.0
33.3;116.7;13.6;0.0
78.1;125.6;25.0;0.0
8.3;133.1;14.0;0.0
9.1;137.8;9.6;0.0
7.5;143.4;24.5;0.0
8.3;152.1;15.5;0.0
8.3;153.0;0.4;0.0
6.6;154.3;2.0;0.0
0.8;154.3;0.3;0.0
0.0;154.3;0.0;0.0
0.0;154.3;0.0;0.0
0.0;154.3;0.0;0.0
0.0;154.3;0.0;0.0
0.0;154.3;0.0;0.0
0.0;154.3;0.0;0.0
0.0;154.3;0.0;0.0
0.0;154.3;0.0;0.0
0.0;154.3;0.0;0.0
0.0;154.3;0.0;0.0
0.0;154.3;0.0;0.0
0.0;154.3;1.0;0.0
0.0;154.3;0.0;0.0
0.0;154.3;0.0;0.0
0.0;154.3;0.0;0.0
0.0;154.3;0.0;0.0
0.0;154.3;0.0;0.0
0.0;154.3;0.0;0.0
0.0;154.3;0.0;0.0
0.0;154.3;0.0;0.0
0.0;154.3;0.0;0.0
0.0;154.3;0.0;0.0
0.0;154.3;0.0;0.0
0.0;154.3;0.0;0.0
0.0;154.3;0.0;0.0
0.0;154.4;0.9;0.0
0.0;154.4;0.0;0.0
0.0;154.4;0.4;0.0
0.0;154.4;0.0;0.0
0.0;154.4;0.0;0.0
0.0;154.4;0.0;0.0
0.0;154.4;0.0;0.0
0.0;154.4;0.0;0.0
0.0;154.4;0.0;0.0
0.0;154.4;0.0;0.0
0.0;154.4;0.0;0.0
4.2;154.7;1.8;0.0
8.3;154.7;0.0;0.0
8.3;154.7;0.0;0.0
8.3;154.7;0.0;0.0
