8.3;41.2;20.2;0.0
6.6;55.0;23.7;0.0
8.3;64.4;16.4;0.0
6.6;71.4;21.8;0.0
7.5;78.6;12.3;0.0
7.5;84.4;14.9;0.0
8.3;88.7;10.1;0.0
7.5;90.7;15.1;0.0
7.5;98.4;26.2;0.0
8.3;104.1;23.4;0.0
6.6;110.2;28.6;0.0
9.2;116.3;18.9;0.0
68.8;130.5;12.9;0.0
41.2;139.8;28.1;0.0
8.3;141.9;0.6;0.0
8.3;146.8;9.8;0.0
7.5;151.2;20.3;0.0
8.3;154.5;9.2;0.0
9.1;161.6;10.7;0.0
8.3;161.6;0.0;0.0
7.5;162.9;2.0;0.0
0.0;162.9;0.3;0.0
0.0;162.9;0.0;0.0
0.0;162.9;0.0;0.0
0.0;162.9;0.0;0.0
0.0;162.9;0.0;0.0
0.0;162.9;0.0;0.0
0.0;162.9;0.0;0.0
0.0;162.9;0.0;0.0
0.0;162.9;0.0;0.0
0.0;162.9;0.8;0.0
0.0;162.9;0.0;0.0
0.0;162.9;0.0;0.0
0.0;162.9;0.0;0.0
0.0;163.0;1.0;0.0
0.0;163.0;0.0;0.0
0.0;163.0;0.4;0.0
0.0;163.0;0.0;0.0
0.0;163.0;0.4;0.0
0.0;163.0;0.0;0.0
0.0;163.0;0.0;0.0
0.0;163.0;0.0;0.0
0.0;163.0;0.0;0.0
0.0;163.0;0.0;0.0
0.0;163.0;0.0;0.0
0.0;163.0;1.4;0.0
0.0;163.0;0.0;0.0
0.0;163.0;0.0;0.0
0.0;163.0;0.0;0.0
0.0;163.0;0.0;0.0
0.0;163.0;0.0;0.0
0.0;163.0;0.0;0.0
0.0;163.0;0.0;0.0
0.0;163.0;0.0;0.0
0.0;163.0;0.0;0.0
0.0;163.0;0.0;0.0
0.0;163.0;0.0;0.0
6.6;163.4;0.4;0.0
8.3;163.4;0.0;0.0
8.3;163.4;0.0;0.0
