6.6;42.7;23.3;0.0
7.5;53.4;23.8;0.0
7.5;60.7;16.6;0.0
7.5;66.2;20.2;0.0
8.3;75.3;21.0;0.0
7.5;77.3;4.0;0.0
8.3;78.1;2.1;0.0
6.6;80.3;15.1;0.0
7.5;83.7;8.6;0.0
7.5;89.4;24.8;0.0
8.3;97.6;33.8;0.0
7.5;105.6;29.9;0.0
80.7;117.6;11.5;0.0
34.9;128.4;30.2;0.0
8.3;133.9;9.6;0.0
8.3;137.1;15.0;0.0
8.3;147.8;24.9;0.0
8.3;149.2;0.4;0.0
8.3;150.5;2.2;0.0
0.0;150.5;0.1;0.0
0.0;150.5;0.0;0.0
0.0;150.5;0.0;0.0
0.0;150.5;0.0;0.0
0.0;150.5;0.0;0.0
0.0;150.5;0.0;0.0
0.0;150.5;0.0;0.0
0.0;150.5;0.0;0.0
0.0;150.5;0.0;0.0
0.0;150.5;0.0;0.0
0.0;150.5;0.0;0.0
0.0;150.5;0.0;0.0
0.0;150.5;0.0;0.0
0.0;150.5;0.0;0.0
0.0;150.5;0.0;0.0
0.0;150.5;0.0;0.0
0.0;150.5;0.0;0.0
0.0;150.5;0.0;0.0
0.0;150.5;0.0;0.0
0.0;150.5;0.0;0.0
0.0;150.5;0.8;0.0
0.0;150.5;0.0;0.0
0.0;150.5;0.0;0.0
0.0;150.5;0.0;0.0
0.0;150.5;0.0;0.0
0.0;150.5;0.0;0.0
0.0;150.5;0.0;0.0
0.0;150.5;0.0;0.0
0.0;150.5;0.0;0.0
0.0;150.5;0.0;0.0
0.0;150.5;0.0;0.0
0.0;150.5;0.0;0.0
0.0;150.5;0.0;0.0
0.0;150.5;0.0;0.0
0.0;150.5;0.0;0.0
0.0;150.5;0.0;0.0
0.0;150.5;0.0;0.0
0.0;150.5;0.0;0.0
0.0;150.5;0.0;0.0
0.0;150.5;0.0;0.0
0.0;150.5;0.0;0.0
