8.3;52.2;24.8;0.0
8.3;60.2;10.6;0.0
7.5;67.6;23.8;0.0
7.5;75.1;14.5;0.0
8.3;81.7;19.7;0.0
8.3;86.6;23.6;0.0
7.5;94.2;27.6;0.0
7.5;99.3;23.6;0.0
7.5;106.0;27.4;0.0
32.9;116.1;13.7;0.0
81.4;124.1;16.4;0.0
9.1;133.5;24.8;0.0
8.3;135.3;1.0;0.0
8.3;139.7;8.8;0.0
4.1;142.0;13.6;0.0
9.1;153.7;26.6;0.0
7.5;154.1;0.0;0.0
8.3;154.2;0.0;0.0
0.8;155.4;2.3;0.0
0.0;155.4;0.0;0.0
0.0;155.4;0.0;0.0
0.0;155.4;0.0;0.0
0.0;155.4;0.0;0.0
0.0;155.4;0.0;0.0
0.0;155.4;0.0;0.0
0.0;155.4;0.0;0.0
0.0;155.4;0.0;0.0
0.0;155.4;0.0;0.0
0.0;155.4;0.0;0.0
0.0;155.4;0.0;0.0
0.0;155.4;0.8;0.0
0.0;155.4;0.0;0.0
0.0;155.4;0.0;0.0
0.0;155.5;0.9;0.0
0.0;155.5;0.0;0.0
0.0;155.5;0.4;0.0
0.0;155.5;0.0;0.0
0.0;155.5;0.0;0.0
0.0;155.5;0.0;0.0
0.0;155.5;0.0;0.0
0.0;155.5;0.0;0.0
0.0;155.5;0.0;0.0
0.0;155.5;0.0;0.0
0.0;155.5;0.0;0.0
0.0;155.5;0.0;0.0
0.0;155.5;0.0;0.0
0.0;155.5;0.0;0.0
0.0;155.5;0.3;0.0
0.0;155.5;0.0;0.0
0.0;155.5;0.0;0.0
0.0;155.5;0.0;0.0
0.0;155.5;0.0;0.0
0.0;155.5;0.0;0.0
0.0;155.5;0.0;0.0
0.0;155.5;0.0;0.0
0.0;155.5;0.0;0.0
0.0;155.5;0.0;0.0
0.0;155.5;0.8;0.0
0.0;155.5;0.0;0.0
0.0;155.5;0.0;0.0
