7.5;35.8;7.5;0.0
5.8;39.8;4.1;0.0
6.6;43.6;7.5;0.0
7.5;50.4;7.9;0.0
6.6;52.5;9.0;0.0
9.1;57.5;8.8;0.0
7.5;61.2;6.0;0.0
8.3;64.0;2.9;0.0
9.1;67.2;11.6;0.0
8.3;69.4;4.2;0.0
6.6;64.7;8.4;0.0
7.5;67.1;7.2;0.0
8.3;71.1;4.1;0.0
8.3;74.4;3.6;0.0
7.5;77.8;12.7;0.0
9.1;81.0;6.6;0.0
9.1;82.1;4.1;0.0
6.6;84.8;16.5;0.0
7.5;88.8;13.5;0.0
7.5;91.7;10.5;0.0
8.3;94.0;11.0;0.0
8.3;95.7;5.4;0.0
7.5;97.6;9.4;0.0
8.3;101.3;14.0;0.0
6.6;102.9;9.5;0.0
8.3;107.7;14.7;0.0
8.3;109.5;6.5;0.0
83.1;128.7;6.8;0.0
26.5;134.7;18.1;0.0
7.5;141.8;16.7;0.0
8.3;142.9;0.0;0.0
8.3;144.4;1.0;0.0
8.3;147.6;8.6;0.0
7.5;148.4;6.0;0.0
8.3;152.2;13.7;0.0
8.3;158.4;13.8;0.0
8.3;162.3;7.8;0.0
8.3;163.8;0.4;0.0
8.3;163.8;0.0;0.0
8.3;163.8;0.0;0.0
8.3;163.8;0.0;0.0
8.3;163.8;0.0;0.0
8.3;163.8;0.0;0.0
8.3;163.8;0.0;0.0
8.3;163.9;0.0;0.0
8.3;163.9;0.0;0.0
8.3;163.9;0.0;0.0
9.1;163.9;0.0;0.0
8.3;163.9;0.0;0.0
8.3;163.9;0.0;0.0
8.3;163.9;0.0;0.0
8.3;163.9;0.0;0.0
8.3;163.9;0.0;0.0
59.0;172.4;0.0;0.0
92.9;172.9;0.5;0.0
39.0;173.2;1.8;0.0
5.0;174.2;12.2;0.0
8.3;174.2;0.0;0.0
8.3;174.4;0.0;0.0
8.3;174.4;0.0;0.0
