6.7;54.0;28.1;0.0
8.3;66.6;25.4;0.0
5.8;74.9;22.5;0.0
8.3;87.1;26.5;0.0
6.6;95.1;35.2;0.0
7.5;104.0;38.8;0.0
7.5;115.2;40.1;0.0
84.0;134.9;34.0;0.0
25.7;143.2;10.4;0.0
7.5;155.6;39.7;0.0
8.3;161.3;8.7;0.0
8.3;161.5;0.0;0.0
8.3;161.5;0.0;0.0
54.9;172.8;2.3;0.0
63.2;173.8;5.0;0.0
8.3;174.0;0.0;0.0
8.3;174.0;0.0;0.0
9.1;174.0;0.0;0.0
8.3;174.0;0.0;0.0
8.3;174.0;0.0;0.0
8.3;174.0;0.0;0.0
8.3;174.0;0.0;0.0
8.3;174.0;0.0;0.0
8.3;174.0;0.0;0.0
8.3;174.0;0.0;0.0
8.3;174.0;0.0;0.0
8.3;174.0;0.0;0.0
8.3;174.0;0.0;0.0
8.3;174.0;0.0;0.0
7.5;174.0;0.0;0.0
8.3;174.0;0.0;0.0
8.3;174.0;0.0;0.0
8.3;174.0;0.0;0.0
9.1;174.0;0.0;0.0
8.3;174.0;0.0;0.0
8.3;174.0;0.0;0.0
8.3;174.0;0.0;0.0
8.3;174.0;0.0;0.0
8.3;174.0;0.0;0.0
8.3;174.0;0.0;0.0
8.3;174.0;0.0;0.0
8.3;174.0;0.0;0.0
8.3;174.0;0.0;0.0
8.3;174.0;0.0;0.0
8.3;174.0;0.0;0.0
8.3;174.0;0.0;0.0
8.3;174.0;0.0;0.0
8.3;174.0;0.0;0.0
8.3;174.0;0.0;0.0
9.1;174.0;0.0;0.0
8.3;174.2;0.0;0.0
8.3;174.2;0.0;0.0
8.3;174.2;0.0;0.0
8.3;174.2;0.0;0.0
8.3;174.2;0.0;0.0
8.3;174.2;0.0;0.0
8.3;174.2;0.0;0.0
8.3;174.2;0.0;0.0
8.3;174.2;0.0;0.0
8.3;174.2;0.0;0.0
