21.6;42.0;22.0;0.0
7.5;55.5;28.2;0.0
9.1;65.3;19.9;0.0
5.8;75.2;20.8;0.0
8.3;84.5;24.2;0.0
6.6;92.4;34.3;0.0
6.6;100.6;35.2;0.0
7.5;112.2;43.1;0.0
78.2;134.7;29.1;0.0
32.4;142.3;12.7;0.0
7.5;149.6;23.6;0.0
8.3;162.4;27.4;0.0
8.3;162.4;0.0;0.0
8.3;162.6;0.0;0.0
8.3;162.6;0.0;0.0
72.4;177.9;8.8;0.0
41.5;178.7;7.5;0.0
8.3;178.9;0.0;0.0
8.3;178.9;0.0;0.0
8.3;178.9;0.0;0.0
9.1;178.9;0.0;0.0
8.3;178.9;0.0;0.0
8.3;178.9;0.0;0.0
8.3;178.9;0.0;0.0
8.3;178.9;0.0;0.0
8.3;178.9;0.0;0.0
8.3;178.9;0.0;0.0
8.3;179.0;0.0;0.0
8.3;179.0;0.0;0.0
8.3;179.0;0.0;0.0
8.3;179.0;0.0;0.0
8.3;179.0;0.0;0.0
8.3;179.0;0.0;0.0
8.3;179.0;0.0;0.0
8.3;179.0;0.0;0.0
8.3;179.0;0.0;0.0
8.3;179.0;0.0;0.0
8.3;179.0;0.0;0.0
8.3;179.0;0.0;0.0
8.3;179.0;0.0;0.0
8.3;179.0;0.0;0.0
8.3;179.0;0.0;0.0
8.3;179.0;0.0;0.0
8.3;179.0;0.0;0.0
8.3;179.0;0.0;0.0
8.3;179.0;0.0;0.0
8.3;179.0;0.0;0.0
8.3;179.0;0.0;0.0
8.3;179.0;0.0;0.0
8.3;179.0;0.0;0.0
8.3;179.0;0.0;0.0
8.3;179.0;0.0;0.0
8.3;179.0;0.0;0.0
8.3;179.1;0.0;0.0
9.1;179.1;0.0;0.0
8.3;179.1;0.0;0.0
8.3;179.1;0.0;0.0
8.3;179.1;0.0;0.0
8.3;179.1;0.0;0.0
8.3;179.1;0.0;0.0
