17.5;37.6;21.0;0.0
6.6;50.6;23.5;0.0
7.5;60.2;14.6;0.0
6.6;67.5;22.6;0.0
8.3;72.0;15.4;0.0
7.5;80.2;21.8;0.0
6.6;86.0;25.7;0.0
7.5;93.0;29.8;0.0
6.6;100.9;33.7;0.0
18.3;119.6;28.3;0.0
86.5;132.5;36.2;0.0
8.3;137.6;4.3;0.0
7.5;143.7;24.7;0.0
8.3;155.9;23.8;0.0
8.3;155.9;0.0;0.0
8.3;156.1;0.0;0.0
7.5;156.1;0.0;0.0
16.6;168.3;0.0;0.0
93.2;169.3;4.1;0.0
16.6;170.2;4.9;0.0
8.3;170.4;0.0;0.0
8.3;170.4;0.0;0.0
8.3;170.4;0.0;0.0
8.3;170.4;0.0;0.0
8.3;170.4;0.0;0.0
8.3;170.4;0.0;0.0
8.3;170.4;0.0;0.0
8.3;170.4;0.0;0.0
8.3;170.4;0.0;0.0
8.3;170.4;0.0;0.0
8.3;170.4;0.0;0.0
8.3;170.4;0.0;0.0
9.1;170.4;0.0;0.0
8.3;170.5;0.0;0.0
8.3;170.5;0.0;0.0
8.3;170.5;0.0;0.0
8.3;170.5;0.0;0.0
8.3;170.5;0.0;0.0
8.3;170.5;0.0;0.0
8.3;170.5;0.0;0.0
8.3;170.5;0.0;0.0
8.3;170.5;0.0;0.0
8.3;170.5;0.0;0.0
8.3;170.5;0.0;0.0
8.3;170.5;0.0;0.0
8.3;170.5;0.0;0.0
8.3;170.5;0.0;0.0
8.3;170.5;0.0;0.0
9.1;170.5;0.0;0.0
8.3;170.5;0.0;0.0
8.3;170.5;0.0;0.0
8.3;170.5;0.0;0.0
8.3;170.5;0.0;0.0
8.3;170.5;0.0;0.0
8.3;170.5;0.0;0.0
8.3;170.5;0.0;0.0
8.3;170.5;0.0;0.0
8.3;170.5;0.0;0.0
8.3;170.5;0.0;0.0
8.3;170.5;0.0;0.0
