6.6;41.3;9.4;0.0
7.5;44.2;7.0;0.0
7.5;51.8;8.2;0.0
7.5;54.3;9.8;0.0
10.0;59.6;9.6;0.0
6.6;63.5;6.9;0.0
8.3;67.2;5.6;0.0
8.3;70.8;10.3;0.0
7.5;73.5;9.1;0.0
7.5;67.3;5.7;0.0
8.3;70.9;4.9;0.0
7.5;73.4;3.6;0.0
8.3;76.6;4.5;0.0
9.1;79.9;13.6;0.0
8.3;82.3;4.6;0.0
7.5;83.2;4.7;0.0
8.3;85.7;14.3;0.0
6.6;89.4;11.4;0.0
7.5;92.1;10.4;0.0
7.5;94.2;9.0;0.0
8.3;96.6;10.2;0.0
8.3;99.3;13.8;0.0
8.3;103.0;13.4;0.0
7.5;104.6;8.0;0.0
8.3;108.7;15.2;0.0
8.3;110.4;3.7;0.0
84.3;131.1;8.7;0.0
22.4;135.6;16.0;0.0
8.3;141.4;15.8;0.0
8.3;143.5;1.1;0.0
8.3;144.4;0.2;0.0
7.5;147.1;6.0;0.0
8.3;149.1;3.6;0.0
7.5;153.1;19.1;0.0
8.3;161.9;20.3;0.0
8.3;164.4;2.1;0.0
9.1;164.6;0.0;0.0
8.3;164.6;0.0;0.0
8.3;164.6;0.0;0.0
8.3;164.6;0.0;0.0
8.3;164.8;0.0;0.0
8.3;164.8;0.0;0.0
8.3;164.8;0.0;0.0
8.3;164.8;0.0;0.0
8.3;164.8;0.0;0.0
8.3;164.8;0.0;0.0
24.1;171.3;0.0;0.0
94.8;171.4;0.1;0.0
55.6;172.0;2.2;0.0
0.0;172.0;0.0;0.0
0.0;172.0;0.0;0.0
0.0;172.0;0.0;0.0
0.0;172.0;0.0;0.0
0.0;172.0;0.0;0.0
0.0;172.0;0.0;0.0
0.0;172.0;0.0;0.0
0.0;172.0;0.0;0.0
0.0;172.0;0.0;0.0
0.0;172.0;1.8;0.0
5.8;172.9;6.5;0.0
