8.3;40.5;15.5;0.0
6.6;50.1;12.7;0.0
7.5;58.6;18.4;0.0
7.5;65.5;12.0;0.0
8.3;71.0;13.2;0.0
8.3;75.3;12.0;0.0
7.5;73.0;9.1;0.0
7.5;80.6;9.4;0.0
8.3;84.4;14.0;0.0
9.1;87.2;6.1;0.0
6.6;90.0;17.1;0.0
8.3;96.1;19.4;0.0
7.5;100.2;19.0;0.0
8.3;106.3;23.6;0.0
6.6;112.4;24.3;0.0
33.0;131.7;11.4;0.0
77.2;138.5;15.8;0.0
7.5;147.2;23.2;0.0
8.3;149.2;0.6;0.0
8.3;153.5;9.2;0.0
7.5;157.6;19.9;0.0
8.3;167.7;21.2;0.0
8.3;168.9;0.4;0.0
8.3;168.9;0.0;0.0
8.3;168.9;0.0;0.0
8.3;168.9;0.0;0.0
8.3;169.1;0.0;0.0
8.3;169.1;0.0;0.0
8.3;169.1;0.0;0.0
8.3;169.1;0.0;0.0
8.3;169.1;0.0;0.0
8.3;169.1;0.0;0.0
8.3;169.1;0.0;0.0
8.3;169.1;0.0;0.0
8.3;169.1;0.0;0.0
8.3;169.1;0.0;0.0
8.3;169.1;0.0;0.0
57.3;173.7;0.0;0.0
92.1;173.7;0.0;0.0
57.2;174.2;2.3;0.0
3.3;175.4;9.5;0.0
8.3;175.4;0.0;0.0
8.3;175.6;0.0;0.0
8.3;175.6;0.0;0.0
9.1;175.6;0.0;0.0
8.3;175.6;0.0;0.0
8.3;175.6;0.0;0.0
8.3;175.6;0.0;0.0
8.3;175.6;0.0;0.0
8.3;175.6;0.0;0.0
8.3;175.6;0.0;0.0
8.3;175.6;0.0;0.0
8.3;175.6;0.0;0.0
8.3;175.6;0.0;0.0
8.3;175.8;0.0;0.0
8.3;175.8;0.0;0.0
8.3;175.8;0.0;0.0
8.3;175.8;0.0;0.0
8.3;175.8;0.0;0.0
8.3;175.8;0.0;0.0
