8.3;45.5;24.2;0.0
6.6;57.6;27.1;0.0
7.5;67.9;26.4;0.0
8.3;72.7;20.8;0.0
7.5;79.3;29.2;0.0
6.6;90.0;41.0;0.0
6.7;99.5;40.5;0.0
44.9;122.6;34.6;0.0
64.1;132.3;25.2;0.0
7.5;137.9;13.0;0.0
8.3;153.0;38.3;0.0
8.3;153.2;0.0;0.0
8.3;153.3;0.0;0.0
8.3;153.3;0.0;0.0
66.5;188.6;3.1;0.0
51.6;189.6;4.9;0.0
8.3;189.8;0.0;0.0
8.3;189.8;0.0;0.0
8.3;189.8;0.0;0.0
10.0;189.8;0.0;0.0
8.3;189.8;0.0;0.0
8.3;189.8;0.0;0.0
8.3;189.8;0.0;0.0
8.3;189.8;0.0;0.0
8.3;189.8;0.0;0.0
8.3;189.8;0.0;0.0
8.3;189.9;0.0;0.0
8.3;189.9;0.0;0.0
8.3;189.9;0.0;0.0
8.3;189.9;0.0;0.0
8.3;189.9;0.0;0.0
7.5;189.9;0.0;0.0
8.3;189.9;0.0;0.0
8.3;189.9;0.0;0.0
8.3;189.9;0.0;0.0
8.3;189.9;0.0;0.0
8.3;189.9;0.0;0.0
8.3;189.9;0.0;0.0
9.1;189.9;0.0;0.0
8.3;189.9;0.0;0.0
8.3;189.9;0.0;0.0
8.3;189.9;0.0;0.0
8.3;189.9;0.0;0.0
8.3;189.9;0.0;0.0
8.3;189.9;0.0;0.0
8.3;189.9;0.0;0.0
9.1;189.9;0.0;0.0
8.3;189.9;0.0;0.0
8.3;189.9;0.0;0.0
8.3;189.9;0.0;0.0
8.3;190.1;0.0;0.0
8.3;190.1;0.0;0.0
8.3;190.1;0.0;0.0
8.3;190.1;0.0;0.0
8.3;190.1;0.0;0.0
8.3;190.1;0.0;0.0
8.3;190.1;0.0;0.0
8.3;190.1;0.0;0.0
8.3;190.1;0.0;0.0
8.3;190.3;0.0;0.0
