6.6;40.0;9.2;0.0
7.5;46.6;9.4;0.0
7.5;49.7;5.7;0.0
9.1;55.7;6.9;0.0
8.3;57.9;7.5;0.0
6.6;61.3;6.6;0.0
9.1;63.6;4.9;0.0
8.3;65.5;3.1;0.0
8.3;67.5;3.6;0.0
8.3;68.9;1.4;0.0
7.5;71.8;6.9;0.0
8.3;73.5;6.1;0.0
8.3;75.0;2.2;0.0
7.5;77.1;7.8;0.0
6.6;69.8;6.2;0.0
9.1;71.3;3.2;0.0
7.5;74.4;3.6;0.0
8.3;76.5;1.7;0.0
9.1;79.5;4.5;0.0
8.3;81.1;5.3;0.0
8.3;83.0;8.7;0.0
8.3;84.2;2.8;0.0
7.5;85.2;1.4;0.0
8.3;85.8;1.9;0.0
8.3;87.2;9.0;0.0
7.5;88.7;8.7;0.0
8.3;91.3;5.6;0.0
6.6;92.5;6.2;0.0
8.3;94.4;5.6;0.0
8.3;95.3;4.8;0.0
8.2;96.4;5.2;0.0
8.3;97.9;7.2;0.0
8.3;99.0;3.2;0.0
7.5;100.6;6.6;0.0
6.6;101.6;6.4;0.0
8.3;103.1;8.2;0.0
8.3;105.6;7.4;0.0
7.5;106.4;4.1;0.0
8.3;107.5;5.1;0.0
7.5;110.0;7.7;0.0
7.5;111.6;7.5;0.0
8.3;113.3;3.7;0.0
49.0;125.5;2.2;0.0
56.4;130.2;7.6;0.0
8.3;133.3;9.6;0.0
8.3;136.1;11.2;0.0
8.3;139.4;8.6;0.0
8.3;141.5;2.4;0.0
9.1;141.9;0.0;0.0
8.3;142.4;0.0;0.0
8.3;142.6;0.0;0.0
8.3;143.1;0.0;0.0
7.5;143.8;0.6;0.0
8.3;144.9;1.6;0.0
7.5;146.3;4.0;0.0
8.3;147.7;3.6;0.0
8.3;148.2;2.8;0.0
5.8;148.3;4.6;0.0
8.3;150.0;4.6;0.0
9.1;151.1;3.9;0.0
