6.6;56.8;27.9;0.0
8.3;69.1;25.8;0.0
5.8;65.3;21.6;0.0
8.3;77.5;26.4;0.0
6.6;84.9;31.9;0.0
6.6;93.7;37.7;0.0
6.6;105.7;44.5;0.0
79.0;127.7;38.6;0.0
29.1;133.9;6.2;0.0
6.6;145.4;37.5;0.0
9.2;151.8;10.5;0.0
8.3;151.8;0.0;0.0
8.3;151.9;0.0;0.0
37.3;181.3;2.2;0.0
82.3;182.2;5.1;0.0
8.3;182.4;0.0;0.0
7.5;182.4;0.0;0.0
8.3;182.4;0.0;0.0
8.3;182.4;0.0;0.0
8.3;182.4;0.0;0.0
9.1;182.4;0.0;0.0
8.3;182.4;0.0;0.0
8.3;182.4;0.0;0.0
8.3;182.4;0.0;0.0
8.3;182.5;0.0;0.0
8.3;182.5;0.0;0.0
8.3;182.5;0.0;0.0
8.3;182.5;0.0;0.0
7.5;182.5;0.0;0.0
8.3;182.5;0.0;0.0
9.1;182.5;0.0;0.0
8.3;182.5;0.0;0.0
8.3;182.5;0.0;0.0
8.3;182.5;0.0;0.0
8.3;182.5;0.0;0.0
9.2;182.5;0.0;0.0
8.3;182.5;0.0;0.0
8.3;182.5;0.0;0.0
8.3;182.5;0.0;0.0
8.3;182.5;0.0;0.0
8.3;182.5;0.0;0.0
8.3;182.5;0.0;0.0
8.3;182.5;0.0;0.0
8.3;182.5;0.0;0.0
8.3;182.5;0.0;0.0
8.3;182.5;0.0;0.0
7.5;182.5;0.0;0.0
8.3;182.5;0.0;0.0
9.1;182.5;0.0;0.0
8.3;182.7;0.0;0.0
8.3;182.7;0.0;0.0
8.3;182.7;0.0;0.0
8.3;182.7;0.0;0.0
8.3;182.7;0.0;0.0
8.3;182.7;0.0;0.0
8.3;182.7;0.0;0.0
8.3;182.7;0.0;0.0
8.3;182.7;0.0;0.0
9.1;182.7;0.0;0.0
8.3;182.7;0.0;0.0
