6.6;50.0;22.8;0.0
7.5;61.5;25.5;0.0
7.5;71.4;25.2;0.0
7.5;72.4;18.3;0.0
7.5;80.3;31.0;0.0
6.6;91.1;42.6;0.0
7.5;100.7;41.2;0.0
44.1;125.6;34.9;0.0
64.8;135.6;24.2;0.0
9.2;141.2;13.0;0.0
7.5;156.0;38.2;0.0
8.3;156.5;0.0;0.0
8.3;156.7;0.0;0.0
8.3;156.7;0.0;0.0
63.2;187.8;3.3;0.0
49.0;187.8;0.8;0.0
0.0;187.8;0.0;0.0
3.3;189.0;5.7;0.0
8.3;189.1;0.0;0.0
8.3;189.1;0.0;0.0
8.3;189.1;0.0;0.0
8.3;189.1;0.0;0.0
8.3;189.1;0.0;0.0
8.3;189.1;0.0;0.0
8.3;189.1;0.0;0.0
8.3;189.1;0.0;0.0
8.3;189.1;0.0;0.0
8.3;189.2;0.0;0.0
8.3;189.2;0.0;0.0
8.3;189.2;0.0;0.0
8.3;189.2;0.0;0.0
8.3;189.2;0.0;0.0
8.3;189.2;0.0;0.0
8.3;189.2;0.0;0.0
8.3;189.2;0.0;0.0
8.3;189.2;0.0;0.0
8.3;189.4;0.0;0.0
8.3;189.4;0.0;0.0
8.3;189.4;0.0;0.0
8.3;189.4;0.0;0.0
8.3;189.4;0.0;0.0
8.3;189.4;0.0;0.0
8.3;189.4;0.0;0.0
7.5;189.4;0.0;0.0
9.2;189.4;0.0;0.0
8.3;189.4;0.0;0.0
8.3;189.4;0.0;0.0
8.3;189.4;0.0;0.0
8.3;189.4;0.0;0.0
8.3;189.4;0.0;0.0
8.3;189.4;0.0;0.0
8.3;189.4;0.0;0.0
8.3;189.4;0.0;0.0
8.3;189.4;0.0;0.0
8.3;189.4;0.0;0.0
8.3;189.4;0.0;0.0
8.3;189.4;0.0;0.0
8.3;189.4;0.0;0.0
8.3;189.4;0.0;0.0
8.3;189.4;0.0;0.0
