6.6;43.3;9.3;0.0
8.3;50.6;9.0;0.0
8.3;53.9;11.1;0.0
7.5;59.3;9.5;0.0
8.3;64.0;4.8;0.0
8.3;67.1;12.2;0.0
8.3;69.4;4.6;0.0
6.6;66.8;10.6;0.0
9.1;69.7;5.4;0.0
8.3;74.7;4.9;0.0
7.5;77.9;4.5;0.0
8.3;82.8;16.8;0.0
8.3;84.2;3.3;0.0
7.5;87.7;20.1;0.0
6.6;93.1;16.8;0.0
8.3;96.6;16.6;0.0
8.3;99.6;13.0;0.0
7.5;103.8;17.4;0.0
7.5;106.5;12.4;0.0
8.3;111.7;15.9;0.0
65.6;127.6;8.5;0.0
39.9;134.3;20.4;0.0
8.3;140.3;12.7;0.0
8.3;141.7;0.2;0.0
8.3;146.1;9.4;0.0
7.5;148.2;11.4;0.0
8.3;155.9;21.1;0.0
8.3;161.4;9.2;0.0
8.3;162.0;0.0;0.0
8.3;162.0;0.0;0.0
8.3;162.0;0.0;0.0
8.3;162.0;0.0;0.0
8.3;162.0;0.0;0.0
9.1;162.1;0.0;0.0
8.3;162.1;0.0;0.0
8.3;162.1;0.0;0.0
8.3;162.1;0.0;0.0
8.3;162.1;0.0;0.0
77.8;170.4;0.0;0.0
94.8;171.3;2.3;0.0
5.8;172.4;9.2;0.0
8.3;172.4;0.0;0.0
8.3;172.6;0.0;0.0
8.3;172.6;0.0;0.0
9.1;172.6;0.0;0.0
8.3;172.6;0.0;0.0
9.1;172.6;0.0;0.0
8.3;172.6;0.0;0.0
8.3;172.6;0.0;0.0
8.3;172.6;0.0;0.0
8.3;172.6;0.0;0.0
8.3;172.6;0.0;0.0
8.3;172.6;0.0;0.0
8.3;172.6;0.0;0.0
8.3;172.6;0.0;0.0
8.3;172.6;0.0;0.0
8.3;172.6;0.0;0.0
8.3;172.6;0.0;0.0
8.3;172.6;0.0;0.0
8.3;172.6;0.0;0.0
