7.5;49.6;27.9;0.0
7.5;61.4;24.8;0.0
7.5;68.6;20.4;0.0
7.5;81.1;25.8;0.0
7.5;88.7;30.6;0.0
5.8;97.9;37.4;0.0
7.5;110.1;47.5;0.0
74.1;128.1;20.0;0.0
36.6;138.0;21.6;0.0
6.6;145.1;22.8;0.0
8.3;158.4;28.5;0.0
8.3;158.4;0.0;0.0
8.3;158.6;0.0;0.0
12.5;172.8;0.0;0.0
93.2;174.1;6.3;0.0
17.4;175.1;2.3;0.0
8.3;175.1;0.0;0.0
8.3;175.1;0.0;0.0
8.3;175.1;0.0;0.0
8.3;175.1;0.0;0.0
8.3;175.1;0.0;0.0
8.3;175.1;0.0;0.0
8.3;175.1;0.0;0.0
8.3;175.1;0.0;0.0
8.3;175.1;0.0;0.0
8.3;175.1;0.0;0.0
8.3;175.2;0.0;0.0
8.3;175.2;0.0;0.0
8.3;175.2;0.0;0.0
8.3;175.2;0.0;0.0
8.3;175.2;0.0;0.0
9.1;175.2;0.0;0.0
9.1;175.2;0.0;0.0
8.3;175.2;0.0;0.0
8.3;175.2;0.0;0.0
8.3;175.2;0.0;0.0
8.3;175.2;0.0;0.0
8.3;175.2;0.0;0.0
8.3;175.2;0.0;0.0
8.3;175.2;0.0;0.0
8.3;175.2;0.0;0.0
8.3;175.2;0.0;0.0
8.3;175.2;0.0;0.0
8.3;175.2;0.0;0.0
8.3;175.2;0.0;0.0
8.3;175.2;0.0;0.0
8.3;175.2;0.0;0.0
8.3;175.2;0.0;0.0
8.3;175.2;0.0;0.0
7.5;175.2;0.0;0.0
8.3;175.2;0.0;0.0
8.3;175.2;0.0;0.0
8.3;175.3;0.0;0.0
8.3;175.3;0.0;0.0
8.3;175.3;0.0;0.0
8.3;175.3;0.0;0.0
8.3;175.3;0.0;0.0
8.3;175.3;0.0;0.0
8.3;175.3;0.0;0.0
8.3;175.3;0.0;0.0
