5.8;45.4;11.1;0.0
8.3;53.8;14.4;0.0
8.3;61.2;14.2;0.0
8.3;66.9;9.0;0.0
8.3;71.4;12.4;0.0
5.8;71.1;13.0;0.0
8.3;77.5;8.5;0.0
8.3;83.5;15.9;0.0
8.3;87.0;8.7;0.0
7.5;92.5;23.7;0.0
7.5;97.3;20.4;0.0
8.3;102.0;20.0;0.0
6.6;107.4;23.3;0.0
8.3;114.5;24.8;0.0
51.6;130.5;6.3;0.0
52.3;137.9;18.9;0.0
7.5;145.5;16.4;0.0
8.3;149.1;5.8;0.0
7.5;152.1;14.6;0.0
8.3;163.9;28.8;0.0
8.3;166.7;2.0;0.0
8.3;166.7;0.0;0.0
8.3;166.7;0.0;0.0
8.3;166.9;0.0;0.0
8.3;166.9;0.0;0.0
8.3;166.9;0.0;0.0
27.7;173.1;0.0;0.0
99.5;173.7;0.7;0.0
54.9;174.1;3.2;0.0
3.3;175.2;6.5;0.0
8.3;175.2;0.0;0.0
8.3;175.4;0.0;0.0
8.3;175.4;0.0;0.0
8.3;175.4;0.0;0.0
8.3;175.4;0.0;0.0
8.3;175.4;0.0;0.0
8.3;175.4;0.0;0.0
8.3;175.4;0.0;0.0
8.3;175.4;0.0;0.0
8.3;175.4;0.0;0.0
8.3;175.4;0.0;0.0
8.3;175.4;0.0;0.0
8.3;175.4;0.0;0.0
8.3;175.4;0.0;0.0
8.3;175.4;0.0;0.0
8.3;175.4;0.0;0.0
8.3;175.4;0.0;0.0
8.3;175.4;0.0;0.0
8.3;175.4;0.0;0.0
8.3;175.4;0.0;0.0
8.3;175.5;0.0;0.0
8.3;175.5;0.0;0.0
8.3;175.5;0.0;0.0
9.1;175.5;0.0;0.0
8.3;175.5;0.0;0.0
8.3;175.5;0.0;0.0
8.3;175.5;0.0;0.0
8.3;175.5;0.0;0.0
8.3;175.5;0.0;0.0
8.3;175.5;0.0;0.0
