10.0;32.6;16.5;0.0
6.6;42.5;13.9;0.0
8.3;54.0;22.1;0.0
7.5;60.1;9.5;0.0
7.5;66.5;20.0;0.0
7.5;70.5;11.7;0.0
9.1;77.5;7.9;0.0
6.6;83.3;18.3;0.0
8.3;85.7;7.9;0.0
7.5;90.6;21.7;0.0
7.5;95.1;17.8;0.0
8.3;100.0;20.6;0.0
6.6;105.6;24.9;0.0
8.3;112.2;22.6;0.0
82.3;130.5;13.3;0.0
28.2;140.3;28.3;0.0
8.3;141.9;0.0;0.0
8.3;146.4;9.8;0.0
7.5;151.2;20.9;0.0
8.3;161.5;20.1;0.0
8.3;162.3;0.4;0.0
8.3;162.3;0.0;0.0
8.3;162.3;0.0;0.0
8.3;162.3;0.0;0.0
8.3;162.4;0.0;0.0
8.3;162.4;0.0;0.0
8.3;162.4;0.0;0.0
94.0;177.7;2.3;0.0
41.6;178.7;8.1;0.0
8.3;178.7;0.0;0.0
8.3;178.9;0.0;0.0
8.3;178.9;0.0;0.0
8.3;178.9;0.0;0.0
8.3;178.9;0.0;0.0
8.3;178.9;0.0;0.0
8.3;178.9;0.0;0.0
8.3;178.9;0.0;0.0
8.3;178.9;0.0;0.0
9.1;178.9;0.0;0.0
8.3;178.9;0.0;0.0
8.3;178.9;0.0;0.0
8.3;178.9;0.0;0.0
8.3;178.9;0.0;0.0
8.3;179.0;0.0;0.0
8.3;179.0;0.0;0.0
8.3;179.0;0.0;0.0
8.3;179.0;0.0;0.0
8.3;179.0;0.0;0.0
8.3;179.0;0.0;0.0
8.3;179.0;0.0;0.0
8.3;179.0;0.0;0.0
9.1;179.0;0.0;0.0
8.3;179.0;0.0;0.0
8.3;179.0;0.0;0.0
8.3;179.0;0.0;0.0
8.3;179.0;0.0;0.0
8.3;179.0;0.0;0.0
8.3;179.0;0.0;0.0
8.3;179.0;0.0;0.0
8.3;179.0;0.0;0.0
