6.6;38.3;7.8;0.0
7.5;41.2;6.6;0.0
8.3;48.2;8.4;0.0
7.5;52.0;11.0;0.0
8.3;56.4;8.4;0.0
7.5;59.4;5.1;0.0
8.3;63.7;8.5;0.0
8.3;66.7;8.0;0.0
7.5;69.5;9.1;0.0
7.5;70.9;8.3;0.0
8.3;75.7;5.1;0.0
7.5;78.9;4.5;0.0
8.3;83.8;16.8;0.0
8.3;85.2;3.3;0.0
8.3;87.3;15.1;0.0
6.6;92.0;14.4;0.0
8.3;94.9;12.2;0.0
7.5;97.8;12.0;0.0
8.3;100.9;14.6;0.0
8.3;105.2;16.4;0.0
7.5;107.1;10.0;0.0
8.3;112.8;17.5;0.0
46.1;130.6;3.7;0.0
60.6;135.1;9.6;0.0
7.5;139.3;15.6;0.0
8.3;145.1;12.7;0.0
8.3;145.9;0.0;0.0
8.3;146.7;0.0;0.0
9.1;148.4;2.8;0.0
8.3;151.1;6.8;0.0
7.5;151.7;6.0;0.0
8.3;156.1;15.3;0.0
8.3;163.9;16.8;0.0
8.3;166.6;3.6;0.0
8.3;167.1;0.0;0.0
7.5;167.1;0.0;0.0
8.3;167.1;0.0;0.0
8.3;167.1;0.0;0.0
8.3;167.1;0.0;0.0
8.3;167.3;0.0;0.0
8.3;167.3;0.0;0.0
8.3;167.3;0.0;0.0
8.3;167.3;0.0;0.0
8.3;167.3;0.0;0.0
8.3;167.3;0.0;0.0
8.3;167.3;0.0;0.0
8.3;167.3;0.0;0.0
35.7;177.7;0.0;0.0
93.9;178.0;0.7;0.0
48.1;178.7;3.4;0.0
5.8;179.6;6.7;0.0
8.3;179.9;0.0;0.0
8.3;179.9;0.0;0.0
8.3;179.9;0.0;0.0
8.3;179.9;0.0;0.0
8.3;179.9;0.0;0.0
8.3;179.9;0.0;0.0
8.3;179.9;0.0;0.0
8.3;179.9;0.0;0.0
8.3;179.9;0.0;0.0
