7.5;48.4;24.0;0.0
6.7;59.7;23.9;0.0
9.2;69.0;24.4;0.0
6.6;77.5;16.2;0.0
8.3;85.7;23.0;0.0
5.8;95.1;39.7;0.0
7.5;105.4;43.8;0.0
10.8;123.2;29.9;0.0
98.9;139.5;40.4;0.0
8.3;145.4;9.6;0.0
7.5;158.6;40.2;0.0
8.3;161.4;1.5;0.0
8.3;161.6;0.0;0.0
8.3;161.6;0.0;0.0
42.4;172.7;2.3;0.0
69.0;173.9;12.7;0.0
8.3;174.1;0.0;0.0
8.3;174.1;0.0;0.0
8.3;174.1;0.0;0.0
8.3;174.1;0.0;0.0
8.3;174.1;0.0;0.0
8.3;174.1;0.0;0.0
8.3;174.1;0.0;0.0
8.3;174.1;0.0;0.0
9.1;174.1;0.0;0.0
8.3;174.1;0.0;0.0
8.3;174.1;0.0;0.0
8.3;174.1;0.0;0.0
8.3;174.1;0.0;0.0
8.3;174.1;0.0;0.0
8.3;174.1;0.0;0.0
8.3;174.1;0.0;0.0
8.3;174.1;0.0;0.0
8.3;174.1;0.0;0.0
8.3;174.1;0.0;0.0
8.3;174.1;0.0;0.0
8.3;174.1;0.0;0.0
8.3;174.1;0.0;0.0
8.3;174.1;0.0;0.0
8.3;174.1;0.0;0.0
8.3;174.1;0.0;0.0
8.3;174.1;0.0;0.0
8.3;174.1;0.0;0.0
8.3;174.1;0.0;0.0
8.3;174.1;0.0;0.0
8.3;174.1;0.0;0.0
8.3;174.1;0.0;0.0
8.3;174.1;0.0;0.0
8.3;174.1;0.0;0.0
8.3;174.1;0.0;0.0
8.3;174.1;0.0;0.0
8.3;174.1;0.0;0.0
8.3;174.3;0.0;0.0
8.3;174.3;0.0;0.0
8.3;174.3;0.0;0.0
8.3;174.3;0.0;0.0
8.3;174.3;0.0;0.0
8.3;174.3;0.0;0.0
8.3;174.3;0.0;0.0
8.3;174.3;0.0;0.0
