6.6;44.1;9.4;0.0
7.5;48.1;8.4;0.0
8.3;55.2;11.3;0.0
6.6;61.6;12.7;0.0
8.3;65.3;6.7;0.0
8.3;67.9;2.8;0.0
8.3;71.6;12.7;0.0
7.5;74.4;6.5;0.0
6.6;76.5;8.8;0.0
8.3;79.3;4.9;0.0
8.3;83.6;3.8;0.0
7.5;86.7;4.5;0.0
8.3;91.1;16.4;0.0
8.3;92.5;2.3;0.0
8.3;94.1;8.8;0.0
7.5;98.5;15.7;0.0
6.6;101.6;12.0;0.0
8.3;103.6;10.0;0.0
8.3;106.4;11.2;0.0
8.3;108.4;8.4;0.0
7.5;112.2;15.6;0.0
8.3;113.8;8.9;0.0
8.3;118.3;13.8;0.0
7.5;120.5;9.2;0.0
72.0;134.6;5.9;0.0
35.7;140.6;13.9;0.0
9.1;148.8;21.8;0.0
8.3;149.7;0.0;0.0
8.3;150.6;0.2;0.0
6.6;153.4;5.6;0.0
9.1;155.5;4.0;0.0
6.6;157.5;13.0;0.0
8.3;162.5;14.3;0.0
8.3;168.0;11.8;0.0
9.1;170.4;2.4;0.0
7.5;170.8;0.0;0.0
8.3;170.8;0.0;0.0
8.3;170.8;0.0;0.0
9.1;170.8;0.0;0.0
8.3;170.8;0.0;0.0
8.3;170.8;0.0;0.0
8.3;170.8;0.0;0.0
8.3;170.9;0.0;0.0
9.1;170.9;0.0;0.0
8.3;170.9;0.0;0.0
8.3;170.9;0.0;0.0
8.3;170.9;0.0;0.0
8.3;170.9;0.0;0.0
8.3;170.9;0.0;0.0
23.8;177.2;0.0;0.0
99.0;177.4;0.0;0.0
67.3;178.1;2.3;0.0
2.5;179.1;12.7;0.0
8.3;179.1;0.0;0.0
8.3;179.1;0.0;0.0
8.3;179.3;0.0;0.0
8.3;179.3;0.0;0.0
8.3;179.3;0.0;0.0
8.3;179.3;0.0;0.0
8.3;179.3;0.0;0.0
