6.6;41.5;10.3;0.0
8.3;50.1;14.4;0.0
7.5;57.6;14.8;0.0
8.3;62.2;7.0;0.0
8.3;66.4;12.1;0.0
7.5;65.2;11.7;0.0
8.3;71.0;10.2;0.0
8.3;75.5;5.1;0.0
8.3;79.7;15.7;0.0
8.3;81.9;3.6;0.0
8.3;82.8;5.9;0.0
6.6;86.0;16.3;0.0
7.5;89.6;11.3;0.0
8.3;92.8;12.1;0.0
8.3;95.5;11.4;0.0
7.5;98.1;12.0;0.0
7.5;101.7;12.8;0.0
8.3;102.7;6.0;0.0
8.3;103.7;6.6;0.0
8.3;106.4;8.4;0.0
8.3;109.2;10.8;0.0
8.3;110.1;0.9;0.0
81.4;127.1;2.2;0.0
27.4;133.2;12.8;0.0
8.3;142.1;26.2;0.0
8.3;143.2;0.0;0.0
8.3;144.4;1.0;0.0
8.3;148.5;8.8;0.0
7.5;150.5;11.6;0.0
8.3;156.2;16.9;0.0
8.3;162.4;12.6;0.0
7.5;163.8;0.4;0.0
8.3;164.0;0.0;0.0
8.3;164.0;0.0;0.0
8.3;164.0;0.0;0.0
8.3;164.0;0.0;0.0
9.1;164.0;0.0;0.0
8.3;164.0;0.0;0.0
8.3;164.2;0.0;0.0
8.3;164.2;0.0;0.0
8.3;164.2;0.0;0.0
8.3;164.2;0.0;0.0
8.3;164.2;0.0;0.0
9.1;164.2;0.0;0.0
8.3;164.2;0.0;0.0
89.8;174.8;0.1;0.0
70.4;175.4;4.0;0.0
5.8;176.5;7.6;0.0
8.3;176.7;0.0;0.0
8.3;176.7;0.0;0.0
8.3;176.7;0.0;0.0
8.3;176.7;0.0;0.0
8.3;176.7;0.0;0.0
8.3;176.7;0.0;0.0
8.3;176.7;0.0;0.0
8.3;176.7;0.0;0.0
8.3;176.7;0.0;0.0
8.3;176.7;0.0;0.0
8.3;176.7;0.0;0.0
8.3;176.7;0.0;0.0
