6.6;38.0;21.0;0.0
7.5;51.4;23.1;0.0
7.5;61.2;16.8;0.0
7.5;63.9;24.2;0.0
8.3;73.4;12.1;0.0
7.5;81.0;22.2;0.0
7.5;88.9;34.3;0.0
7.5;95.8;29.0;0.0
7.5;102.7;30.0;0.0
17.5;124.5;20.1;0.0
91.4;134.1;25.2;0.0
9.1;142.2;15.2;0.0
8.3;147.5;9.8;0.0
8.3;156.9;32.7;0.0
8.3;162.7;8.8;0.0
7.5;162.7;0.0;0.0
8.3;162.7;0.0;0.0
9.2;162.8;0.0;0.0
8.3;162.8;0.0;0.0
35.8;175.4;0.0;0.0
92.3;176.3;4.7;0.0
10.0;177.1;5.6;0.0
8.3;177.3;0.0;0.0
9.1;177.3;0.0;0.0
8.3;177.3;0.0;0.0
7.5;177.3;0.0;0.0
8.3;177.3;0.0;0.0
9.1;177.3;0.0;0.0
8.3;177.3;0.0;0.0
8.3;177.3;0.0;0.0
8.3;177.3;0.0;0.0
8.3;177.3;0.0;0.0
8.3;177.3;0.0;0.0
8.3;177.3;0.0;0.0
8.3;177.3;0.0;0.0
8.3;177.4;0.0;0.0
8.3;177.4;0.0;0.0
8.3;177.4;0.0;0.0
8.3;177.4;0.0;0.0
8.3;177.4;0.0;0.0
8.3;177.4;0.0;0.0
8.3;177.4;0.0;0.0
9.1;177.4;0.0;0.0
8.3;177.4;0.0;0.0
9.1;177.4;0.0;0.0
8.3;177.4;0.0;0.0
7.5;177.4;0.0;0.0
8.3;177.4;0.0;0.0
8.3;177.4;0.0;0.0
8.3;177.4;0.0;0.0
8.3;177.4;0.0;0.0
8.3;177.4;0.0;0.0
8.3;177.4;0.0;0.0
8.3;177.4;0.0;0.0
8.3;177.4;0.0;0.0
8.3;177.4;0.0;0.0
8.3;177.4;0.0;0.0
8.3;177.4;0.0;0.0
9.1;177.4;0.0;0.0
8.3;177.4;0.0;0.0
