7.5;46.1;9.8;0.0
7.5;52.2;8.6;0.0
7.5;57.3;9.1;0.0
9.1;62.6;13.0;0.0
8.3;65.7;6.2;0.0
8.3;69.2;3.4;0.0
8.3;72.8;11.4;0.0
8.3;74.9;3.7;0.0
6.6;77.5;9.1;0.0
7.5;66.7;7.8;0.0
8.3;71.2;5.1;0.0
8.3;73.6;2.2;0.0
8.3;78.3;15.3;0.0
8.3;80.7;5.0;0.0
7.5;81.5;3.9;0.0
7.5;83.7;15.1;0.0
8.3;87.9;11.2;0.0
6.6;91.2;14.0;0.0
8.3;93.8;11.8;0.0
8.3;96.8;10.8;0.0
7.5;101.0;17.8;0.0
8.3;102.9;10.4;0.0
8.3;107.7;17.4;0.0
20.6;123.0;3.5;0.0
87.2;128.6;10.2;0.0
8.3;134.5;21.0;0.0
9.1;139.4;9.2;0.0
8.3;140.5;0.0;0.0
8.3;142.3;1.8;0.0
7.5;145.4;8.0;0.0
8.3;145.9;8.4;0.0
7.5;150.2;13.7;0.0
8.3;156.4;13.0;0.0
8.3;159.7;6.0;0.0
9.1;160.9;0.4;0.0
8.3;161.1;0.0;0.0
8.3;161.1;0.0;0.0
8.3;161.1;0.0;0.0
8.3;161.1;0.0;0.0
8.3;161.1;0.0;0.0
8.3;161.1;0.0;0.0
8.3;161.3;0.0;0.0
8.3;161.3;0.0;0.0
8.3;161.3;0.0;0.0
8.3;161.3;0.0;0.0
8.3;161.3;0.0;0.0
8.3;161.3;0.0;0.0
39.1;163.6;0.0;0.0
100.6;164.1;0.7;0.0
64.0;164.5;3.4;0.0
4.1;165.5;7.1;0.0
8.3;165.5;0.0;0.0
8.3;165.7;0.0;0.0
8.3;165.7;0.0;0.0
8.3;165.7;0.0;0.0
8.3;165.7;0.0;0.0
8.3;165.7;0.0;0.0
8.3;165.7;0.0;0.0
8.3;165.7;0.0;0.0
8.3;165.7;0.0;0.0
