7.5;40.6;8.4;0.0
7.5;45.1;7.4;0.0
8.3;50.0;5.6;0.0
7.5;54.7;7.4;0.0
7.5;60.8;10.7;0.0
7.5;65.0;8.2;0.0
8.3;68.4;5.0;0.0
8.3;72.7;11.6;0.0
8.3;75.1;4.8;0.0
6.6;74.8;8.9;0.0
8.3;77.3;6.9;0.0
7.5;80.5;3.8;0.0
8.3;82.8;1.9;0.0
8.3;85.7;4.3;0.0
8.3;88.9;12.2;0.0
8.3;90.7;4.6;0.0
8.3;92.0;3.3;0.0
7.5;93.1;7.8;0.0
7.5;95.4;12.3;0.0
7.5;98.9;10.3;0.0
7.5;101.4;9.3;0.0
7.5;103.3;8.2;0.0
9.1;104.4;5.6;0.0
9.1;105.8;4.6;0.0
6.6;107.5;8.8;0.0
8.3;111.6;15.2;0.0
7.5;113.0;9.1;0.0
8.3;117.8;15.5;0.0
14.9;133.1;5.9;0.0
90.5;141.4;11.0;0.0
9.1;146.0;17.3;0.0
8.3;151.0;12.3;0.0
8.3;152.5;0.6;0.0
8.3;153.5;0.2;0.0
8.3;155.9;3.6;0.0
8.3;158.1;6.0;0.0
8.3;160.8;14.2;0.0
8.3;168.7;20.1;0.0
8.3;172.5;6.8;0.0
7.5;173.8;0.4;0.0
8.3;173.8;0.0;0.0
8.3;173.8;0.0;0.0
8.3;173.8;0.0;0.0
8.3;173.8;0.0;0.0
8.3;173.8;0.0;0.0
8.3;173.8;0.0;0.0
8.3;174.0;0.0;0.0
8.3;174.0;0.0;0.0
8.3;174.0;0.0;0.0
8.3;174.0;0.0;0.0
8.3;174.0;0.0;0.0
8.3;174.0;0.0;0.0
8.3;174.0;0.0;0.0
24.1;182.2;0.0;0.0
94.3;182.5;0.0;0.0
90.5;183.2;2.0;0.0
6.6;183.6;8.7;0.0
5.8;184.4;5.7;0.0
8.3;184.4;0.0;0.0
8.3;184.4;0.0;0.0
