5.8;52.6;32.0;0.0
7.5;67.8;30.8;0.0
7.5;78.1;23.1;0.0
7.5;88.0;25.0;0.0
6.6;97.9;41.7;0.0
8.3;107.7;42.4;0.0
14.1;125.1;30.9;0.0
94.8;139.9;38.8;0.0
7.5;146.4;9.8;0.0
6.6;160.1;41.4;0.0
0.8;160.9;27.5;0.0
8.3;165.3;2.0;0.0
8.3;166.2;0.0;0.0
8.3;166.3;0.0;0.0
8.3;166.6;0.0;0.0
8.3;166.9;0.0;0.0
7.5;167.6;0.4;0.0
3.3;167.8;11.4;0.0
8.3;167.8;0.0;0.0
8.3;167.9;0.0;0.0
20.0;177.9;0.0;0.0
87.3;178.6;6.4;0.0
49.9;183.4;32.3;0.0
99.9;183.9;0.0;0.0
99.0;184.7;0.0;0.0
79.8;184.7;0.0;0.0
8.3;185.2;0.0;0.0
8.3;185.8;0.0;0.0
8.3;216.9;47.9;4.0
8.3;217.3;596.6;0.0
8.3;217.3;308.3;0.0
8.3;217.3;348.3;0.0
8.3;217.7;370.4;0.0
8.3;248.7;58.0;0.0
8.3;248.7;0.4;132.0
8.3;248.7;0.6;192.0
8.3;218.2;0.3;64.0
8.3;218.2;0.0;0.0
5.0;0.0;0.0;0.0
0.0;0.0;0.0;0.0
