5.8;44.7;32.4;0.0
8.3;58.0;26.3;0.0
7.5;64.0;23.9;0.0
7.5;77.2;27.3;0.0
5.8;85.5;35.3;0.0
6.6;94.6;40.8;0.0
6.6;105.3;37.5;0.0
90.7;127.6;41.6;0.0
19.9;133.9;9.8;0.0
7.5;147.8;41.5;0.0
1.7;148.3;20.0;0.0
7.5;152.8;11.3;0.0
8.3;152.9;0.0;0.0
8.3;153.7;0.0;0.0
8.3;153.8;0.0;0.0
8.3;154.3;0.0;0.0
9.1;154.3;0.0;0.0
8.3;154.3;0.0;0.0
8.3;155.2;0.3;0.0
2.5;155.3;8.7;0.0
8.3;155.3;0.0;0.0
7.5;155.3;0.0;0.0
8.3;155.3;0.0;0.0
92.3;194.2;7.0;0.0
72.4;199.4;18.3;0.0
97.4;198.2;0.1;0.0
100.6;199.8;0.0;0.0
34.9;201.4;0.0;0.0
8.3;201.4;0.0;0.0
9.1;201.4;0.0;0.0
8.3;201.4;0.0;0.0
8.3;201.6;0.3;4.0
8.3;232.5;591.8;0.0
8.3;232.7;306.0;0.0
8.3;232.7;357.5;0.0
8.3;232.7;339.6;0.0
8.3;264.0;133.1;0.0
8.3;264.0;0.4;132.0
8.3;264.0;0.4;128.0
8.3;264.0;0.2;64.0
8.3;233.6;0.3;64.0
6.6;0.0;0.0;0.0
0.0;0.0;0.0;0.0
