6.6;52.4;31.1;0.0
7.5;66.2;27.7;0.0
6.6;74.6;23.8;0.0
8.3;84.1;24.6;0.0
6.6;94.5;44.1;0.0
7.5;104.5;42.7;0.0
28.3;124.7;35.8;0.0
80.5;136.7;31.2;0.0
7.5;142.9;18.2;0.0
5.0;156.1;34.8;0.0
2.5;158.7;28.4;0.0
8.3;161.2;0.4;0.0
8.3;162.0;0.0;0.0
8.3;162.1;0.0;0.0
8.3;162.6;0.0;0.0
7.5;162.6;0.0;0.0
8.3;162.6;0.0;0.0
9.1;162.6;0.0;0.0
8.3;162.6;0.0;0.0
8.3;163.4;0.4;0.0
0.0;163.5;12.2;0.0
8.3;163.5;0.0;0.0
8.3;163.6;0.0;0.0
9.1;163.6;0.0;0.0
8.3;163.6;0.0;0.0
85.1;176.5;10.9;0.0
68.2;181.6;23.9;0.0
99.8;181.8;0.0;0.0
98.9;182.6;0.0;0.0
79.0;182.6;0.0;0.0
8.3;183.2;0.0;0.0
8.3;183.7;0.0;0.0
8.3;184.1;0.3;4.0
8.3;215.1;593.0;0.0
8.3;215.1;337.7;0.0
8.3;215.1;346.2;0.0
8.3;215.1;377.9;0.0
7.5;246.3;76.8;0.0
8.3;246.3;0.4;132.0
8.3;246.3;0.4;128.0
9.1;215.9;0.5;128.0
8.3;215.9;0.0;0.0
5.8;0.0;0.0;0.0
0.0;0.0;0.0;0.0
