25.0;45.9;26.2;0.0
7.5;60.1;27.9;0.0
6.6;66.1;28.1;0.0
8.3;80.1;29.8;0.0
6.7;87.6;27.2;0.0
5.8;97.2;40.6;0.0
6.6;109.5;47.7;0.0
74.9;131.1;32.6;0.0
35.8;139.9;12.8;0.0
7.5;154.7;43.9;0.0
1.7;156.2;15.5;0.0
5.8;161.2;20.1;0.0
8.3;161.4;0.0;0.0
8.3;162.1;0.0;0.0
8.3;162.2;0.0;0.0
9.2;162.2;0.0;0.0
8.3;162.2;0.0;0.0
8.3;162.7;0.0;0.0
10.0;163.5;0.4;0.0
1.7;163.6;11.1;0.0
8.3;163.6;0.0;0.0
11.7;178.0;0.0;0.0
94.3;178.5;10.9;0.0
62.3;183.3;23.0;0.0
99.0;183.6;0.0;0.0
99.8;184.3;0.0;0.0
63.2;184.8;0.0;0.0
8.3;185.3;0.0;0.0
8.3;216.5;141.4;4.0
8.3;216.7;550.0;0.0
8.3;216.7;352.1;0.0
8.3;216.7;335.1;0.0
9.1;248.0;344.9;0.0
8.3;248.0;0.6;0.0
8.3;248.0;0.6;196.0
8.3;248.0;0.4;128.0
8.3;217.7;0.3;64.0
8.3;217.7;0.0;0.0
2.5;0.0;0.0;0.0
0.0;0.0;0.0;0.0
