6.6;51.9;32.7;0.0
7.5;64.6;25.3;0.0
5.8;73.9;22.5;0.0
9.1;83.4;24.6;0.0
6.6;93.1;41.7;0.0
7.5;103.3;42.8;0.0
20.8;119.7;36.4;0.0
87.3;131.8;32.9;0.0
8.3;138.0;15.6;0.0
4.1;151.7;35.6;0.0
2.5;152.4;25.8;0.0
6.6;156.5;3.1;0.0
9.1;157.4;0.0;0.0
8.3;157.4;0.0;0.0
8.3;157.5;0.0;0.0
9.1;157.5;0.0;0.0
8.3;157.5;0.0;0.0
8.3;157.7;0.0;0.0
8.3;158.0;0.0;0.0
8.3;158.8;0.0;0.0
1.7;158.9;12.2;0.0
8.3;158.9;0.0;0.0
84.0;171.9;6.1;0.0
56.4;178.9;31.5;0.0
91.5;175.5;0.1;0.0
90.7;177.2;0.0;0.0
46.5;178.2;0.0;0.0
8.3;178.8;0.0;0.0
8.3;179.0;0.3;4.0
7.5;209.8;402.6;0.0
8.3;210.1;363.9;0.0
9.1;210.1;349.3;0.0
8.3;210.1;341.9;0.0
8.3;241.4;272.1;0.0
8.3;241.4;0.2;68.0
8.3;241.4;0.4;128.0
8.3;211.0;0.3;64.0
8.3;211.0;0.0;0.0
2.5;0.0;0.0;0.0
0.0;0.0;0.0;0.0
