23.3;41.0;28.6;0.0
8.3;56.5;33.3;0.0
6.6;66.4;25.1;0.0
8.3;78.3;27.1;0.0
6.6;87.3;36.9;0.0
7.5;95.8;40.2;0.0
7.5;105.9;35.3;0.0
98.2;130.3;41.4;0.0
12.5;136.9;9.8;0.0
6.6;150.5;41.5;0.0
0.8;151.2;28.5;0.0
8.3;155.6;0.7;0.0
8.3;156.3;0.0;0.0
8.3;156.4;0.0;0.0
8.3;157.0;0.0;0.0
8.3;157.8;0.4;0.0
2.5;157.9;9.9;0.0
8.3;157.9;0.0;0.0
8.3;158.0;0.0;0.0
92.3;176.8;7.3;0.0
66.5;180.4;19.6;0.0
90.7;180.6;0.0;0.0
99.8;182.3;0.0;0.0
19.1;183.8;0.0;0.0
8.3;183.8;0.0;0.0
7.5;184.3;0.3;4.0
8.3;215.3;610.1;0.0
8.3;215.3;304.0;0.0
8.3;215.3;315.2;0.0
8.3;215.3;341.6;0.0
7.5;246.6;152.9;0.0
9.1;246.6;0.4;132.0
8.3;246.6;0.4;132.0
8.3;246.6;0.2;64.0
8.3;216.1;0.3;64.0
7.5;0.0;0.0;0.0
0.0;0.0;0.0;0.0
