14.1;43.9;30.0;0.0
7.5;58.6;27.9;0.0
7.5;63.0;31.1;0.0
8.3;76.7;26.8;0.0
6.7;84.8;32.8;0.0
6.7;94.4;42.4;0.0
7.5;105.5;40.3;0.0
87.4;129.6;41.6;0.0
19.1;135.7;9.8;0.0
7.5;150.0;41.4;0.0
1.7;150.4;23.6;0.0
7.5;154.9;11.8;0.0
8.3;155.0;0.0;0.0
7.5;155.8;0.0;0.0
8.3;155.9;0.0;0.0
9.1;156.1;0.0;0.0
8.3;156.1;0.0;0.0
8.3;156.4;0.0;0.0
8.3;156.9;0.0;0.0
1.7;157.2;12.7;0.0
7.5;157.2;2.0;0.0
8.3;157.4;0.0;0.0
9.1;157.4;0.0;0.0
8.3;157.4;0.0;0.0
70.7;196.1;1.3;0.0
60.5;198.4;17.1;0.0
97.3;199.5;6.7;0.0
94.9;199.7;7.6;0.0
97.3;201.6;2.9;0.0
88.9;200.3;0.0;0.0
8.3;200.8;0.0;0.0
8.3;201.4;0.0;0.0
7.5;214.3;0.3;4.0
9.1;232.7;597.9;0.0
8.3;232.7;330.6;0.0
8.3;232.7;344.8;0.0
8.3;233.2;367.4;0.0
7.5;264.0;85.5;0.0
8.3;264.0;0.4;132.0
8.3;264.0;0.4;128.0
8.3;233.7;0.5;128.0
8.3;233.7;0.0;0.0
