19.9;46.1;29.9;0.0
6.6;60.5;29.2;0.0
7.5;68.9;24.5;0.0
8.3;80.8;27.7;0.0
5.8;89.8;35.7;0.0
7.5;100.2;45.8;0.0
7.5;110.0;31.1;0.0
99.2;130.9;41.2;0.0
10.0;137.1;13.0;0.0
5.0;150.8;40.0;0.0
3.3;155.1;29.4;0.0
7.5;155.9;0.4;0.0
8.3;156.7;0.0;0.0
8.3;156.8;0.0;0.0
9.1;156.8;0.0;0.0
8.3;156.8;0.0;0.0
8.3;157.0;0.0;0.0
8.3;157.3;0.0;0.0
5.8;158.1;2.2;0.0
4.2;158.1;7.9;0.0
8.3;158.3;0.0;0.0
30.0;172.3;0.1;0.0
87.3;177.8;17.8;0.0
77.4;180.3;12.3;0.0
99.4;180.3;0.0;0.0
99.4;179.1;0.0;0.0
24.9;179.6;0.0;0.0
8.3;180.1;0.0;0.0
8.3;211.3;215.3;4.0
8.3;211.5;509.9;0.0
8.3;211.5;360.4;0.0
9.1;211.5;348.4;0.0
8.3;242.8;288.9;0.0
8.3;242.8;0.2;68.0
8.3;242.8;0.4;128.0
8.3;212.5;0.3;64.0
7.5;212.5;0.0;0.0
2.5;0.0;0.0;0.0
0.0;0.0;0.0;0.0
