18.3;49.3;28.6;0.0
6.6;64.5;31.7;0.0
8.3;71.1;30.2;0.0
7.5;84.2;27.4;0.0
5.8;92.0;33.2;0.0
6.6;101.1;40.0;0.0
7.5;112.4;40.5;0.0
91.6;138.6;41.6;0.0
19.1;144.8;9.8;0.0
6.6;159.1;41.5;0.0
0.8;159.5;20.4;0.0
7.5;163.9;10.5;0.0
8.3;164.7;0.0;0.0
8.3;164.8;0.0;0.0
7.5;164.8;0.0;0.0
9.2;164.8;0.0;0.0
8.3;164.8;0.0;0.0
8.3;165.4;0.0;0.0
7.5;166.2;0.4;0.0
3.3;166.3;9.1;0.0
7.5;166.3;0.0;0.0
8.3;166.4;0.0;0.0
19.1;176.4;0.0;0.0
92.4;177.4;11.1;0.0
50.7;182.9;27.0;0.0
98.2;182.9;0.0;0.0
93.1;183.5;0.0;0.0
9.2;184.0;0.0;0.0
8.3;184.5;0.0;0.0
6.6;185.0;0.3;4.0
8.3;215.9;625.4;0.0
8.3;215.9;350.9;0.0
9.2;215.9;355.4;0.0
8.3;216.4;371.4;0.0
8.3;247.2;28.5;0.0
8.3;247.2;0.6;196.0
8.3;247.2;0.4;128.0
8.3;216.8;0.3;64.0
8.3;216.8;0.0;0.0
4.1;0.0;0.0;0.0
0.0;0.0;0.0;0.0
