16.6;47.1;29.0;0.0
8.3;61.8;31.3;0.0
6.7;65.7;26.6;0.0
7.5;77.2;26.3;0.0
7.5;86.1;35.9;0.0
7.5;94.9;41.6;0.0
6.6;105.3;36.1;0.0
95.7;129.5;41.6;0.0
14.1;135.9;9.8;0.0
7.5;149.6;41.5;0.0
1.7;150.0;23.8;0.0
7.5;154.7;4.1;0.0
8.3;155.6;0.0;0.0
8.3;155.7;0.0;0.0
8.3;156.0;0.0;0.0
8.3;156.2;0.0;0.0
9.1;156.2;0.0;0.0
8.3;156.2;0.0;0.0
8.3;157.1;0.0;0.0
2.5;157.1;9.3;0.0
7.5;157.3;2.5;0.0
8.3;157.3;0.0;0.0
77.3;192.1;5.0;0.0
69.9;197.3;25.3;0.0
94.0;195.7;0.1;0.0
99.8;197.5;0.0;0.0
69.0;198.6;0.0;0.0
8.3;199.1;0.0;0.0
7.5;199.3;0.3;4.0
7.5;230.3;364.5;0.0
8.3;230.4;380.6;0.0
8.3;230.4;333.6;0.0
8.3;230.4;336.5;0.0
9.1;261.8;315.6;0.0
7.5;261.8;0.8;0.0
8.3;261.8;0.6;196.0
8.3;261.8;0.4;128.0
8.3;231.4;0.3;64.0
8.3;231.4;0.0;0.0
4.2;0.0;0.0;0.0
0.0;0.0;0.0;0.0
