5.8;48.9;27.6;0.0
7.5;63.7;30.6;0.0
7.5;66.3;25.8;0.0
7.5;80.1;27.6;0.0
6.6;87.4;31.6;0.0
6.6;96.8;41.2;0.0
6.6;108.2;41.3;0.0
90.7;134.0;38.2;0.0
19.1;142.3;13.0;0.0
7.5;156.5;41.4;0.0
0.8;156.9;10.1;0.0
5.8;161.8;18.0;0.0
8.3;161.9;0.0;0.0
8.3;162.7;0.0;0.0
8.3;162.8;0.0;0.0
8.3;163.1;0.0;0.0
8.3;163.3;0.0;0.0
9.1;163.3;0.0;0.0
8.3;163.3;0.0;0.0
8.3;164.1;0.0;0.0
2.5;164.3;10.2;0.0
8.3;164.3;0.0;0.0
8.3;164.4;0.0;0.0
87.4;175.2;10.7;0.0
52.4;178.7;27.7;0.0
95.0;179.2;0.0;0.0
99.8;178.9;0.0;0.0
83.2;179.1;0.0;0.0
7.5;180.4;0.0;0.0
8.3;180.4;0.0;0.0
8.3;180.7;0.0;0.0
7.5;211.8;260.8;4.0
8.3;211.9;483.4;0.0
8.3;211.9;368.8;0.0
8.3;211.9;344.2;0.0
8.3;243.1;271.7;0.0
8.3;243.1;0.2;68.0
9.1;243.1;0.4;128.0
8.3;243.1;0.4;128.0
8.3;212.8;0.3;64.0
8.3;212.8;0.0;0.0
