26.6;46.9;28.2;0.0
8.3;60.3;26.3;0.0
7.5;66.3;29.8;0.0
8.3;80.1;26.8;0.0
5.8;87.9;31.6;0.0
7.5;97.3;40.4;0.0
7.5;108.9;43.5;0.0
86.5;131.2;34.8;0.0
22.4;141.2;16.4;0.0
7.5;155.4;41.6;0.0
1.7;155.9;21.2;0.0
7.5;160.4;11.1;0.0
8.3;160.6;0.0;0.0
8.3;161.3;0.0;0.0
7.5;161.4;0.0;0.0
8.3;161.4;0.0;0.0
8.3;162.0;0.0;0.0
9.1;162.0;0.0;0.0
9.2;162.0;0.0;0.0
8.3;162.0;0.0;0.0
7.5;162.8;0.3;0.0
0.8;162.8;11.0;0.0
7.5;162.8;1.2;0.0
8.3;163.0;0.0;0.0
9.1;163.0;0.0;0.0
8.3;163.0;0.0;0.0
79.9;177.8;8.9;0.0
72.4;182.8;24.3;0.0
97.3;183.1;0.0;0.0
99.8;181.9;0.0;0.0
35.7;182.4;0.0;0.0
8.3;183.0;0.0;0.0
7.5;183.0;0.0;0.0
8.3;183.4;0.3;4.0
8.3;214.2;467.9;0.0
8.3;214.3;367.8;0.0
8.3;214.3;363.6;0.0
8.3;214.3;362.6;0.0
8.3;245.5;166.7;0.0
8.3;245.5;0.4;132.0
9.1;245.5;0.4;128.0
8.3;245.5;0.2;64.0
8.3;215.2;0.3;64.0
7.5;0.0;0.0;0.0
0.0;0.0;0.0;0.0
