14.9;44.1;23.5;0.0
7.5;59.1;28.4;0.0
8.3;68.0;19.1;0.0
6.6;72.2;18.1;0.0
9.1;80.1;8.9;0.0
7.5;85.7;17.9;0.0
8.3;88.2;8.7;0.0
7.5;93.4;21.9;0.0
5.0;96.7;14.4;0.0
8.3;100.5;15.7;0.0
7.5;106.2;22.9;0.0
7.5;111.4;20.7;0.0
22.2;128.2;11.7;0.0
88.1;137.0;12.9;0.0
8.3;144.6;24.9;0.0
8.3;148.3;3.4;0.0
8.3;151.7;6.2;0.0
8.3;155.6;16.6;0.0
7.5;167.1;28.1;0.0
1.7;167.3;15.2;0.0
5.8;171.8;19.5;0.0
8.3;172.5;0.4;0.0
8.3;172.5;0.0;0.0
8.3;173.3;0.0;0.0
8.3;173.3;0.0;0.0
8.3;173.3;0.0;0.0
8.3;173.3;0.0;0.0
8.3;173.4;0.0;0.0
8.3;173.4;0.0;0.0
8.3;173.4;0.0;0.0
8.3;173.4;0.0;0.0
8.3;173.4;0.0;0.0
8.3;173.9;0.0;0.0
8.3;173.9;0.0;0.0
8.3;173.9;0.0;0.0
8.3;173.9;0.0;0.0
8.3;173.9;0.0;0.0
8.3;173.9;0.0;0.0
8.3;173.9;0.0;0.0
8.3;173.9;0.0;0.0
9.1;173.9;0.0;0.0
8.3;173.9;0.0;0.0
8.3;173.9;0.0;0.0
8.3;173.9;0.0;0.0
8.3;173.9;0.0;0.0
8.3;173.9;0.0;0.0
8.3;173.9;0.0;0.0
8.3;173.9;0.0;0.0
8.3;174.4;0.0;0.0
5.0;174.7;2.2;0.0
4.2;174.8;8.8;0.0
8.3;174.8;0.0;0.0
8.3;174.8;0.0;0.0
8.3;174.8;0.0;0.0
8.3;174.8;0.0;0.0
8.3;174.8;0.0;0.0
8.3;174.8;0.0;0.0
8.3;174.8;0.0;0.0
8.3;174.8;0.0;0.0
8.3;174.8;0.0;0.0
