5.8;47.8;30.1;0.0
8.3;61.8;27.5;0.0
7.5;65.1;25.7;0.0
7.5;77.9;26.4;0.0
6.6;85.7;31.4;0.0
6.6;94.6;36.4;0.0
6.6;106.8;47.5;0.0
75.8;130.5;37.8;0.0
32.4;137.4;9.2;0.0
7.5;150.1;39.5;0.0
2.5;153.1;11.7;0.0
5.0;157.9;23.5;0.0
8.3;158.3;0.0;0.0
8.3;159.0;0.0;0.0
8.3;159.0;0.0;0.0
9.2;159.0;0.0;0.0
8.3;159.1;0.0;0.0
8.3;159.1;0.0;0.0
7.5;159.1;0.0;0.0
8.3;159.1;0.0;0.0
8.3;159.6;0.0;0.0
8.3;159.6;0.0;0.0
8.3;159.6;0.0;0.0
8.3;159.6;0.0;0.0
8.3;159.6;0.0;0.0
9.2;159.6;0.0;0.0
8.3;159.6;0.0;0.0
8.3;159.6;0.0;0.0
8.3;159.6;0.0;0.0
7.5;159.6;0.0;0.0
8.3;160.4;0.4;0.0
2.5;160.5;11.8;0.0
8.3;160.5;0.0;0.0
8.3;160.5;0.0;0.0
8.3;160.5;0.0;0.0
8.3;160.5;0.0;0.0
8.3;160.5;0.0;0.0
8.3;160.5;0.0;0.0
8.3;160.5;0.0;0.0
8.3;160.5;0.0;0.0
37.3;172.9;1.1;0.0
75.4;176.2;26.2;0.0
74.9;176.5;5.5;0.0
99.0;176.5;0.0;0.0
99.3;178.3;0.0;0.0
31.6;179.3;0.0;0.0
8.3;179.9;0.0;0.0
8.3;179.9;0.0;0.0
8.3;179.9;0.0;0.0
8.3;177.5;0.2;0.0
8.3;209.0;345.1;4.0
8.3;209.2;432.7;0.0
8.3;209.2;340.0;0.0
8.3;209.2;327.3;0.0
8.3;240.6;282.4;0.0
8.3;240.6;0.2;68.0
8.3;240.6;0.4;128.0
8.3;240.6;0.4;128.0
8.3;210.2;0.3;64.0
8.3;210.2;0.0;0.0
