6.6;50.4;28.9;0.0
7.5;62.9;24.8;0.0
7.5;71.3;22.9;0.0
8.3;82.3;25.2;0.0
6.6;89.6;29.4;0.0
6.6;98.2;36.4;0.0
8.3;109.7;48.0;0.0
65.7;129.7;24.6;0.0
43.2;138.5;17.9;0.0
7.5;145.7;22.2;0.0
5.0;157.4;30.8;0.0
3.3;162.1;26.6;0.0
8.3;162.9;0.4;0.0
8.3;163.6;0.0;0.0
8.3;163.6;0.0;0.0
8.3;163.6;0.0;0.0
9.1;163.8;0.0;0.0
8.3;163.8;0.0;0.0
8.3;163.8;0.0;0.0
8.3;164.3;0.0;0.0
8.3;164.3;0.0;0.0
8.3;164.3;0.0;0.0
8.3;164.3;0.0;0.0
8.3;164.3;0.0;0.0
8.3;164.3;0.0;0.0
8.3;164.3;0.0;0.0
8.3;164.3;0.0;0.0
8.3;164.3;0.0;0.0
8.3;164.3;0.0;0.0
6.6;165.2;0.4;0.0
3.3;165.3;9.9;0.0
8.3;165.3;0.0;0.0
8.3;165.3;0.0;0.0
9.1;165.3;0.0;0.0
8.3;165.3;0.0;0.0
8.3;165.3;0.0;0.0
8.3;165.3;0.0;0.0
8.3;165.3;0.0;0.0
13.3;177.6;0.0;0.0
93.1;177.6;7.9;0.0
16.6;182.1;30.9;0.0
8.3;182.6;0.0;0.0
8.3;183.4;0.0;0.0
8.3;183.4;0.0;0.0
8.3;183.4;0.0;0.0
84.4;182.3;0.1;0.0
99.0;182.9;0.3;4.0
56.4;213.7;32.7;0.0
8.3;214.0;514.7;0.0
9.1;214.2;242.9;0.0
8.3;214.2;310.8;0.0
8.3;214.2;318.3;0.0
7.5;245.4;306.8;0.0
8.3;245.4;0.0;0.0
8.3;245.4;0.6;196.0
8.3;245.4;0.4;128.0
8.3;215.0;0.3;64.0
8.3;215.1;0.0;0.0
5.0;0.0;0.0;0.0
0.0;0.0;0.0;0.0
