5.8;51.7;23.2;0.0
7.5;63.5;25.7;0.0
7.5;72.6;22.0;0.0
7.5;77.8;14.9;0.0
8.3;88.0;23.4;0.0
7.5;94.9;26.2;0.0
8.3;102.8;34.6;0.0
6.6;111.1;35.8;0.0
32.4;134.6;26.6;0.0
75.6;144.2;30.1;0.0
9.1;151.4;7.6;0.0
7.5;158.4;28.3;0.0
4.2;167.4;21.9;0.0
3.3;172.1;25.9;0.0
8.3;172.7;0.4;0.0
8.3;172.7;0.0;0.0
8.3;173.4;0.0;0.0
8.3;173.4;0.0;0.0
8.3;173.4;0.0;0.0
8.3;173.6;0.0;0.0
9.1;173.6;0.0;0.0
8.3;173.6;0.0;0.0
8.3;173.6;0.0;0.0
8.3;173.6;0.0;0.0
8.3;174.0;0.0;0.0
8.3;174.0;0.0;0.0
8.3;174.0;0.0;0.0
8.3;174.0;0.0;0.0
8.3;174.0;0.0;0.0
8.3;174.0;0.0;0.0
8.3;174.0;0.0;0.0
8.3;174.0;0.0;0.0
8.3;174.0;0.0;0.0
8.3;174.0;0.0;0.0
8.3;174.0;0.0;0.0
8.3;174.0;0.0;0.0
8.3;174.0;0.0;0.0
8.3;174.0;0.0;0.0
6.6;174.8;0.4;0.0
3.3;175.0;10.4;0.0
8.3;175.0;0.0;0.0
8.3;175.0;0.0;0.0
8.3;175.0;0.0;0.0
8.3;175.0;0.0;0.0
8.3;175.0;0.0;0.0
8.3;175.0;0.0;0.0
8.3;175.0;0.0;0.0
8.3;175.0;0.0;0.0
8.3;175.0;0.0;0.0
10.0;179.2;0.0;0.0
96.5;181.2;4.9;0.0
39.3;185.3;31.9;0.0
99.8;186.7;0.0;0.0
98.2;186.7;0.0;0.0
99.8;186.7;0.0;0.0
99.8;187.6;0.0;0.0
36.6;188.1;0.0;0.0
8.3;188.1;0.0;0.0
8.3;188.6;0.0;0.0
8.3;188.6;0.0;0.0
