8.3;47.8;27.0;0.0
7.5;60.3;22.2;0.0
6.6;67.7;26.3;0.0
8.3;79.4;23.4;0.0
6.6;86.7;27.0;0.0
7.5;96.8;38.4;0.0
8.3;104.9;36.8;0.0
8.3;118.9;20.1;0.0
99.8;131.8;20.3;0.0
9.9;140.8;20.9;0.0
7.5;146.2;17.8;0.0
6.6;159.5;33.4;0.0
0.8;163.2;30.5;0.0
8.3;164.8;0.4;0.0
8.3;164.8;0.0;0.0
8.3;165.6;0.0;0.0
8.3;165.6;0.0;0.0
9.1;165.7;0.0;0.0
8.3;165.7;0.0;0.0
8.3;165.7;0.0;0.0
8.3;165.7;0.0;0.0
9.1;165.7;0.0;0.0
8.3;165.7;0.0;0.0
8.3;165.7;0.0;0.0
8.3;165.7;0.0;0.0
8.3;166.1;0.0;0.0
8.3;166.1;0.0;0.0
8.3;166.1;0.0;0.0
8.3;166.1;0.0;0.0
8.3;166.1;0.0;0.0
8.3;166.1;0.0;0.0
8.3;166.1;0.0;0.0
6.6;167.0;0.4;0.0
4.1;167.2;11.9;0.0
8.3;167.2;0.0;0.0
8.3;167.2;0.0;0.0
8.3;167.2;0.0;0.0
8.3;167.2;0.0;0.0
8.3;167.2;0.0;0.0
8.3;167.2;0.0;0.0
8.3;167.2;0.0;0.0
8.3;167.2;0.0;0.0
8.3;167.2;0.0;0.0
44.9;179.5;0.7;0.0
81.5;179.8;10.1;0.0
6.6;183.9;28.7;0.0
8.3;184.5;0.0;0.0
8.3;185.2;0.0;0.0
8.3;185.2;0.0;0.0
8.3;185.2;0.0;0.0
45.8;183.9;0.1;0.0
99.8;183.9;0.0;0.0
98.2;183.9;0.0;0.0
99.2;182.0;0.3;4.0
56.5;182.3;0.0;0.0
8.3;212.9;407.1;0.0
8.3;213.2;325.7;0.0
8.3;213.2;299.3;0.0
8.3;213.2;281.8;0.0
8.3;213.2;262.8;0.0
