10.0;50.5;23.8;0.0
6.6;63.4;27.5;0.0
8.3;62.1;26.6;0.0
6.6;73.9;18.5;0.0
7.5;80.8;30.8;0.0
6.6;90.7;37.0;0.0
9.1;99.3;36.2;0.0
10.0;118.4;27.1;0.0
97.2;132.5;25.6;0.0
10.8;140.5;15.6;0.0
8.3;145.6;9.8;0.0
7.5;151.6;25.1;0.0
4.2;159.2;18.4;0.0
3.3;164.0;30.9;0.0
8.3;164.7;0.4;0.0
8.3;164.7;0.0;0.0
8.3;165.4;0.0;0.0
8.3;165.4;0.0;0.0
8.3;165.4;0.0;0.0
8.3;165.5;0.0;0.0
8.3;165.5;0.0;0.0
8.3;165.5;0.0;0.0
9.1;166.0;0.0;0.0
8.3;166.0;0.0;0.0
8.3;166.0;0.0;0.0
8.3;166.0;0.0;0.0
8.3;166.0;0.0;0.0
8.3;166.0;0.0;0.0
8.3;166.0;0.0;0.0
8.3;166.0;0.0;0.0
8.3;166.0;0.0;0.0
8.3;166.0;0.0;0.0
8.3;166.0;0.0;0.0
8.3;166.0;0.0;0.0
8.3;166.0;0.0;0.0
8.3;166.0;0.0;0.0
8.3;166.8;0.3;0.0
2.5;166.9;10.7;0.0
8.3;166.9;0.0;0.0
8.3;166.9;0.0;0.0
8.3;166.9;0.0;0.0
8.3;166.9;0.0;0.0
8.3;166.9;0.0;0.0
8.3;166.9;0.0;0.0
8.3;166.9;0.0;0.0
8.3;166.9;0.0;0.0
8.3;166.9;0.0;0.0
8.3;166.9;0.0;0.0
19.1;195.2;0.0;0.0
91.5;195.9;1.3;0.0
13.3;197.9;32.6;0.0
93.1;199.4;0.5;0.0
98.1;199.4;0.0;0.0
99.8;199.4;0.0;0.0
99.8;201.2;0.0;0.0
45.7;202.3;0.0;0.0
8.3;202.8;0.0;0.0
8.3;202.8;0.0;0.0
8.3;202.8;0.0;0.0
8.3;202.8;0.0;0.0
