20.8;52.6;27.5;0.0
8.3;66.0;26.2;0.0
5.8;68.5;31.4;0.0
10.0;82.0;26.8;0.0
6.6;89.6;29.2;0.0
7.5;99.2;41.0;0.0
6.6;111.1;45.3;0.0
84.9;131.6;28.7;0.0
25.8;139.7;13.5;0.0
7.5;147.3;26.7;0.0
4.2;157.5;27.7;0.0
5.0;162.1;26.3;0.0
8.3;162.7;0.4;0.0
8.3;163.5;0.0;0.0
8.3;163.5;0.0;0.0
8.3;163.6;0.0;0.0
8.3;163.6;0.0;0.0
8.3;163.6;0.0;0.0
8.3;163.6;0.0;0.0
8.3;163.6;0.0;0.0
9.2;163.6;0.0;0.0
7.5;163.6;0.0;0.0
8.3;164.1;0.0;0.0
8.3;164.1;0.0;0.0
8.3;164.1;0.0;0.0
8.3;164.1;0.0;0.0
8.3;164.1;0.0;0.0
8.3;164.1;0.0;0.0
9.1;164.1;0.0;0.0
7.5;165.0;0.4;0.0
1.7;165.0;10.3;0.0
8.3;165.0;0.0;0.0
8.3;165.0;0.0;0.0
8.3;165.0;0.0;0.0
8.3;165.0;0.0;0.0
8.3;165.0;0.0;0.0
8.3;165.0;0.0;0.0
8.3;165.0;0.0;0.0
10.0;165.0;0.0;0.0
49.9;171.3;0.0;0.0
87.3;174.5;14.5;0.0
83.2;177.5;12.9;0.0
99.8;177.5;0.0;0.0
99.8;178.3;0.0;0.0
59.9;178.8;0.0;0.0
8.3;178.8;0.0;0.0
8.3;179.3;0.0;0.0
8.3;179.3;0.0;0.0
8.3;179.3;0.0;0.0
7.5;207.4;176.1;4.0
8.3;207.6;529.9;0.0
8.3;207.6;321.9;0.0
8.3;207.6;313.4;0.0
8.3;208.1;353.2;0.0
8.3;238.8;33.3;0.0
9.1;238.8;0.6;196.0
8.3;238.8;0.4;128.0
8.3;208.4;0.3;64.0
8.3;208.5;0.0;0.0
6.7;0.0;0.0;0.0
