8.3;53.7;19.7;0.0
7.5;61.6;16.0;0.0
8.3;69.4;16.4;0.0
7.5;70.3;16.6;0.0
8.3;79.9;13.0;0.0
7.5;85.8;18.7;0.0
6.6;91.7;24.5;0.0
6.6;98.5;29.6;0.0
7.5;106.0;31.4;0.0
8.3;113.8;28.1;0.0
71.0;131.9;11.6;0.0
36.6;142.1;30.0;0.0
8.3;144.9;1.0;0.0
7.5;150.6;21.0;0.0
6.6;162.2;29.3;0.0
0.8;163.0;29.8;0.0
8.3;167.4;2.9;0.0
8.3;167.5;0.0;0.0
8.3;168.3;0.0;0.0
8.3;168.3;0.0;0.0
8.3;168.3;0.0;0.0
8.3;168.3;0.0;0.0
8.3;168.3;0.0;0.0
9.1;168.4;0.0;0.0
8.3;168.4;0.0;0.0
8.3;168.4;0.0;0.0
8.3;168.4;0.0;0.0
8.3;168.4;0.0;0.0
8.3;168.4;0.0;0.0
8.3;168.4;0.0;0.0
8.3;168.4;0.0;0.0
8.3;168.4;0.0;0.0
8.3;168.9;0.0;0.0
8.3;168.9;0.0;0.0
8.3;168.9;0.0;0.0
8.3;168.9;0.0;0.0
8.3;168.9;0.0;0.0
8.3;168.9;0.0;0.0
9.1;168.9;0.0;0.0
8.3;168.9;0.0;0.0
8.3;168.9;0.0;0.0
8.3;169.4;0.0;0.0
4.2;169.7;2.2;0.0
4.2;169.8;10.8;0.0
8.3;169.8;0.0;0.0
8.3;169.8;0.0;0.0
8.3;169.8;0.0;0.0
8.3;169.8;0.0;0.0
8.3;169.8;0.0;0.0
8.3;169.8;0.0;0.0
8.3;169.8;0.0;0.0
8.3;169.8;0.0;0.0
8.3;169.8;0.0;0.0
9.1;169.8;0.0;0.0
8.3;169.8;0.0;0.0
95.5;178.2;1.2;0.0
36.6;181.4;43.7;0.0
82.4;182.1;3.2;0.0
99.8;182.1;0.0;0.0
99.0;182.1;0.0;0.0
