6.6;52.7;27.2;0.0
8.3;66.3;26.7;0.0
6.6;69.4;26.6;0.0
7.5;83.2;29.6;0.0
6.7;90.7;27.4;0.0
7.5;100.1;40.4;0.0
6.7;112.6;47.9;0.0
70.7;134.1;26.0;0.0
39.8;143.0;16.2;0.0
8.3;151.4;28.9;0.0
3.3;161.0;25.4;0.0
4.1;165.5;25.6;0.0
8.3;166.2;0.4;0.0
8.3;167.0;0.0;0.0
8.3;167.0;0.0;0.0
8.3;167.1;0.0;0.0
8.3;167.1;0.0;0.0
8.3;167.1;0.0;0.0
8.3;167.1;0.0;0.0
8.3;167.1;0.0;0.0
8.3;167.1;0.0;0.0
8.3;167.1;0.0;0.0
8.3;167.6;0.0;0.0
8.3;167.6;0.0;0.0
8.3;167.6;0.0;0.0
8.3;167.6;0.0;0.0
8.3;167.6;0.0;0.0
8.3;167.6;0.0;0.0
8.3;167.6;0.0;0.0
5.0;168.5;2.2;0.0
5.8;168.6;10.1;0.0
8.3;168.6;0.0;0.0
8.3;168.6;0.0;0.0
8.3;168.6;0.0;0.0
9.1;168.6;0.0;0.0
8.3;168.6;0.0;0.0
8.3;168.6;0.0;0.0
8.3;168.6;0.0;0.0
26.6;174.9;0.7;0.0
84.0;175.4;17.1;0.0
79.0;180.7;10.7;0.0
99.8;180.7;0.0;0.0
98.9;181.3;0.0;0.0
29.1;181.9;0.0;0.0
8.3;182.4;0.0;0.0
8.3;182.4;0.0;0.0
8.3;182.4;0.0;0.0
8.3;182.4;0.0;0.0
8.3;211.7;237.7;4.0
8.3;211.8;413.4;0.0
8.3;211.8;301.6;0.0
8.3;211.8;329.3;0.0
10.0;212.4;298.7;0.0
8.3;243.1;148.3;0.0
8.3;243.1;0.4;132.0
8.3;243.1;0.2;64.0
8.3;243.1;0.4;128.0
8.3;212.9;0.3;64.0
8.3;212.8;0.0;0.0
2.5;0.0;0.0;0.0
