21.6;42.8;27.3;0.0
6.6;57.2;29.0;0.0
7.5;64.0;29.2;0.0
8.3;77.2;26.6;0.0
8.3;85.1;33.9;0.0
6.6;94.4;40.7;0.0
7.5;105.7;40.5;0.0
90.7;132.1;37.6;0.0
19.1;140.0;7.8;0.0
8.3;152.3;38.7;0.0
1.7;156.2;18.8;0.0
5.0;160.6;22.4;0.0
8.3;161.2;0.4;0.0
8.3;162.0;0.0;0.0
8.3;162.0;0.0;0.0
8.3;162.1;0.0;0.0
7.5;162.1;0.0;0.0
9.2;162.1;0.0;0.0
8.3;162.1;0.0;0.0
8.3;162.1;0.0;0.0
8.3;162.1;0.0;0.0
8.3;162.1;0.0;0.0
8.3;162.6;0.0;0.0
8.3;162.6;0.0;0.0
8.3;162.6;0.0;0.0
8.3;162.6;0.0;0.0
8.3;162.6;0.0;0.0
8.3;162.6;0.0;0.0
9.2;162.6;0.0;0.0
8.3;163.4;0.0;0.0
2.5;163.4;9.7;0.0
7.5;163.5;2.7;0.0
8.3;163.5;0.0;0.0
8.3;163.5;0.0;0.0
8.3;163.5;0.0;0.0
8.3;163.5;0.0;0.0
8.3;163.5;0.0;0.0
8.3;163.5;0.0;0.0
8.3;163.5;0.0;0.0
56.6;179.9;1.3;0.0
58.2;182.2;31.9;0.0
95.3;183.4;3.5;0.0
100.6;185.3;0.0;0.0
63.2;186.4;0.0;0.0
8.3;186.9;0.0;0.0
8.3;186.9;0.0;0.0
8.3;186.9;0.0;0.0
7.5;185.1;0.3;4.0
8.3;216.0;310.6;0.0
8.3;216.3;444.2;0.0
8.3;216.3;345.5;0.0
8.3;216.3;334.6;0.0
8.3;247.6;291.3;0.0
8.3;247.6;0.2;68.0
8.3;247.6;0.4;128.0
8.3;247.6;0.4;128.0
8.3;217.3;0.3;64.0
8.3;217.2;0.0;0.0
3.3;0.0;0.0;0.0
0.0;0.0;0.0;0.0
