6.6;45.9;24.3;0.0
8.3;59.4;24.3;0.0
7.5;68.9;19.9;0.0
7.5;72.7;21.0;0.0
7.5;84.6;22.6;0.0
7.5;89.3;20.6;0.0
6.6;99.2;37.6;0.0
8.3;108.4;38.1;0.0
15.8;131.1;24.4;0.0
93.1;146.8;39.8;0.0
8.3;152.0;6.8;0.0
7.5;164.1;37.1;0.0
2.5;167.9;16.2;0.0
6.6;172.6;17.9;0.0
7.5;172.9;0.0;0.0
9.1;173.6;0.0;0.0
8.3;173.6;0.0;0.0
8.3;173.8;0.0;0.0
8.3;173.8;0.0;0.0
8.3;173.8;0.0;0.0
8.3;173.8;0.0;0.0
8.3;173.8;0.0;0.0
8.3;173.8;0.0;0.0
9.2;173.8;0.0;0.0
8.3;174.2;0.0;0.0
8.3;174.2;0.0;0.0
8.3;174.2;0.0;0.0
8.3;174.2;0.0;0.0
8.3;174.2;0.0;0.0
8.3;174.2;0.0;0.0
8.3;174.8;0.0;0.0
3.3;175.1;6.0;0.0
6.6;175.2;5.6;0.0
8.3;175.2;0.0;0.0
8.3;175.2;0.0;0.0
9.2;175.2;0.0;0.0
8.3;175.2;0.0;0.0
8.3;175.2;0.0;0.0
8.3;175.2;0.0;0.0
8.3;175.2;0.0;0.0
47.4;183.5;1.3;0.0
66.6;185.4;21.1;0.0
98.2;186.9;2.2;0.0
99.8;186.9;0.0;0.0
78.1;186.9;0.0;0.0
8.3;188.4;0.0;0.0
8.3;188.4;0.0;0.0
8.3;188.4;0.0;0.0
8.3;188.4;0.0;0.0
7.5;217.6;201.2;4.0
8.3;217.8;509.8;0.0
8.3;217.8;303.9;0.0
9.2;217.8;310.9;0.0
8.3;218.2;352.5;0.0
8.3;248.9;49.4;0.0
9.1;248.9;0.4;132.0
8.3;248.9;0.4;128.0
8.3;248.9;0.2;64.0
8.3;218.6;0.3;64.0
8.3;0.0;0.0;0.0
