8.3;47.8;31.7;0.0
6.6;63.0;31.4;0.0
8.3;67.9;23.2;0.0
7.5;79.4;26.0;0.0
5.8;87.7;35.6;0.0
6.6;95.8;34.8;0.0
8.3;107.5;43.5;0.0
70.7;133.8;34.6;0.0
36.6;140.8;8.2;0.0
8.3;149.7;32.9;0.0
3.3;158.3;21.6;0.0
5.0;162.6;26.5;0.0
8.3;163.3;0.4;0.0
8.3;164.1;0.0;0.0
8.3;164.1;0.0;0.0
8.3;164.2;0.0;0.0
8.3;164.2;0.0;0.0
7.5;164.2;0.0;0.0
9.2;164.2;0.0;0.0
8.3;164.2;0.0;0.0
8.3;164.2;0.0;0.0
8.3;164.2;0.0;0.0
8.3;164.7;0.0;0.0
8.3;164.7;0.0;0.0
8.3;164.7;0.0;0.0
7.5;164.7;0.0;0.0
9.1;164.7;0.0;0.0
8.3;164.7;0.0;0.0
8.3;164.7;0.0;0.0
8.3;165.5;0.0;0.0
3.3;165.5;7.4;0.0
5.8;165.7;7.5;0.0
8.3;165.7;0.0;0.0
8.3;165.7;0.0;0.0
8.3;165.7;0.0;0.0
8.3;165.7;0.0;0.0
8.3;165.7;0.0;0.0
8.3;165.7;0.0;0.0
9.2;165.7;0.0;0.0
23.3;178.1;0.3;0.0
88.9;178.1;11.9;0.0
63.6;183.6;28.1;0.0
99.0;183.8;0.0;0.0
99.8;184.4;0.0;0.0
69.8;184.9;0.0;0.0
8.3;184.9;0.0;0.0
8.3;185.4;0.0;0.0
7.5;185.4;0.0;0.0
8.3;185.4;0.0;0.0
8.3;183.7;0.4;4.0
8.3;214.7;442.5;0.0
8.3;214.9;357.8;0.0
9.1;214.9;341.7;0.0
9.1;214.9;354.1;0.0
8.3;246.2;231.3;0.0
8.3;246.2;0.2;68.0
8.3;246.2;0.4;128.0
8.3;246.2;0.4;128.0
8.3;215.9;0.3;64.0
8.3;215.9;0.0;0.0
