52.0;33.0;0.4;0.0
56.5;33.9;1.6;0.0
7.5;35.0;2.0;0.0
9.2;35.8;1.6;0.0
8.3;36.8;2.7;0.0
7.5;37.3;1.2;0.0
6.6;38.3;4.2;0.0
9.1;39.3;1.4;0.0
7.8;40.3;3.0;0.0
9.1;42.6;4.0;0.0
7.5;45.4;1.6;0.0
6.6;46.3;2.2;0.0
5.8;47.2;3.6;0.0
7.5;47.8;1.0;0.0
8.3;49.2;1.7;0.0
7.4;51.9;2.2;0.0
5.0;52.6;1.2;0.0
0.0;52.6;0.0;0.0
0.0;52.6;0.0;0.0
0.0;52.6;0.0;0.0
0.0;52.6;0.0;0.0
0.0;52.6;0.0;0.0
0.0;52.6;0.0;0.0
0.0;52.6;0.0;0.0
0.0;52.6;0.0;0.0
3.3;54.1;1.7;0.0
8.3;55.8;2.4;0.0
8.3;56.8;2.8;0.0
7.5;57.7;3.7;0.0
6.6;58.3;2.7;0.0
10.0;60.0;3.4;0.0
7.5;61.2;1.3;0.0
7.5;62.5;3.2;0.0
7.5;63.6;2.0;0.0
8.3;65.1;2.6;0.0
8.3;65.7;1.2;0.0
9.1;67.3;2.4;0.0
7.5;68.5;1.4;0.0
7.5;70.0;1.0;0.0
10.0;71.0;3.6;0.0
6.6;72.3;6.6;0.0
8.3;74.0;2.9;0.0
7.5;74.7;1.0;0.0
6.6;74.9;0.9;0.0
7.5;75.2;0.4;0.0
5.0;76.5;3.2;0.0
6.6;77.2;4.2;0.0
7.5;63.3;4.7;0.0
7.5;65.3;3.6;0.0
9.1;68.7;3.2;0.0
8.3;71.5;3.3;0.0
9.1;72.9;1.4;0.0
7.5;74.5;2.7;0.0
8.3;77.0;11.4;0.0
8.3;78.4;4.4;0.0
8.3;79.3;1.0;0.0
8.3;80.4;2.7;0.0
7.5;82.6;15.3;0.0
7.5;87.2;14.7;0.0
7.5;91.0;15.5;0.0
