6.6;53.4;34.2;0.0
8.3;64.7;23.9;0.0
5.8;74.7;21.9;0.0
7.5;84.2;24.6;0.0
7.5;93.1;36.7;0.0
7.5;103.3;43.4;0.0
8.3;113.2;32.5;0.0
98.2;133.6;37.8;0.0
10.8;142.0;13.0;0.0
6.6;156.8;40.3;0.0
9.2;157.7;0.5;0.0
8.3;158.0;1.6;0.0
7.5;158.3;0.0;0.0
7.5;192.6;248.8;4.0
8.3;193.1;334.4;0.0
8.3;224.5;26.8;0.0
8.3;224.5;0.4;132.0
8.3;224.5;0.6;192.0
9.1;194.2;0.3;44.0
8.3;194.3;0.0;0.0
5.0;0.0;0.0;0.0
0.0;0.0;0.0;0.0
0.0;0.0;0.0;0.0
0.0;0.0;0.0;0.0
0.0;0.0;0.0;0.0
0.0;0.0;0.0;0.0
0.0;0.0;0.0;0.0
0.0;0.0;0.0;0.0
0.0;0.0;0.0;0.0
0.0;0.0;0.0;0.0
0.0;0.0;0.0;0.0
0.0;0.0;0.0;0.0
0.0;0.0;0.0;0.0
0.0;0.0;0.0;0.0
0.0;0.0;0.0;0.0
0.0;0.0;0.0;0.0
0.0;0.0;0.0;0.0
0.0;0.0;0.0;0.0
0.0;0.0;0.0;0.0
0.0;0.0;0.0;0.0
0.0;0.0;0.0;0.0
0.0;0.0;0.0;0.0
0.0;0.0;0.0;0.0
0.0;0.0;0.0;0.0
0.0;0.0;0.0;0.0
0.0;0.0;0.0;0.0
0.0;0.0;0.0;0.0
0.0;0.0;0.0;0.0
0.0;0.0;0.0;0.0
0.0;0.0;0.0;0.0
0.0;0.0;0.0;0.0
0.0;0.0;0.0;0.0
0.0;0.0;0.0;0.0
0.0;0.0;0.0;0.0
0.0;0.0;0.0;0.0
0.0;0.0;0.0;0.0
0.0;0.0;0.0;0.0
0.0;0.0;0.0;0.0
0.0;0.0;0.0;0.0
0.0;0.0;0.0;0.0
