5.8;51.9;22.2;0.0
8.3;61.9;23.1;0.0
8.3;71.0;19.4;0.0
7.5;69.7;17.6;0.0
8.3;79.4;18.6;0.0
7.5;84.3;14.7;0.0
6.6;90.7;26.0;0.0
7.5;95.8;22.7;0.0
8.3;103.3;29.4;0.0
7.5;109.4;24.0;0.0
19.9;120.0;12.9;0.0
86.2;127.4;21.5;0.0
8.3;135.2;13.5;0.0
8.3;140.7;18.0;0.0
8.3;154.5;32.1;0.0
8.3;155.1;0.1;0.0
8.3;155.3;0.0;0.0
8.3;155.4;1.6;0.0
8.3;155.9;0.0;0.0
8.3;171.4;0.3;4.0
8.3;187.8;213.1;0.0
8.3;188.2;78.0;0.0
8.3;188.2;190.4;0.0
7.5;219.8;128.8;0.0
8.3;219.8;0.0;0.0
8.3;220.1;0.2;68.0
8.3;220.1;0.4;128.0
8.3;220.1;0.4;128.0
8.3;220.1;0.0;0.0
9.1;189.7;0.3;44.0
8.3;189.7;0.0;0.0
8.3;158.7;0.0;0.0
1.7;0.0;0.0;0.0
0.0;0.0;0.0;0.0
0.0;0.0;0.0;0.0
0.0;0.0;0.0;0.0
0.0;0.0;0.0;0.0
0.0;0.0;0.0;0.0
0.0;0.0;0.0;0.0
0.0;0.0;0.0;0.0
0.0;0.0;0.0;0.0
0.0;0.0;0.0;0.0
0.0;0.0;0.0;0.0
0.0;0.0;0.0;0.0
0.0;0.0;0.0;0.0
0.0;0.0;0.0;0.0
0.0;0.0;0.0;0.0
0.0;0.0;0.0;0.0
0.0;0.0;0.0;0.0
0.0;0.0;0.0;0.0
0.0;0.0;0.0;0.0
0.0;0.0;0.0;0.0
0.0;0.0;0.0;0.0
0.0;0.0;0.0;0.0
0.0;0.0;0.0;0.0
0.0;0.0;0.0;0.0
0.0;0.0;0.0;0.0
0.0;0.0;0.0;0.0
0.0;0.0;0.0;0.0
0.0;0.0;0.0;0.0
