6.6;53.0;20.4;0.0
8.3;63.0;16.1;0.0
7.5;71.3;23.0;0.0
8.3;70.9;14.9;0.0
8.3;78.9;21.3;0.0
7.5;83.8;23.4;0.0
7.5;91.5;28.4;0.0
7.5;97.7;28.6;0.0
7.5;105.4;26.7;0.0
32.5;114.8;15.6;0.0
83.2;120.3;15.9;0.0
8.3;129.6;18.7;0.0
7.5;134.5;12.8;0.0
8.3;147.5;36.9;0.0
8.3;149.1;0.4;0.0
8.3;149.5;0.1;0.0
8.3;149.5;0.0;0.0
8.3;149.8;1.6;0.0
7.5;150.5;0.3;4.0
8.3;184.0;170.1;0.0
8.3;184.7;200.6;0.0
8.3;184.7;128.6;0.0
9.1;184.7;76.2;0.0
7.5;216.1;33.6;0.0
8.3;216.1;0.0;0.0
8.3;216.4;0.4;132.0
8.3;216.4;0.4;128.0
8.3;216.4;0.2;64.0
8.3;185.9;0.3;44.0
8.3;186.0;0.0;0.0
8.3;186.0;0.0;0.0
2.5;0.0;0.0;0.0
0.0;0.0;0.0;0.0
0.0;0.0;0.0;0.0
0.0;0.0;0.0;0.0
0.0;0.0;0.0;0.0
0.0;0.0;0.0;0.0
0.0;0.0;0.0;0.0
0.0;0.0;0.0;0.0
0.0;0.0;0.0;0.0
0.0;0.0;0.0;0.0
0.0;0.0;0.0;0.0
0.0;0.0;0.0;0.0
0.0;0.0;0.0;0.0
0.0;0.0;0.0;0.0
0.0;0.0;0.0;0.0
0.0;0.0;0.0;0.0
0.0;0.0;0.0;0.0
0.0;0.0;0.0;0.0
0.0;0.0;0.0;0.0
0.0;0.0;0.0;0.0
0.0;0.0;0.0;0.0
0.0;0.0;0.0;0.0
0.0;0.0;0.0;0.0
0.0;0.0;0.0;0.0
0.0;0.0;0.0;0.0
0.0;0.0;0.0;0.0
0.0;0.0;0.0;0.0
0.0;0.0;0.0;0.0
0.0;0.0;0.0;0.0
