7.5;56.4;24.5;0.0
8.3;65.9;15.0;0.0
7.5;73.0;21.8;0.0
7.5;67.8;14.9;0.0
8.3;75.9;21.3;0.0
7.5;80.8;23.4;0.0
6.6;88.5;28.2;0.0
7.5;93.5;23.4;0.0
8.3;102.7;32.5;0.0
41.0;110.5;13.2;0.0
74.0;119.7;25.3;0.0
8.3;127.1;11.8;0.0
8.3;132.0;17.6;0.0
7.5;146.2;32.1;0.0
8.3;146.5;0.1;0.0
8.3;146.8;0.0;0.0
8.3;146.9;1.5;0.0
7.5;147.4;0.0;0.0
8.3;147.4;0.0;0.0
8.3;181.2;74.0;4.0
9.1;181.8;268.4;0.0
8.3;182.0;205.6;0.0
6.6;213.2;62.6;0.0
9.1;213.5;0.0;0.0
8.3;213.5;0.2;68.0
8.3;213.5;0.4;128.0
8.3;213.5;0.4;128.0
8.3;213.5;0.0;0.0
8.3;183.2;0.3;48.0
8.3;183.3;0.0;0.0
4.1;0.0;0.0;0.0
0.0;0.0;0.0;0.0
0.0;0.0;0.0;0.0
0.0;0.0;0.0;0.0
0.0;0.0;0.0;0.0
0.0;0.0;0.0;0.0
0.0;0.0;0.0;0.0
0.0;0.0;0.0;0.0
0.0;0.0;0.0;0.0
0.0;0.0;0.0;0.0
0.0;0.0;0.0;0.0
0.0;0.0;0.0;0.0
0.0;0.0;0.0;0.0
0.0;0.0;0.0;0.0
0.0;0.0;0.0;0.0
0.0;0.0;0.0;0.0
0.0;0.0;0.0;0.0
0.0;0.0;0.0;0.0
0.0;0.0;0.0;0.0
0.0;0.0;0.0;0.0
0.0;0.0;0.0;0.0
0.0;0.0;0.0;0.0
0.0;0.0;0.0;0.0
0.0;0.0;0.0;0.0
0.0;0.0;0.0;0.0
0.0;0.0;0.0;0.0
0.0;0.0;0.0;0.0
0.0;0.0;0.0;0.0
0.0;0.0;0.0;0.0
0.0;0.0;0.0;0.0
