13.3;40.8;11.3;0.0
6.6;48.7;14.4;0.0
8.3;57.6;10.6;0.0
7.5;63.0;14.1;0.0
8.3;66.6;7.3;0.0
8.3;71.5;5.9;0.0
8.3;77.4;16.6;0.0
7.5;65.3;17.7;0.0
8.3;72.5;11.5;0.0
8.3;77.4;16.5;0.0
7.5;83.3;25.7;0.0
7.5;89.7;27.8;0.0
7.5;96.4;24.6;0.0
7.5;99.7;18.2;0.0
8.3;104.9;15.9;0.0
76.2;118.8;8.4;0.0
30.0;129.3;30.9;0.0
8.3;132.7;2.5;0.0
7.5;137.5;9.6;0.0
7.5;140.0;13.6;0.0
8.3;146.7;17.7;0.0
8.3;152.5;9.3;0.0
8.3;152.6;0.1;0.0
8.3;152.8;0.0;0.0
8.3;152.8;0.0;0.0
9.1;152.9;1.5;0.0
7.5;152.9;0.0;0.0
8.3;153.4;0.0;0.0
8.3;153.4;0.0;0.0
8.3;155.9;0.3;4.0
8.3;187.3;54.1;0.0
8.3;187.3;159.0;0.0
8.3;188.0;59.8;0.0
8.3;188.0;141.0;0.0
8.3;188.0;72.2;0.0
8.3;194.0;122.6;0.0
8.3;219.4;1.6;0.0
8.3;219.4;0.0;0.0
8.3;219.4;0.0;0.0
8.3;219.4;0.2;68.0
8.3;219.7;0.2;64.0
8.3;219.7;0.4;128.0
8.3;219.7;0.2;64.0
8.3;219.7;0.0;0.0
8.3;189.2;0.3;44.0
8.3;189.3;0.0;0.0
8.3;189.3;0.0;0.0
8.3;189.3;0.0;0.0
4.1;0.0;0.0;0.0
0.0;0.0;0.0;0.0
0.0;0.0;0.0;0.0
0.0;0.0;0.0;0.0
0.0;0.0;0.0;0.0
0.0;0.0;0.0;0.0
0.0;0.0;0.0;0.0
0.0;0.0;0.0;0.0
0.0;0.0;0.0;0.0
0.0;0.0;0.0;0.0
0.0;0.0;0.0;0.0
0.0;0.0;0.0;0.0
