8.3;39.9;23.5;0.0
7.5;53.8;26.3;0.0
7.5;62.3;17.3;0.0
8.3;60.9;18.8;0.0
8.3;69.9;11.1;0.0
7.5;76.6;20.1;0.0
7.5;81.5;23.8;0.0
7.5;89.4;31.0;0.0
8.3;97.0;29.4;0.0
7.5;104.9;30.1;0.0
48.1;117.3;8.5;0.0
64.8;129.2;33.1;0.0
8.3;133.4;4.8;0.0
7.5;139.7;24.7;0.0
8.3;150.5;20.9;0.0
8.3;150.8;0.1;0.0
8.3;150.8;0.0;0.0
9.1;150.8;0.0;0.0
8.3;153.0;1.5;0.0
7.5;151.9;0.3;4.0
8.3;187.3;158.1;0.0
8.3;187.9;195.8;0.0
8.3;187.9;199.5;0.0
5.8;219.3;55.7;0.0
8.3;219.3;0.0;0.0
8.3;219.3;0.2;68.0
8.3;219.6;0.2;64.0
8.3;219.6;0.4;128.0
8.3;219.6;0.2;64.0
8.3;189.2;0.3;44.0
8.3;189.2;0.0;0.0
8.3;0.0;0.0;0.0
0.8;0.0;0.0;0.0
0.0;0.0;0.0;0.0
0.0;0.0;0.0;0.0
0.0;0.0;0.0;0.0
0.0;0.0;0.0;0.0
0.0;0.0;0.0;0.0
0.0;0.0;0.0;0.0
0.0;0.0;0.0;0.0
0.0;0.0;0.0;0.0
0.0;0.0;0.0;0.0
0.0;0.0;0.0;0.0
0.0;0.0;0.0;0.0
0.0;0.0;0.0;0.0
0.0;0.0;0.0;0.0
0.0;0.0;0.0;0.0
0.0;0.0;0.0;0.0
0.0;0.0;0.0;0.0
0.0;0.0;0.0;0.0
0.0;0.0;0.0;0.0
0.0;0.0;0.0;0.0
0.0;0.0;0.0;0.0
0.0;0.0;0.0;0.0
0.0;0.0;0.0;0.0
0.0;0.0;0.0;0.0
0.0;0.0;0.0;0.0
0.0;0.0;0.0;0.0
0.0;0.0;0.0;0.0
0.0;0.0;0.0;0.0
