7.5;46.7;17.5;0.0
7.5;57.4;23.6;0.0
8.3;64.9;17.6;0.0
6.6;71.8;19.1;0.0
8.3;80.8;20.2;0.0
7.5;85.4;17.4;0.0
7.5;94.2;33.2;0.0
7.5;100.4;30.0;0.0
7.5;110.2;37.2;0.0
41.2;123.0;1.7;0.0
69.0;131.1;11.0;0.0
10.0;142.0;30.2;0.0
8.3;145.8;4.0;0.0
8.3;152.8;27.1;0.0
8.3;163.1;19.3;0.0
8.3;163.4;0.1;0.0
8.3;163.4;0.0;0.0
8.3;163.6;1.5;0.0
8.3;163.6;0.0;0.0
8.3;164.0;0.0;0.0
7.5;197.8;86.0;4.0
8.3;198.4;235.8;0.0
8.3;198.4;182.6;0.0
8.3;229.9;103.8;0.0
8.3;230.2;0.0;0.0
9.2;230.2;0.4;132.0
8.3;230.2;0.5;164.0
8.3;230.2;0.1;28.0
8.3;199.9;0.3;44.0
8.3;199.9;0.0;0.0
3.3;0.0;0.0;0.0
0.0;0.0;0.0;0.0
0.0;0.0;0.0;0.0
0.0;0.0;0.0;0.0
0.0;0.0;0.0;0.0
0.0;0.0;0.0;0.0
0.0;0.0;0.0;0.0
0.0;0.0;0.0;0.0
0.0;0.0;0.0;0.0
0.0;0.0;0.0;0.0
0.0;0.0;0.0;0.0
0.0;0.0;0.0;0.0
0.0;0.0;0.0;0.0
0.0;0.0;0.0;0.0
0.0;0.0;0.0;0.0
0.0;0.0;0.0;0.0
0.0;0.0;0.0;0.0
0.0;0.0;0.0;0.0
0.0;0.0;0.0;0.0
0.0;0.0;0.0;0.0
0.0;0.0;0.0;0.0
0.0;0.0;0.0;0.0
0.0;0.0;0.0;0.0
0.0;0.0;0.0;0.0
0.0;0.0;0.0;0.0
0.0;0.0;0.0;0.0
0.0;0.0;0.0;0.0
0.0;0.0;0.0;0.0
0.0;0.0;0.0;0.0
0.0;0.0;0.0;0.0
