7.5;47.5;13.6;0.0
8.3;57.4;20.8;0.0
7.5;64.0;9.5;0.0
8.3;70.2;17.2;0.0
6.6;66.1;14.6;0.0
8.3;72.9;7.3;0.0
8.3;78.8;18.9;0.0
8.3;80.4;3.3;0.0
7.5;85.8;22.7;0.0
6.6;91.6;25.2;0.0
8.3;96.7;24.0;0.0
7.5;102.1;21.7;0.0
8.3;107.8;18.6;0.0
78.8;123.4;11.4;0.0
25.8;134.0;30.2;0.0
8.3;136.3;0.6;0.0
8.3;140.2;9.2;0.0
7.5;141.0;8.4;0.0
8.3;150.0;24.1;0.0
7.5;155.4;8.0;0.0
8.3;155.8;0.1;0.0
8.3;155.8;0.0;0.0
9.2;155.9;1.6;0.0
7.5;156.4;0.0;0.0
7.5;190.2;140.6;4.0
8.3;190.8;220.0;0.0
8.3;191.0;201.9;0.0
8.3;222.3;45.1;0.0
8.3;222.5;0.0;0.0
9.1;222.5;0.4;132.0
8.3;222.5;0.4;128.0
8.3;222.5;0.2;64.0
8.3;192.2;0.3;44.0
8.3;192.2;0.0;0.0
8.3;154.8;0.0;0.0
0.8;0.0;0.0;0.0
0.0;0.0;0.0;0.0
0.0;0.0;0.0;0.0
0.0;0.0;0.0;0.0
0.0;0.0;0.0;0.0
0.0;0.0;0.0;0.0
0.0;0.0;0.0;0.0
0.0;0.0;0.0;0.0
0.0;0.0;0.0;0.0
0.0;0.0;0.0;0.0
0.0;0.0;0.0;0.0
0.0;0.0;0.0;0.0
0.0;0.0;0.0;0.0
0.0;0.0;0.0;0.0
0.0;0.0;0.0;0.0
0.0;0.0;0.0;0.0
0.0;0.0;0.0;0.0
0.0;0.0;0.0;0.0
0.0;0.0;0.0;0.0
0.0;0.0;0.0;0.0
0.0;0.0;0.0;0.0
0.0;0.0;0.0;0.0
0.0;0.0;0.0;0.0
0.0;0.0;0.0;0.0
0.0;0.0;0.0;0.0
