7.5;53.4;25.1;0.0
8.3;62.8;16.4;0.0
7.5;66.6;22.6;0.0
8.3;76.4;14.7;0.0
7.5;82.4;18.5;0.0
8.3;86.1;20.0;0.0
6.6;94.7;30.8;0.0
8.3;102.9;32.8;0.0
7.5;111.1;31.9;0.0
52.7;121.7;6.6;0.0
56.4;130.7;26.2;0.0
8.3;137.1;8.8;0.0
8.3;142.2;13.0;0.0
7.5;155.1;37.0;0.0
8.3;156.8;0.4;0.0
9.2;157.0;0.1;0.0
8.3;157.2;0.0;0.0
8.3;157.4;1.5;0.0
7.5;157.8;0.0;0.0
8.3;189.6;78.9;4.0
8.3;190.3;226.7;0.0
8.3;190.3;188.4;0.0
8.3;221.7;116.0;0.0
8.3;222.0;0.0;0.0
8.3;222.0;0.4;132.0
8.3;222.0;0.4;128.0
8.3;222.0;0.2;64.0
8.3;222.0;0.0;0.0
8.3;191.7;0.3;48.0
8.3;191.7;0.0;0.0
7.5;0.0;0.0;0.0
0.0;0.0;0.0;0.0
0.0;0.0;0.0;0.0
0.0;0.0;0.0;0.0
0.0;0.0;0.0;0.0
0.0;0.0;0.0;0.0
0.0;0.0;0.0;0.0
0.0;0.0;0.0;0.0
0.0;0.0;0.0;0.0
0.0;0.0;0.0;0.0
0.0;0.0;0.0;0.0
0.0;0.0;0.0;0.0
0.0;0.0;0.0;0.0
0.0;0.0;0.0;0.0
0.0;0.0;0.0;0.0
0.0;0.0;0.0;0.0
0.0;0.0;0.0;0.0
0.0;0.0;0.0;0.0
0.0;0.0;0.0;0.0
0.0;0.0;0.0;0.0
0.0;0.0;0.0;0.0
0.0;0.0;0.0;0.0
0.0;0.0;0.0;0.0
0.0;0.0;0.0;0.0
0.0;0.0;0.0;0.0
0.0;0.0;0.0;0.0
0.0;0.0;0.0;0.0
0.0;0.0;0.0;0.0
0.0;0.0;0.0;0.0
0.0;0.0;0.0;0.0
