7.5;49.5;13.2;0.0
6.6;58.4;16.3;0.0
8.3;64.9;12.1;0.0
7.5;69.6;5.8;0.0
9.1;74.7;14.6;0.0
7.5;74.3;16.9;0.0
8.3;81.7;7.7;0.0
8.3;88.0;19.1;0.0
7.5;89.8;6.9;0.0
7.5;95.3;20.9;0.0
7.5;100.4;23.0;0.0
7.5;106.3;27.8;0.0
8.3;115.8;36.2;0.0
44.1;132.4;3.5;0.0
59.8;138.9;17.8;0.0
8.3;147.2;20.8;0.0
8.3;148.6;0.2;0.0
7.5;151.2;3.2;0.0
7.5;153.9;12.8;0.0
8.3;162.6;24.9;0.0
8.3;168.3;9.5;0.0
8.3;168.5;0.0;0.0
8.3;168.6;0.1;0.0
8.3;168.8;0.0;0.0
8.3;168.8;0.0;0.0
7.5;169.5;1.5;0.0
8.3;170.4;0.3;4.0
7.5;201.4;212.5;0.0
8.3;201.8;211.2;0.0
8.3;204.6;183.2;0.0
7.5;233.4;1.6;0.0
9.1;233.4;0.0;0.0
8.3;233.4;0.0;0.0
8.3;233.6;0.2;68.0
8.3;233.6;0.2;64.0
8.3;233.6;0.2;64.0
8.3;233.6;0.2;64.0
8.3;233.6;0.2;64.0
8.3;233.6;0.0;0.0
9.1;203.2;0.3;44.0
8.3;203.2;0.0;0.0
8.3;203.2;0.0;0.0
9.1;0.0;0.0;0.0
0.0;0.0;0.0;0.0
0.0;0.0;0.0;0.0
0.0;0.0;0.0;0.0
0.0;0.0;0.0;0.0
0.0;0.0;0.0;0.0
0.0;0.0;0.0;0.0
0.0;0.0;0.0;0.0
0.0;0.0;0.0;0.0
0.0;0.0;0.0;0.0
0.0;0.0;0.0;0.0
0.0;0.0;0.0;0.0
0.0;0.0;0.0;0.0
0.0;0.0;0.0;0.0
0.0;0.0;0.0;0.0
0.0;0.0;0.0;0.0
0.0;0.0;0.0;0.0
0.0;0.0;0.0;0.0
