8.3;45.7;24.7;0.0
6.6;54.6;14.6;0.0
9.2;61.3;20.2;0.0
7.5;68.1;14.2;0.0
8.3;76.2;21.3;0.0
6.6;80.6;21.2;0.0
7.5;88.8;31.2;0.0
7.5;94.7;26.2;0.0
7.5;101.1;25.3;0.0
18.3;114.6;12.0;0.0
86.5;123.2;12.9;0.0
15.0;134.7;28.3;0.0
8.3;139.7;9.8;0.0
7.5;152.6;40.2;0.0
8.3;154.8;0.4;0.0
8.3;155.0;0.1;0.0
8.3;155.0;0.0;0.0
8.3;155.1;1.5;0.0
8.3;155.6;0.0;0.0
7.5;191.4;60.2;4.0
8.3;192.0;268.6;0.0
8.3;192.0;194.6;0.0
8.3;223.4;86.0;0.0
8.3;223.6;0.0;0.0
8.3;223.6;0.1;36.0
8.3;223.9;0.3;96.0
8.3;223.9;0.4;128.0
8.3;223.9;0.2;64.0
8.3;193.4;0.3;44.0
8.3;193.5;0.0;0.0
8.3;0.0;0.0;0.0
1.7;0.0;0.0;0.0
0.0;0.0;0.0;0.0
0.0;0.0;0.0;0.0
0.0;0.0;0.0;0.0
0.0;0.0;0.0;0.0
0.0;0.0;0.0;0.0
0.0;0.0;0.0;0.0
0.0;0.0;0.0;0.0
0.0;0.0;0.0;0.0
0.0;0.0;0.0;0.0
0.0;0.0;0.0;0.0
0.0;0.0;0.0;0.0
0.0;0.0;0.0;0.0
0.0;0.0;0.0;0.0
0.0;0.0;0.0;0.0
0.0;0.0;0.0;0.0
0.0;0.0;0.0;0.0
0.0;0.0;0.0;0.0
0.0;0.0;0.0;0.0
0.0;0.0;0.0;0.0
0.0;0.0;0.0;0.0
0.0;0.0;0.0;0.0
0.0;0.0;0.0;0.0
0.0;0.0;0.0;0.0
0.0;0.0;0.0;0.0
0.0;0.0;0.0;0.0
0.0;0.0;0.0;0.0
0.0;0.0;0.0;0.0
0.0;0.0;0.0;0.0
