7.5;41.1;22.6;0.0
7.5;55.1;28.1;0.0
7.5;62.5;17.8;0.0
7.5;70.4;18.6;0.0
8.3;79.7;22.2;0.0
8.3;84.1;18.8;0.0
6.6;93.1;31.8;0.0
7.5;99.0;29.0;0.0
8.3;105.1;23.5;0.0
19.3;117.1;17.2;0.0
83.9;123.5;15.0;0.0
9.2;133.6;24.0;0.0
7.5;138.8;13.0;0.0
8.3;152.0;36.9;0.0
8.3;153.7;0.5;0.0
8.3;153.9;0.0;0.0
8.3;153.9;1.5;0.0
7.5;154.5;0.0;0.0
7.5;155.0;0.3;4.0
8.3;186.8;234.1;0.0
9.1;186.8;164.4;0.0
8.3;210.2;209.6;0.0
8.3;218.4;1.6;0.0
8.3;218.4;0.0;0.0
8.3;218.7;0.4;132.0
8.3;218.7;0.4;128.0
8.3;218.7;0.2;64.0
8.3;188.2;0.3;44.0
8.3;188.3;0.0;0.0
8.3;157.3;0.0;0.0
1.7;0.0;0.0;0.0
0.0;0.0;0.0;0.0
0.0;0.0;0.0;0.0
0.0;0.0;0.0;0.0
0.0;0.0;0.0;0.0
0.0;0.0;0.0;0.0
0.0;0.0;0.0;0.0
0.0;0.0;0.0;0.0
0.0;0.0;0.0;0.0
0.0;0.0;0.0;0.0
0.0;0.0;0.0;0.0
0.0;0.0;0.0;0.0
0.0;0.0;0.0;0.0
0.0;0.0;0.0;0.0
0.0;0.0;0.0;0.0
0.0;0.0;0.0;0.0
0.0;0.0;0.0;0.0
0.0;0.0;0.0;0.0
0.0;0.0;0.0;0.0
0.0;0.0;0.0;0.0
0.0;0.0;0.0;0.0
0.0;0.0;0.0;0.0
0.0;0.0;0.0;0.0
0.0;0.0;0.0;0.0
0.0;0.0;0.0;0.0
0.0;0.0;0.0;0.0
0.0;0.0;0.0;0.0
0.0;0.0;0.0;0.0
0.0;0.0;0.0;0.0
0.0;0.0;0.0;0.0
