17.4;46.8;32.6;0.0
8.3;61.9;30.4;0.0
5.8;71.5;22.7;0.0
8.3;82.3;25.8;0.0
6.7;91.7;39.7;0.0
8.3;102.3;44.8;0.0
20.8;124.2;36.3;0.0
87.3;136.9;33.1;0.0
7.5;142.9;14.0;0.0
8.3;157.4;36.3;0.0
8.3;157.7;0.1;0.0
8.3;157.9;1.5;0.0
8.3;161.2;0.3;4.0
7.5;192.8;378.5;0.0
8.3;224.2;231.2;0.0
8.3;224.4;0.2;68.0
8.3;224.4;0.5;156.0
8.3;224.4;0.3;100.0
8.3;194.1;0.3;44.0
9.2;163.1;0.0;0.0
0.8;0.0;0.0;0.0
0.0;0.0;0.0;0.0
0.0;0.0;0.0;0.0
0.0;0.0;0.0;0.0
0.0;0.0;0.0;0.0
0.0;0.0;0.0;0.0
0.0;0.0;0.0;0.0
0.0;0.0;0.0;0.0
0.0;0.0;0.0;0.0
0.0;0.0;0.0;0.0
0.0;0.0;0.0;0.0
0.0;0.0;0.0;0.0
0.0;0.0;0.0;0.0
0.0;0.0;0.0;0.0
0.0;0.0;0.0;0.0
0.0;0.0;0.0;0.0
0.0;0.0;0.0;0.0
0.0;0.0;0.0;0.0
0.0;0.0;0.0;0.0
0.0;0.0;0.0;0.0
0.0;0.0;0.0;0.0
0.0;0.0;0.0;0.0
0.0;0.0;0.0;0.0
0.0;0.0;0.0;0.0
0.0;0.0;0.0;0.0
0.0;0.0;0.0;0.0
0.0;0.0;0.0;0.0
0.0;0.0;0.0;0.0
0.0;0.0;0.0;0.0
0.0;0.0;0.0;0.0
0.0;0.0;0.0;0.0
0.0;0.0;0.0;0.0
0.0;0.0;0.0;0.0
0.0;0.0;0.0;0.0
0.0;0.0;0.0;0.0
0.0;0.0;0.0;0.0
0.0;0.0;0.0;0.0
0.0;0.0;0.0;0.0
0.0;0.0;0.0;0.0
0.0;0.0;0.0;0.0
