15.0;46.8;27.7;0.0
8.3;61.1;29.0;0.0
7.5;66.3;28.5;0.0
8.3;79.1;26.6;0.0
6.6;86.9;30.2;0.0
6.6;96.1;37.8;0.0
5.8;106.6;44.2;0.0
29.8;120.2;14.7;0.0
70.5;123.6;14.4;0.0
7.5;129.6;15.2;0.0
8.3;132.7;1.6;0.0
8.3;137.0;15.0;0.0
8.3;147.8;28.5;0.0
8.3;151.6;5.8;0.0
8.3;151.9;0.1;0.0
8.3;151.9;0.0;0.0
8.3;152.0;1.6;0.0
7.5;152.5;0.0;0.0
7.5;152.9;0.3;4.0
8.3;186.2;155.1;0.0
9.2;187.0;207.2;0.0
8.3;187.0;193.4;0.0
8.3;218.4;54.6;0.0
8.3;218.4;0.0;0.0
8.3;218.7;0.2;68.0
9.1;218.7;0.2;64.0
8.3;218.7;0.4;128.0
8.3;218.7;0.2;64.0
8.3;188.3;0.3;44.0
8.3;188.3;0.0;0.0
6.6;0.0;0.0;0.0
0.0;0.0;0.0;0.0
0.0;0.0;0.0;0.0
0.0;0.0;0.0;0.0
0.0;0.0;0.0;0.0
0.0;0.0;0.0;0.0
0.0;0.0;0.0;0.0
0.0;0.0;0.0;0.0
0.0;0.0;0.0;0.0
0.0;0.0;0.0;0.0
0.0;0.0;0.0;0.0
0.0;0.0;0.0;0.0
0.0;0.0;0.0;0.0
0.0;0.0;0.0;0.0
0.0;0.0;0.0;0.0
0.0;0.0;0.0;0.0
0.0;0.0;0.0;0.0
0.0;0.0;0.0;0.0
0.0;0.0;0.0;0.0
0.0;0.0;0.0;0.0
0.0;0.0;0.0;0.0
0.0;0.0;0.0;0.0
0.0;0.0;0.0;0.0
0.0;0.0;0.0;0.0
0.0;0.0;0.0;0.0
0.0;0.0;0.0;0.0
0.0;0.0;0.0;0.0
0.0;0.0;0.0;0.0
0.0;0.0;0.0;0.0
0.0;0.0;0.0;0.0
