7.5;51.4;26.0;0.0
8.3;64.5;23.4;0.0
6.6;63.1;29.1;0.0
7.5;76.4;26.8;0.0
7.5;84.0;28.8;0.0
7.5;93.0;38.4;0.0
7.5;104.4;47.2;0.0
67.4;126.4;31.7;0.0
41.6;135.3;14.0;0.0
7.5;150.8;45.9;0.0
8.3;153.2;1.5;0.0
8.3;153.3;1.5;0.0
8.3;153.8;0.0;0.0
7.5;190.4;234.4;4.0
8.3;190.5;300.0;0.0
8.3;221.9;75.6;0.0
8.3;221.9;0.4;132.0
8.3;221.9;0.4;128.0
8.3;221.9;0.2;64.0
8.3;191.7;0.3;44.0
8.3;191.7;0.0;0.0
3.3;0.0;0.0;0.0
0.0;0.0;0.0;0.0
0.0;0.0;0.0;0.0
0.0;0.0;0.0;0.0
0.0;0.0;0.0;0.0
0.0;0.0;0.0;0.0
0.0;0.0;0.0;0.0
0.0;0.0;0.0;0.0
0.0;0.0;0.0;0.0
0.0;0.0;0.0;0.0
0.0;0.0;0.0;0.0
0.0;0.0;0.0;0.0
0.0;0.0;0.0;0.0
0.0;0.0;0.0;0.0
0.0;0.0;0.0;0.0
0.0;0.0;0.0;0.0
0.0;0.0;0.0;0.0
0.0;0.0;0.0;0.0
0.0;0.0;0.0;0.0
0.0;0.0;0.0;0.0
0.0;0.0;0.0;0.0
0.0;0.0;0.0;0.0
0.0;0.0;0.0;0.0
0.0;0.0;0.0;0.0
0.0;0.0;0.0;0.0
0.0;0.0;0.0;0.0
0.0;0.0;0.0;0.0
0.0;0.0;0.0;0.0
0.0;0.0;0.0;0.0
0.0;0.0;0.0;0.0
0.0;0.0;0.0;0.0
0.0;0.0;0.0;0.0
0.0;0.0;0.0;0.0
0.0;0.0;0.0;0.0
0.0;0.0;0.0;0.0
0.0;0.0;0.0;0.0
0.0;0.0;0.0;0.0
0.0;0.0;0.0;0.0
0.0;0.0;0.0;0.0
