5.8;60.6;30.7;0.0
8.3;74.0;27.9;0.0
5.8;78.6;22.6;0.0
9.2;89.3;24.6;0.0
6.6;98.1;35.7;0.0
9.1;104.9;30.2;0.0
7.5;112.1;33.3;0.0
48.2;141.0;33.8;0.0
59.9;150.3;22.0;0.0
8.3;156.1;18.8;0.0
8.3;170.5;31.5;0.0
8.3;170.9;0.1;0.0
8.3;171.0;1.5;0.0
7.5;172.5;0.3;4.0
9.1;204.0;379.1;0.0
7.5;235.6;231.2;0.0
8.3;235.6;0.2;68.0
8.3;235.8;0.4;128.0
8.3;235.8;0.4;128.0
8.3;205.4;0.3;44.0
9.1;205.4;0.0;0.0
1.7;0.0;0.0;0.0
0.0;0.0;0.0;0.0
0.0;0.0;0.0;0.0
0.0;0.0;0.0;0.0
0.0;0.0;0.0;0.0
0.0;0.0;0.0;0.0
0.0;0.0;0.0;0.0
0.0;0.0;0.0;0.0
0.0;0.0;0.0;0.0
0.0;0.0;0.0;0.0
0.0;0.0;0.0;0.0
0.0;0.0;0.0;0.0
0.0;0.0;0.0;0.0
0.0;0.0;0.0;0.0
0.0;0.0;0.0;0.0
0.0;0.0;0.0;0.0
0.0;0.0;0.0;0.0
0.0;0.0;0.0;0.0
0.0;0.0;0.0;0.0
0.0;0.0;0.0;0.0
0.0;0.0;0.0;0.0
0.0;0.0;0.0;0.0
0.0;0.0;0.0;0.0
0.0;0.0;0.0;0.0
0.0;0.0;0.0;0.0
0.0;0.0;0.0;0.0
0.0;0.0;0.0;0.0
0.0;0.0;0.0;0.0
0.0;0.0;0.0;0.0
0.0;0.0;0.0;0.0
0.0;0.0;0.0;0.0
0.0;0.0;0.0;0.0
0.0;0.0;0.0;0.0
0.0;0.0;0.0;0.0
0.0;0.0;0.0;0.0
0.0;0.0;0.0;0.0
0.0;0.0;0.0;0.0
0.0;0.0;0.0;0.0
0.0;0.0;0.0;0.0
