5.8;48.6;34.2;0.0
9.1;63.9;30.8;0.0
5.8;70.1;22.3;0.0
7.5;81.3;25.8;0.0
6.6;89.7;34.5;0.0
7.5;100.4;44.4;0.0
11.7;116.9;34.0;0.0
97.3;127.9;30.4;0.0
7.5;139.3;20.1;0.0
7.5;154.3;40.1;0.0
8.3;154.8;0.2;0.0
2.5;155.9;2.3;0.0
0.0;155.9;0.0;0.0
0.0;155.9;0.0;0.0
0.0;155.9;0.0;0.0
0.0;155.9;0.0;0.0
0.0;155.9;0.0;0.0
0.0;155.9;0.0;0.0
0.0;156.2;1.7;0.0
0.0;156.2;0.0;0.0
0.0;156.2;0.0;0.0
0.0;156.2;0.0;0.0
0.0;156.2;1.0;0.0
0.0;156.2;0.0;0.0
0.0;156.2;0.0;0.0
0.0;156.4;0.7;0.0
8.3;156.6;0.0;0.0
8.3;156.6;0.0;0.0
8.3;156.6;0.0;0.0
8.3;156.6;0.0;0.0
8.3;156.6;0.0;0.0
9.1;157.0;1.5;0.0
3.3;157.4;0.0;0.0
0.0;157.4;0.0;0.0
0.0;157.4;0.0;0.0
0.0;157.4;0.0;0.0
0.0;157.4;0.0;0.0
0.0;157.4;0.0;0.0
0.0;157.4;0.0;0.0
0.0;157.4;0.0;0.0
0.0;157.4;0.0;0.0
0.0;157.4;0.0;0.0
0.0;157.4;0.0;0.0
0.0;157.4;0.0;0.0
0.0;157.4;0.0;0.0
0.0;157.4;0.0;0.0
0.0;157.4;0.0;0.0
0.0;157.4;0.0;0.0
0.0;157.4;0.0;0.0
0.0;157.4;0.0;0.0
0.0;157.4;0.0;0.0
0.0;157.4;0.0;0.0
0.0;157.4;0.0;0.0
0.0;157.4;0.0;0.0
0.0;157.4;0.0;0.0
0.0;157.4;0.0;0.0
0.0;157.4;0.0;0.0
0.0;157.4;0.0;0.0
0.0;157.4;0.0;0.0
0.0;157.4;0.0;0.0
