17.5;42.3;30.9;0.0
6.6;56.6;29.1;0.0
6.6;63.8;28.7;0.0
8.3;77.4;26.8;0.0
6.6;85.0;30.2;0.0
7.5;94.1;37.8;0.0
5.8;106.4;47.5;0.0
73.2;124.5;28.5;0.0
35.7;133.8;14.7;0.0
6.6;147.4;41.7;0.0
8.3;151.8;6.7;0.0
4.2;153.1;2.3;0.0
0.0;153.1;0.0;0.0
0.0;153.1;0.0;0.0
0.0;153.1;0.0;0.0
0.0;153.1;0.0;0.0
0.0;153.1;0.0;0.0
0.0;153.1;0.0;0.0
0.0;153.1;1.7;0.0
0.0;153.1;0.0;0.0
0.0;153.1;0.0;0.0
0.0;153.1;0.0;0.0
0.8;153.2;1.1;0.0
0.0;153.2;0.0;0.0
0.0;153.2;0.0;0.0
0.0;153.2;0.0;0.0
5.8;153.6;0.7;0.0
8.3;153.6;0.0;0.0
8.3;153.6;0.0;0.0
8.3;153.6;0.0;0.0
8.3;153.6;0.0;0.0
8.3;154.0;1.4;0.0
7.5;154.6;0.1;0.0
0.0;154.6;0.0;0.0
0.0;154.6;0.0;0.0
0.0;154.6;0.0;0.0
0.0;154.6;0.0;0.0
0.0;154.6;0.0;0.0
0.0;154.6;0.0;0.0
0.8;154.6;1.8;0.0
0.0;154.6;0.0;0.0
0.0;154.6;0.0;0.0
0.0;154.6;0.0;0.0
0.0;154.6;0.4;0.0
0.0;154.6;0.0;0.0
0.0;154.6;0.0;0.0
1.7;154.8;1.3;0.0
7.5;157.2;0.3;8.0
9.2;189.0;435.7;0.0
8.3;189.5;522.2;0.0
9.1;189.5;358.6;0.0
8.3;189.5;350.9;0.0
8.3;189.5;364.7;0.0
8.3;189.5;386.9;0.0
8.3;221.2;22.2;0.0
8.3;221.5;0.6;196.0
8.3;221.5;0.6;192.0
8.3;191.0;0.3;56.0
8.3;191.0;0.0;0.0
8.3;0.0;0.0;0.0
