6.6;59.0;33.4;0.0
8.3;72.8;28.3;0.0
6.6;79.0;24.2;0.0
8.3;87.3;25.4;0.0
6.6;98.4;46.7;0.0
7.5;108.0;40.3;0.0
34.1;133.6;37.0;0.0
73.2;143.8;27.4;0.0
8.3;150.6;20.0;0.0
7.5;164.2;29.9;0.0
7.5;165.5;2.0;0.0
0.8;165.5;0.3;0.0
0.0;165.5;0.0;0.0
0.0;165.5;0.0;0.0
0.0;165.5;0.0;0.0
0.0;165.5;0.0;0.0
0.0;165.5;0.0;0.0
0.0;165.5;0.0;0.0
0.0;165.5;1.7;0.0
0.0;165.5;0.0;0.0
0.0;165.5;0.0;0.0
0.0;165.5;0.2;0.0
0.0;165.5;0.2;0.0
0.0;165.5;0.0;0.0
0.0;165.5;0.0;0.0
0.0;165.9;1.5;0.0
8.3;166.0;0.0;0.0
8.3;166.0;0.0;0.0
8.3;166.0;0.0;0.0
8.3;166.0;0.0;0.0
8.3;166.0;0.0;0.0
8.3;166.4;1.5;0.0
3.3;166.9;0.0;0.0
0.0;166.9;0.0;0.0
0.0;166.9;0.0;0.0
0.0;166.9;0.0;0.0
0.0;166.9;0.0;0.0
0.0;166.9;0.0;0.0
0.0;166.9;1.8;0.0
0.0;166.9;0.0;0.0
0.0;166.9;0.0;0.0
0.0;166.9;0.0;0.0
0.0;166.9;1.0;0.0
0.0;166.9;0.0;0.0
0.0;166.9;0.0;0.0
0.0;166.9;0.0;0.0
7.5;167.1;0.8;0.0
8.3;170.1;0.3;8.0
8.3;201.4;658.2;0.0
8.3;201.8;389.0;0.0
8.3;201.8;333.5;0.0
8.3;201.8;353.0;0.0
8.3;201.8;344.6;0.0
8.3;202.2;273.1;0.0
7.5;233.5;42.0;0.0
8.3;233.8;0.6;196.0
8.3;233.8;0.4;128.0
8.3;233.8;0.2;64.0
8.3;203.3;0.3;48.0
9.1;0.0;0.0;0.0
