5.8;59.3;33.6;0.0
7.5;61.5;29.0;0.0
8.3;73.4;16.6;0.0
7.5;80.3;30.0;0.0
6.6;91.1;41.6;0.0
7.5;100.8;42.1;0.0
49.1;121.8;33.0;0.0
60.7;131.9;25.2;0.0
6.6;139.2;22.8;0.0
8.3;151.8;27.2;0.0
8.3;152.2;0.0;0.0
3.3;153.1;2.3;0.0
0.0;153.1;0.0;0.0
0.0;153.1;0.0;0.0
0.0;153.1;0.0;0.0
0.0;153.1;0.0;0.0
0.0;153.1;0.0;0.0
0.0;153.1;0.0;0.0
0.0;153.3;1.7;0.0
0.0;153.3;0.0;0.0
0.0;153.3;0.0;0.0
0.0;153.3;0.0;0.0
0.0;153.3;0.4;0.0
0.0;153.3;0.0;0.0
0.0;153.3;0.0;0.0
0.0;153.3;0.0;0.0
0.0;153.3;0.0;0.0
0.8;153.6;1.2;0.0
8.3;153.7;0.0;0.0
7.5;153.7;0.0;0.0
8.3;153.7;0.0;0.0
8.3;153.7;0.0;0.0
8.3;153.7;0.0;0.0
8.3;154.1;1.5;0.0
5.0;154.6;0.0;0.0
0.0;154.6;0.0;0.0
0.0;154.6;0.0;0.0
0.0;154.6;0.0;0.0
0.0;154.6;0.0;0.0
0.0;154.6;0.0;0.0
0.0;154.6;0.0;0.0
0.0;154.6;1.7;0.0
0.0;154.6;0.0;0.0
0.0;154.6;0.0;0.0
0.0;154.6;1.1;0.0
0.0;154.6;0.0;0.0
0.0;154.6;0.0;0.0
0.0;154.6;0.0;0.0
4.1;154.8;0.7;0.0
7.5;159.3;0.3;4.0
9.2;191.2;428.2;0.0
8.3;191.6;491.3;0.0
8.3;191.6;336.8;0.0
8.3;191.6;336.8;0.0
8.3;191.6;343.5;0.0
8.3;191.6;355.1;0.0
7.5;223.4;149.5;0.0
8.3;223.4;0.4;132.0
8.3;223.4;0.6;192.0
8.3;223.4;0.2;64.0
