6.6;59.8;31.9;0.0
8.3;71.0;27.0;0.0
6.6;80.9;19.1;0.0
8.3;89.5;35.4;0.0
6.6;100.3;40.2;0.0
6.6;110.9;45.2;0.0
57.4;133.5;35.4;0.0
52.4;143.3;18.7;0.0
7.5;156.5;39.9;0.0
8.3;162.4;9.0;0.0
6.6;163.6;2.3;0.0
0.0;163.6;0.0;0.0
0.0;163.6;0.0;0.0
0.0;163.6;0.0;0.0
0.0;163.6;0.0;0.0
0.0;163.6;0.0;0.0
0.0;163.6;0.0;0.0
0.0;163.6;0.0;0.0
0.0;163.6;1.7;0.0
0.0;163.6;0.0;0.0
0.0;163.6;0.0;0.0
0.0;163.6;0.4;0.0
0.0;163.6;0.0;0.0
0.0;163.6;0.0;0.0
0.0;163.6;0.0;0.0
0.0;163.6;0.0;0.0
0.0;163.6;0.0;0.0
0.0;163.6;0.0;0.0
2.5;164.2;1.5;0.0
8.3;164.2;0.0;0.0
8.3;164.2;0.0;0.0
8.3;164.2;0.0;0.0
8.3;164.2;0.0;0.0
8.3;164.2;0.0;0.0
8.3;164.5;1.5;0.0
1.7;164.9;0.0;0.0
0.0;164.9;0.0;0.0
0.0;164.9;0.0;0.0
0.0;164.9;0.0;0.0
0.0;164.9;0.0;0.0
0.0;164.9;0.0;0.0
0.0;164.9;1.8;0.0
0.0;164.9;0.0;0.0
0.0;164.9;0.0;0.0
0.0;164.9;0.0;0.0
0.0;164.9;0.4;0.0
0.0;164.9;0.0;0.0
0.0;164.9;0.0;0.0
0.0;165.2;1.5;0.0
8.3;165.5;0.3;4.0
8.3;199.4;334.6;0.0
8.3;200.0;566.4;0.0
8.3;200.0;323.2;0.0
8.3;200.0;337.5;0.0
8.3;200.0;300.2;0.0
8.3;200.5;345.1;0.0
8.3;231.8;234.8;0.0
8.3;232.0;0.2;68.0
7.5;232.0;0.6;192.0
8.3;232.0;0.4;128.0
