7.5;60.2;33.0;0.0
7.5;71.3;25.9;0.0
8.3;78.4;19.3;0.0
6.6;86.3;30.0;0.0
6.6;97.4;43.6;0.0
7.5;107.4;43.9;0.0
46.6;134.3;34.2;0.0
59.8;144.3;22.2;0.0
7.5;154.5;34.3;0.0
8.3;163.9;15.4;0.0
5.8;165.0;2.3;0.0
0.0;165.0;0.0;0.0
0.0;165.0;0.0;0.0
0.0;165.0;0.0;0.0
0.0;165.0;0.0;0.0
0.0;165.0;0.0;0.0
0.0;165.0;0.0;0.0
0.0;165.0;0.0;0.0
0.8;165.0;1.7;0.0
0.0;165.0;0.0;0.0
0.0;165.0;0.0;0.0
0.0;165.0;0.4;0.0
0.0;165.0;0.0;0.0
0.0;165.0;0.0;0.0
0.0;165.0;0.0;0.0
2.5;165.7;1.5;0.0
8.3;165.7;0.0;0.0
8.3;165.7;0.0;0.0
8.3;165.7;0.0;0.0
9.2;165.7;0.0;0.0
8.3;166.1;1.4;0.0
7.5;166.6;0.1;0.0
0.0;166.6;0.0;0.0
0.0;166.6;0.0;0.0
0.0;166.6;0.0;0.0
0.0;166.6;0.0;0.0
0.0;166.6;0.0;0.0
0.0;166.6;0.0;0.0
0.0;166.6;1.7;0.0
0.0;166.6;0.0;0.0
0.0;166.6;0.0;0.0
0.0;166.6;0.0;0.0
0.0;166.6;0.4;0.0
0.0;166.6;0.0;0.0
0.0;166.6;0.0;0.0
1.7;166.8;1.5;0.0
7.5;167.3;0.3;8.0
8.3;201.1;365.6;0.0
8.3;201.6;573.3;0.0
8.3;201.6;318.0;0.0
8.3;201.6;337.2;0.0
8.3;201.6;316.1;0.0
9.1;201.6;287.3;0.0
8.3;233.2;244.3;0.0
7.5;233.4;0.0;0.0
8.3;233.4;0.6;196.0
8.3;233.4;0.6;192.0
8.3;203.1;0.3;52.0
8.3;203.1;0.0;0.0
6.7;0.0;0.0;0.0
