10.8;50.0;32.1;0.0
6.7;65.2;31.6;0.0
7.5;68.8;23.5;0.0
7.5;80.3;26.3;0.0
6.7;89.6;39.7;0.0
8.3;99.9;43.6;0.0
15.8;117.7;36.6;0.0
88.1;130.1;33.9;0.0
9.1;136.7;9.8;0.0
7.5;151.5;40.2;0.0
8.3;151.9;0.0;0.0
0.8;152.7;2.3;0.0
0.0;152.7;0.0;0.0
0.0;152.7;0.0;0.0
0.0;152.7;0.0;0.0
0.0;152.7;0.0;0.0
0.0;152.7;0.0;0.0
0.0;152.7;0.0;0.0
0.0;152.7;1.8;0.0
0.0;152.7;0.0;0.0
0.0;152.7;0.0;0.0
0.0;152.7;0.0;0.0
0.0;152.7;0.4;0.0
0.0;152.7;0.0;0.0
0.0;152.7;0.0;0.0
2.5;153.2;1.4;0.0
8.3;153.4;0.0;0.0
8.3;153.4;0.0;0.0
8.3;153.4;0.0;0.0
7.5;153.4;0.0;0.0
8.3;153.4;0.0;0.0
9.1;153.7;1.5;0.0
1.7;154.1;0.0;0.0
0.0;154.1;0.0;0.0
0.0;154.1;0.0;0.0
0.0;154.1;0.0;0.0
0.0;154.1;0.0;0.0
0.0;154.1;0.0;0.0
0.8;154.1;1.7;0.0
0.0;154.1;0.0;0.0
0.0;154.1;0.0;0.0
0.0;154.1;0.0;0.0
0.0;154.1;0.4;0.0
0.0;154.1;0.0;0.0
0.0;154.1;0.0;0.0
0.0;154.1;0.0;0.0
7.5;154.4;1.4;0.0
8.3;188.5;97.7;8.0
8.3;188.8;720.5;0.0
8.3;189.2;252.6;0.0
8.3;189.2;317.9;0.0
8.3;189.2;293.0;0.0
9.1;189.2;347.7;0.0
7.5;189.7;381.4;0.0
8.3;221.2;31.9;0.0
8.3;221.2;0.6;196.0
8.3;221.2;0.6;192.0
8.3;190.7;0.3;56.0
8.3;190.7;0.0;0.0
5.0;0.0;0.0;0.0
