23.3;43.4;27.6;0.0
8.3;59.8;30.2;0.0
5.8;67.7;31.8;0.0
8.3;81.4;26.8;0.0
7.5;89.2;31.2;0.0
7.5;98.4;39.4;0.0
6.6;110.2;44.9;0.0
83.2;127.3;31.1;0.0
26.6;137.2;16.7;0.0
6.6;153.2;43.3;0.0
9.2;153.9;0.4;0.0
3.3;155.0;2.3;0.0
0.0;155.0;0.0;0.0
0.0;155.0;0.0;0.0
0.0;155.0;0.0;0.0
0.0;155.0;0.0;0.0
0.0;155.0;0.0;0.0
0.0;155.0;0.0;0.0
0.0;155.0;1.8;0.0
0.0;155.0;0.0;0.0
0.0;155.0;0.0;0.0
0.0;155.0;0.0;0.0
0.0;155.0;0.4;0.0
0.0;155.2;0.4;0.0
0.0;155.2;0.0;0.0
0.0;155.2;0.0;0.0
0.0;155.2;0.0;0.0
0.0;155.2;0.0;0.0
0.0;155.2;0.0;0.0
0.8;155.5;0.9;0.0
8.3;155.6;0.0;0.0
9.1;155.6;0.0;0.0
8.3;155.6;0.0;0.0
8.3;155.6;0.0;0.0
8.3;155.6;0.0;0.0
8.3;158.0;1.5;0.0
0.8;158.5;0.0;0.0
0.0;158.5;0.0;0.0
0.0;158.5;0.0;0.0
0.0;158.5;0.0;0.0
0.0;158.5;0.0;0.0
0.0;158.5;0.0;0.0
0.0;158.5;1.7;0.0
0.0;158.5;0.0;0.0
0.0;158.5;0.0;0.0
0.0;158.5;0.0;0.0
0.0;158.5;0.4;0.0
0.0;158.5;0.0;0.0
0.0;158.5;0.0;0.0
0.0;158.5;0.0;0.0
0.0;158.5;0.0;0.0
4.1;158.7;1.5;0.0
7.5;157.7;0.3;8.0
8.3;188.8;609.8;0.0
8.3;189.4;412.2;0.0
8.3;189.4;301.9;0.0
8.3;189.4;341.3;0.0
8.3;189.4;359.4;0.0
9.1;192.3;369.6;0.0
8.3;221.2;1.6;0.0
