6.6;53.5;32.1;0.0
8.3;66.7;26.3;0.0
5.8;78.6;24.1;0.0
9.1;87.3;28.8;0.0
6.6;98.8;46.9;0.0
7.5;108.2;40.8;0.0
38.3;132.0;32.0;0.0
71.5;142.9;28.3;0.0
7.5;148.7;16.4;0.0
8.3;163.4;33.5;0.0
8.3;164.2;0.9;0.0
0.0;164.6;1.4;0.0
0.0;164.6;0.0;0.0
0.0;164.6;0.0;0.0
0.0;164.6;0.0;0.0
0.0;164.6;0.0;0.0
0.0;164.6;0.0;0.0
0.0;164.6;0.0;0.0
0.8;164.6;1.8;0.0
0.0;164.6;0.0;0.0
0.0;164.6;0.0;0.0
0.0;164.6;0.4;0.0
0.0;164.6;0.0;0.0
0.0;164.6;0.0;0.0
0.0;164.6;0.0;0.0
3.3;165.0;1.4;0.0
8.3;165.0;0.0;0.0
8.3;165.0;0.0;0.0
8.3;165.0;0.0;0.0
8.3;165.0;0.0;0.0
8.3;165.5;1.4;0.0
7.5;166.0;0.1;0.0
0.0;166.0;0.0;0.0
0.0;166.0;0.0;0.0
0.0;166.0;0.0;0.0
0.0;166.0;0.0;0.0
0.0;166.0;0.0;0.0
0.0;166.0;0.0;0.0
0.0;166.0;1.7;0.0
0.0;166.0;0.0;0.0
0.0;166.0;0.0;0.0
0.0;166.0;0.4;0.0
0.0;166.0;0.0;0.0
0.0;166.0;0.0;0.0
0.0;166.0;0.0;0.0
3.3;166.2;1.3;0.0
6.6;169.1;0.3;8.0
8.3;200.5;580.9;0.0
8.3;200.9;424.0;0.0
8.3;200.9;311.9;0.0
8.3;200.9;315.8;0.0
8.3;200.9;347.7;0.0
8.3;200.9;383.6;0.0
8.3;232.6;31.9;0.0
8.3;232.9;0.6;196.0
8.3;232.9;0.6;192.0
8.3;202.4;0.3;48.0
8.3;202.4;0.0;0.0
7.5;0.0;0.0;0.0
0.0;0.0;0.0;0.0
