17.5;43.5;29.8;0.0
7.5;56.6;27.1;0.0
7.5;63.6;32.4;0.0
8.3;76.8;26.8;0.0
7.5;84.1;27.0;0.0
6.6;93.6;40.6;0.0
6.6;106.2;47.9;0.0
65.7;130.2;19.9;0.0
40.8;140.2;22.0;0.0
8.3;148.7;28.3;0.0
8.3;159.8;21.4;0.0
5.8;160.9;2.3;0.0
0.0;160.9;0.0;0.0
0.0;160.9;0.0;0.0
0.0;160.9;0.0;0.0
0.0;160.9;0.0;0.0
0.0;160.9;0.0;0.0
0.0;160.9;0.0;0.0
0.0;160.9;0.0;0.0
0.8;160.9;1.7;0.0
0.0;160.9;0.0;0.0
0.0;160.9;0.0;0.0
0.0;160.9;0.4;0.0
0.0;160.9;0.0;0.0
0.0;160.9;0.0;0.0
0.0;160.9;0.0;0.0
3.3;161.3;1.4;0.0
8.3;161.4;0.0;0.0
8.3;161.4;0.0;0.0
8.3;161.4;0.0;0.0
8.3;161.4;0.0;0.0
8.3;161.8;1.4;0.0
8.3;162.3;0.1;0.0
0.0;162.3;0.0;0.0
0.0;162.3;0.0;0.0
0.0;162.3;0.0;0.0
0.0;162.3;0.0;0.0
0.0;162.3;0.0;0.0
0.0;162.3;0.0;0.0
0.0;162.3;1.7;0.0
0.0;162.3;0.0;0.0
0.0;162.3;0.0;0.0
0.0;162.3;0.0;0.0
0.0;162.3;0.4;0.0
0.0;162.3;0.0;0.0
0.0;162.3;0.0;0.0
1.7;162.6;1.4;0.0
7.5;165.0;0.3;4.0
8.3;196.8;397.5;0.0
8.3;197.3;526.4;0.0
8.3;197.3;320.8;0.0
8.3;197.3;334.2;0.0
8.3;197.3;351.0;0.0
8.3;197.8;363.6;0.0
9.1;229.2;149.5;0.0
8.3;229.2;0.4;132.0
8.3;229.2;0.6;192.0
8.3;229.2;0.2;64.0
8.3;198.9;0.3;56.0
8.3;167.6;0.0;0.0
