6.6;50.2;34.0;0.0
7.5;65.4;31.3;0.0
6.6;67.1;22.8;0.0
8.3;78.6;26.2;0.0
5.8;87.5;36.5;0.0
8.3;98.1;46.2;0.0
14.1;114.3;31.7;0.0
94.8;125.7;31.4;0.0
7.5;136.2;17.6;0.0
8.3;151.3;40.4;0.0
8.3;152.0;0.0;0.0
1.7;152.8;2.3;0.0
0.0;152.8;0.0;0.0
0.0;152.8;0.0;0.0
0.0;152.8;0.0;0.0
0.0;152.8;0.0;0.0
0.0;152.8;0.0;0.0
0.0;152.8;0.0;0.0
0.0;153.1;1.8;0.0
0.0;153.1;0.0;0.0
0.0;153.1;0.0;0.0
0.0;153.1;0.0;0.0
0.0;153.1;1.0;0.0
0.0;153.1;0.0;0.0
0.0;153.1;0.0;0.0
0.0;153.4;0.7;0.0
8.3;153.5;0.0;0.0
8.3;153.5;0.0;0.0
8.3;153.5;0.0;0.0
8.3;153.5;0.0;0.0
8.3;153.5;0.0;0.0
8.3;153.9;1.5;0.0
0.8;154.4;0.0;0.0
0.0;154.4;0.0;0.0
0.0;154.4;0.0;0.0
0.0;154.4;0.0;0.0
0.0;154.4;0.0;0.0
0.0;154.4;0.0;0.0
0.0;154.4;1.8;0.0
0.0;154.4;0.0;0.0
0.0;154.4;0.0;0.0
0.0;154.4;0.0;0.0
0.0;154.4;0.4;0.0
0.0;154.4;0.0;0.0
0.0;154.4;0.0;0.0
0.0;154.6;1.3;0.0
8.3;154.6;0.0;0.0
8.3;190.7;241.7;8.0
8.3;191.4;596.5;0.0
8.3;191.4;314.4;0.0
9.2;191.4;299.6;0.0
8.3;191.4;343.6;0.0
7.5;191.4;362.8;0.0
8.3;223.0;236.9;0.0
8.3;223.2;0.2;68.0
8.3;223.2;0.8;256.0
8.3;223.2;0.2;64.0
8.3;192.8;0.3;44.0
9.1;192.8;0.0;0.0
2.5;0.0;0.0;0.0
