6.6;54.0;34.2;0.0
7.5;68.2;28.6;0.0
5.8;77.0;21.4;0.0
8.3;88.5;26.3;0.0
6.6;97.0;34.9;0.0
8.3;107.8;45.0;0.0
9.2;126.1;33.9;0.0
98.1;137.3;29.9;0.0
8.3;148.4;20.1;0.0
8.3;163.8;40.3;0.0
8.3;164.4;0.0;0.0
1.7;165.3;2.3;0.0
0.0;165.3;0.0;0.0
0.0;165.3;0.0;0.0
0.0;165.3;0.0;0.0
0.0;165.3;0.0;0.0
0.0;165.3;0.0;0.0
0.0;165.3;0.0;0.0
0.8;165.3;0.8;0.0
0.0;165.3;1.0;0.0
0.0;165.3;0.0;0.0
0.0;165.3;0.0;0.0
0.0;165.3;0.4;0.0
0.0;165.3;0.0;0.0
0.0;165.6;0.6;0.0
0.0;165.6;0.0;0.0
0.0;165.6;0.0;0.0
0.8;165.9;0.7;0.0
8.3;166.0;0.0;0.0
8.3;166.0;0.0;0.0
8.3;166.0;0.0;0.0
8.3;166.0;0.0;0.0
8.3;166.0;0.0;0.0
9.1;166.4;1.5;0.0
6.6;166.8;0.0;0.0
0.0;166.8;0.0;0.0
0.0;166.8;0.0;0.0
0.0;166.8;0.0;0.0
0.0;166.8;0.0;0.0
0.0;166.8;0.0;0.0
0.0;166.8;0.0;0.0
0.0;166.8;1.8;0.0
0.0;166.8;0.0;0.0
0.0;166.8;0.0;0.0
0.0;166.8;0.4;0.0
0.0;166.8;0.7;0.0
0.0;166.8;0.0;0.0
0.0;166.8;0.0;0.0
1.7;167.1;0.7;0.0
8.3;167.6;0.3;8.0
8.3;199.4;475.3;0.0
7.5;199.9;477.3;0.0
9.1;199.9;325.5;0.0
8.3;199.9;332.2;0.0
8.3;199.9;339.4;0.0
8.3;199.9;371.8;0.0
8.3;231.6;71.9;0.0
8.3;231.8;0.6;196.0
8.3;231.8;0.4;128.0
8.3;201.4;0.5;108.0
