15.8;44.0;27.2;0.0
7.5;58.3;27.7;0.0
6.6;64.5;30.3;0.0
7.5;77.8;26.8;0.0
7.5;86.0;33.3;0.0
6.6;95.9;44.5;0.0
7.5;106.7;37.7;0.0
92.4;123.3;29.1;0.0
18.3;133.8;18.7;0.0
6.7;150.0;43.3;0.0
8.3;150.7;0.4;0.0
3.3;151.8;2.3;0.0
0.0;151.8;0.0;0.0
0.0;151.8;0.0;0.0
0.0;151.8;0.0;0.0
0.0;151.8;0.0;0.0
0.0;151.8;0.0;0.0
0.0;151.8;0.0;0.0
1.7;152.2;1.8;0.0
0.0;152.2;0.0;0.0
0.0;152.2;0.0;0.0
0.0;152.2;0.0;0.0
0.0;152.2;0.4;0.0
0.0;152.2;0.0;0.0
0.0;152.2;0.0;0.0
0.0;152.2;0.0;0.0
5.8;152.6;1.4;0.0
8.3;152.6;0.0;0.0
8.3;152.6;0.0;0.0
8.3;152.6;0.0;0.0
8.3;152.6;0.0;0.0
8.3;153.0;1.5;0.0
3.3;153.4;0.0;0.0
0.0;153.4;0.0;0.0
0.0;153.4;0.0;0.0
0.0;153.4;0.0;0.0
0.0;153.4;0.0;0.0
0.0;153.4;0.0;0.0
0.0;153.4;1.8;0.0
0.0;153.4;0.0;0.0
0.0;153.4;0.0;0.0
0.0;153.4;0.0;0.0
0.0;153.4;0.4;0.0
0.0;153.4;0.0;0.0
0.0;153.4;0.0;0.0
0.0;153.4;0.0;0.0
0.0;153.4;0.0;0.0
3.3;153.7;1.4;0.0
7.5;156.1;0.3;4.0
8.3;188.0;428.4;0.0
8.3;188.4;495.1;0.0
8.3;188.4;315.9;0.0
8.3;188.4;317.4;0.0
8.3;188.4;320.9;0.0
8.3;188.4;357.8;0.0
9.1;220.0;206.3;0.0
8.3;220.2;0.2;68.0
8.3;220.2;0.8;256.0
8.3;220.2;0.2;64.0
8.3;189.8;0.3;56.0
