15.8;46.2;32.8;0.0
7.5;61.7;32.2;0.0
6.6;71.5;23.7;0.0
8.3;81.6;25.0;0.0
5.8;91.0;39.7;0.0
8.3;101.6;45.0;0.0
18.3;124.2;35.1;0.0
90.6;138.2;34.0;0.0
8.3;144.1;16.8;0.0
8.3;158.6;33.1;0.0
8.3;159.0;0.0;0.0
0.8;159.9;2.3;0.0
0.0;159.9;0.0;0.0
0.0;159.9;0.0;0.0
0.0;159.9;0.0;0.0
0.0;159.9;0.0;0.0
0.0;159.9;0.0;0.0
0.0;159.9;0.0;0.0
0.8;159.9;1.8;0.0
0.0;159.9;0.0;0.0
0.0;159.9;0.0;0.0
0.0;159.9;0.0;0.0
0.0;160.0;1.0;0.0
0.0;160.0;0.0;0.0
0.0;160.0;0.0;0.0
0.0;160.0;0.7;0.0
8.3;160.4;0.0;0.0
8.3;160.4;0.0;0.0
8.3;160.4;0.0;0.0
8.3;160.4;0.0;0.0
8.3;160.4;0.0;0.0
8.3;160.8;1.5;0.0
0.8;161.3;0.0;0.0
0.0;161.3;0.0;0.0
0.0;161.3;0.0;0.0
0.0;161.3;0.0;0.0
0.0;161.3;0.0;0.0
0.0;161.3;0.0;0.0
0.8;161.3;1.7;0.0
0.0;161.3;0.0;0.0
0.0;161.3;0.0;0.0
0.0;161.3;0.0;0.0
0.0;161.3;0.4;0.0
0.0;161.3;0.0;0.0
0.0;161.3;0.0;0.0
0.8;161.6;1.4;0.0
7.5;164.0;0.3;8.0
9.1;195.6;366.8;0.0
7.5;196.2;555.9;0.0
8.3;196.2;345.9;0.0
8.3;196.2;350.1;0.0
8.3;196.2;344.8;0.0
8.3;196.2;370.9;0.0
8.3;227.8;60.8;0.0
8.3;228.0;0.6;196.0
8.3;228.0;0.4;128.0
8.3;228.0;0.2;64.0
8.3;197.6;0.3;48.0
8.3;0.0;0.0;0.0
0.0;0.0;0.0;0.0
