6.6;60.3;33.0;0.0
8.3;71.0;25.9;0.0
7.5;75.4;21.3;0.0
7.5;83.3;35.0;0.0
6.7;94.3;41.6;0.0
6.6;106.4;47.8;0.0
62.8;130.7;34.6;0.0
48.2;140.1;15.5;0.0
6.6;154.9;44.5;0.0
8.3;158.0;2.6;0.0
3.3;159.1;2.3;0.0
0.0;159.1;0.0;0.0
0.0;159.1;0.0;0.0
0.0;159.1;0.0;0.0
0.0;159.1;0.0;0.0
0.0;159.1;0.0;0.0
0.0;159.1;0.0;0.0
0.8;159.1;1.8;0.0
0.0;159.1;0.0;0.0
0.0;159.1;0.0;0.0
0.0;159.1;0.0;0.0
0.0;159.1;0.4;0.0
0.0;159.1;0.0;0.0
0.0;159.1;0.0;0.0
0.0;159.6;1.4;0.0
8.3;159.8;0.0;0.0
8.3;159.8;0.0;0.0
8.3;159.8;0.0;0.0
8.3;159.8;0.0;0.0
8.3;160.2;1.4;0.0
7.5;160.6;0.1;0.0
0.0;160.6;0.0;0.0
0.0;160.6;0.0;0.0
0.0;160.6;0.0;0.0
0.0;160.6;0.0;0.0
0.0;160.6;0.0;0.0
0.0;160.6;0.0;0.0
0.0;160.6;1.7;0.0
0.0;160.6;0.0;0.0
0.0;160.6;0.0;0.0
0.0;160.6;0.0;0.0
0.0;160.6;0.4;0.0
0.0;160.6;0.0;0.0
0.0;160.6;0.0;0.0
2.5;160.9;1.5;0.0
8.3;161.3;0.3;8.0
8.3;193.3;409.9;0.0
8.3;193.7;499.0;0.0
8.3;193.7;315.7;0.0
8.3;193.7;311.3;0.0
8.3;193.7;328.6;0.0
9.1;193.7;360.4;0.0
7.5;225.4;168.5;0.0
8.3;225.7;0.4;132.0
8.3;225.7;0.6;192.0
8.3;225.7;0.2;64.0
8.3;195.2;0.3;64.0
8.3;164.0;0.0;0.0
1.7;0.0;0.0;0.0
0.0;0.0;0.0;0.0
