6.6;49.9;32.5;0.0
7.5;64.6;30.6;0.0
6.6;73.0;23.4;0.0
8.3;85.0;27.7;0.0
5.8;94.2;39.3;0.0
8.3;104.9;45.2;0.0
18.3;122.4;32.6;0.0
90.5;136.8;36.7;0.0
7.5;143.3;9.8;0.0
8.3;158.0;40.1;0.0
8.3;158.7;0.9;0.0
0.0;159.3;1.4;0.0
0.0;159.3;0.0;0.0
0.0;159.3;0.0;0.0
0.0;159.3;0.0;0.0
0.0;159.3;0.0;0.0
0.0;159.3;0.0;0.0
0.0;159.3;0.0;0.0
0.0;159.3;0.0;0.0
0.0;159.3;0.0;0.0
0.0;159.3;0.0;0.0
0.0;159.3;0.0;0.0
0.0;159.3;0.0;0.0
0.0;159.3;0.0;0.0
0.0;159.3;0.0;0.0
0.0;159.3;0.0;0.0
0.0;159.3;0.0;0.0
0.0;159.3;0.0;0.0
0.0;159.3;0.0;0.0
0.0;159.3;0.0;0.0
0.0;159.3;0.0;0.0
0.0;159.3;0.0;0.0
0.0;159.3;0.0;0.0
0.0;159.3;0.0;0.0
0.0;159.3;0.0;0.0
0.0;159.3;0.0;0.0
0.0;159.3;0.0;0.0
0.0;159.3;0.0;0.0
0.0;159.3;0.0;0.0
0.0;159.3;0.0;0.0
0.0;159.3;0.0;0.0
0.0;159.3;0.0;0.0
0.0;159.3;0.0;0.0
0.0;159.3;0.0;0.0
0.0;159.3;0.0;0.0
0.0;159.3;0.0;0.0
0.0;159.3;0.0;0.0
0.0;159.3;0.0;0.0
0.0;159.3;1.7;0.0
0.0;159.3;0.0;0.0
0.0;159.3;0.0;0.0
0.0;159.3;0.0;0.0
0.0;159.3;0.4;0.0
0.0;159.3;0.0;0.0
0.0;159.3;0.0;0.0
1.7;159.7;1.6;0.0
9.1;159.8;0.0;0.0
9.1;159.8;0.0;0.0
8.3;159.8;0.0;0.0
8.3;159.8;0.0;0.0
