8.3;55.4;35.1;0.0
7.5;67.4;25.4;0.0
5.8;77.9;22.2;0.0
7.5;86.6;28.2;0.0
5.8;96.5;40.7;0.0
6.6;106.4;42.5;0.0
36.6;128.5;38.6;0.0
74.0;138.8;26.2;0.0
7.5;147.0;26.1;0.0
8.3;159.4;25.1;0.0
9.1;159.4;0.0;0.0
7.5;159.6;0.0;0.0
39.7;170.7;2.3;0.0
69.0;170.7;1.8;0.0
0.0;170.7;0.0;0.0
5.0;171.7;13.4;0.0
9.1;171.9;0.0;0.0
8.3;171.9;0.0;0.0
7.5;171.9;0.0;0.0
8.3;171.9;0.0;0.0
8.3;172.0;0.0;0.0
9.2;172.0;0.0;0.0
8.3;172.0;0.0;0.0
7.5;172.0;0.0;0.0
8.3;172.0;0.0;0.0
9.1;172.0;0.0;0.0
8.3;172.0;0.0;0.0
7.5;172.0;0.0;0.0
8.3;172.0;0.0;0.0
8.3;172.1;0.0;0.0
9.2;172.1;0.0;0.0
8.3;172.1;0.0;0.0
7.5;172.1;0.0;0.0
8.3;172.1;0.0;0.0
