16.6;47.1;23.2;0.0
7.5;61.2;28.5;0.0
7.5;65.3;29.1;0.0
7.5;78.2;22.9;0.0
8.3;85.3;28.9;0.0
5.8;95.2;37.2;0.0
7.5;105.2;43.3;0.0
48.9;126.5;36.3;0.0
56.5;135.0;19.9;0.0
8.3;140.5;9.8;0.0
7.5;153.2;38.5;0.0
9.1;156.3;2.9;0.0
8.3;156.3;0.0;0.0
8.3;156.5;0.0;0.0
18.3;164.7;0.0;0.0
93.2;165.9;7.0;0.0
11.6;166.7;1.0;0.0
8.3;166.9;0.0;0.0
8.3;166.9;0.0;0.0
8.3;166.9;0.0;0.0
8.3;166.9;0.0;0.0
8.3;166.9;0.0;0.0
8.3;166.9;0.0;0.0
8.3;166.9;0.0;0.0
8.3;166.9;0.0;0.0
8.3;166.9;0.0;0.0
8.3;166.9;0.0;0.0
9.1;167.0;0.0;0.0
8.3;167.0;0.0;0.0
8.3;167.0;0.0;0.0
8.3;167.0;0.0;0.0
8.3;167.0;0.0;0.0
8.3;167.0;0.0;0.0
8.3;167.0;0.0;0.0
8.3;167.0;0.0;0.0
8.3;167.0;0.0;0.0
8.3;167.0;0.0;0.0
8.3;167.0;0.0;0.0
8.3;167.0;0.0;0.0
8.3;167.0;0.0;0.0
8.3;167.0;0.0;0.0
8.3;167.0;0.0;0.0
8.3;167.0;0.0;0.0
9.1;167.0;0.0;0.0
8.3;167.0;0.0;0.0
8.3;167.0;0.0;0.0
8.3;167.0;0.0;0.0
8.3;167.0;0.0;0.0
8.3;167.0;0.0;0.0
8.3;167.0;0.0;0.0
8.3;167.0;0.0;0.0
8.3;167.0;0.0;0.0
8.3;167.0;0.0;0.0
8.3;167.0;0.0;0.0
8.3;167.0;0.0;0.0
8.3;167.2;0.0;0.0
8.3;167.2;0.0;0.0
8.3;167.2;0.0;0.0
8.3;167.2;0.0;0.0
8.3;167.2;0.0;0.0
