5.8;52.6;28.1;0.0
8.3;64.3;23.8;0.0
6.6;72.8;22.5;0.0
9.1;85.5;26.2;0.0
6.6;93.0;27.8;0.0
8.3;102.1;39.2;0.0
6.6;114.4;48.4;0.0
67.8;135.1;22.1;0.0
40.7;143.8;19.7;0.0
8.3;149.3;9.8;0.0
8.3;163.1;41.0;0.0
8.3;165.1;0.4;0.0
8.3;165.1;0.0;0.0
8.3;165.3;0.0;0.0
33.3;178.2;0.7;0.0
87.3;179.3;7.3;0.0
7.5;179.8;0.0;0.0
8.3;179.8;0.0;0.0
8.3;179.8;0.0;0.0
8.3;179.8;0.0;0.0
8.3;179.8;0.0;0.0
8.3;179.8;0.0;0.0
8.3;179.8;0.0;0.0
8.3;179.8;0.0;0.0
8.3;179.8;0.0;0.0
8.3;179.8;0.0;0.0
8.3;179.8;0.0;0.0
8.3;179.9;0.0;0.0
8.3;179.9;0.0;0.0
8.3;179.9;0.0;0.0
8.3;179.9;0.0;0.0
8.3;179.9;0.0;0.0
8.3;179.9;0.0;0.0
8.3;179.9;0.0;0.0
8.3;179.9;0.0;0.0
8.3;179.9;0.0;0.0
8.3;179.9;0.0;0.0
8.3;179.9;0.0;0.0
8.3;179.9;0.0;0.0
8.3;179.9;0.0;0.0
8.3;179.9;0.0;0.0
8.3;179.9;0.0;0.0
8.3;179.9;0.0;0.0
8.3;179.9;0.0;0.0
8.3;179.9;0.0;0.0
8.3;179.9;0.0;0.0
8.3;179.9;0.0;0.0
8.3;179.9;0.0;0.0
8.3;179.9;0.0;0.0
8.3;179.9;0.0;0.0
8.3;179.9;0.0;0.0
8.3;179.9;0.0;0.0
8.3;179.9;0.0;0.0
8.3;179.9;0.0;0.0
8.3;179.9;0.0;0.0
8.3;180.0;0.0;0.0
8.3;180.0;0.0;0.0
8.3;180.0;0.0;0.0
8.3;180.0;0.0;0.0
8.3;180.0;0.0;0.0
