10.8;44.3;24.5;0.0
6.7;59.3;27.4;0.0
9.1;69.3;21.8;0.0
6.6;69.5;20.9;0.0
7.5;78.8;24.6;0.0
7.5;87.2;34.5;0.0
7.5;94.4;32.8;0.0
7.5;105.1;44.2;0.0
65.7;127.7;27.1;0.0
42.4;136.0;15.2;0.0
8.3;141.3;18.0;0.0
7.5;156.2;33.2;0.0
8.3;156.5;0.0;0.0
8.3;156.5;0.0;0.0
7.5;156.6;0.0;0.0
23.3;187.0;0.0;0.0
94.0;188.0;6.0;0.0
10.0;188.8;1.0;0.0
9.1;189.0;0.0;0.0
8.3;189.0;0.0;0.0
7.5;189.0;0.0;0.0
9.1;189.0;0.0;0.0
8.3;189.0;0.0;0.0
8.3;189.0;0.0;0.0
8.3;189.1;0.0;0.0
8.3;189.1;0.0;0.0
8.3;189.1;0.0;0.0
9.1;189.1;0.0;0.0
8.3;189.1;0.0;0.0
7.5;189.1;0.0;0.0
8.3;189.1;0.0;0.0
8.3;189.1;0.0;0.0
8.3;189.1;0.0;0.0
8.3;189.1;0.0;0.0
8.3;189.1;0.0;0.0
8.3;189.1;0.0;0.0
8.3;189.1;0.0;0.0
8.3;189.1;0.0;0.0
8.3;189.1;0.0;0.0
8.3;189.1;0.0;0.0
9.2;189.1;0.0;0.0
8.3;189.3;0.0;0.0
8.3;189.3;0.0;0.0
7.5;189.3;0.0;0.0
8.3;189.3;0.0;0.0
8.3;189.3;0.0;0.0
8.3;189.3;0.0;0.0
8.3;189.3;0.0;0.0
8.3;189.3;0.0;0.0
8.3;189.3;0.0;0.0
8.3;189.3;0.0;0.0
8.3;189.3;0.0;0.0
8.3;189.3;0.0;0.0
8.3;189.3;0.0;0.0
9.1;189.3;0.0;0.0
8.3;189.3;0.0;0.0
8.3;189.3;0.0;0.0
8.3;189.3;0.0;0.0
8.3;189.3;0.0;0.0
9.1;189.3;0.0;0.0
