6.6;49.3;22.7;0.0
8.3;62.2;23.2;0.0
7.5;60.8;24.3;0.0
8.3;71.1;15.7;0.0
7.5;78.1;22.4;0.0
5.8;87.1;35.9;0.0
8.3;95.3;38.8;0.0
7.5;105.6;36.3;0.0
87.4;126.1;22.3;0.0
22.4;135.8;19.5;0.0
7.5;142.7;22.6;0.0
8.3;155.8;28.5;0.0
8.3;155.8;0.0;0.0
8.3;156.0;0.0;0.0
8.3;156.0;0.0;0.0
75.7;189.1;2.3;0.0
38.2;190.2;9.7;0.0
8.3;190.4;0.0;0.0
8.3;190.4;0.0;0.0
8.3;190.4;0.0;0.0
8.3;190.4;0.0;0.0
8.3;190.4;0.0;0.0
9.1;190.4;0.0;0.0
8.3;190.4;0.0;0.0
8.3;190.4;0.0;0.0
8.3;190.4;0.0;0.0
8.3;190.4;0.0;0.0
8.3;190.4;0.0;0.0
8.3;190.5;0.0;0.0
8.3;190.5;0.0;0.0
8.3;190.5;0.0;0.0
8.3;190.5;0.0;0.0
8.3;190.5;0.0;0.0
8.3;190.5;0.0;0.0
8.3;190.5;0.0;0.0
8.3;190.5;0.0;0.0
8.3;190.5;0.0;0.0
8.3;190.5;0.0;0.0
9.1;190.5;0.0;0.0
8.3;190.5;0.0;0.0
8.3;190.6;0.0;0.0
8.3;190.6;0.0;0.0
8.3;190.6;0.0;0.0
8.3;190.6;0.0;0.0
8.3;190.6;0.0;0.0
8.3;190.6;0.0;0.0
8.3;190.6;0.0;0.0
8.3;190.6;0.0;0.0
8.3;190.6;0.0;0.0
8.3;190.6;0.0;0.0
8.3;190.6;0.0;0.0
8.3;190.6;0.0;0.0
8.3;190.6;0.0;0.0
8.3;190.6;0.0;0.0
9.1;190.6;0.0;0.0
8.3;190.6;0.0;0.0
8.3;190.6;0.0;0.0
8.3;190.6;0.0;0.0
8.3;190.6;0.0;0.0
8.3;190.6;0.0;0.0
