6.6;50.3;16.6;0.0
6.6;64.8;28.1;0.0
9.1;74.4;21.7;0.0
5.8;84.2;20.0;0.0
8.3;92.4;23.0;0.0
5.8;102.1;41.7;0.0
9.1;112.4;42.8;0.0
15.0;131.6;31.8;0.0
93.1;144.5;35.7;0.0
8.3;150.6;8.0;0.0
7.5;160.4;33.3;0.0
7.5;168.2;11.7;0.0
8.3;168.2;0.0;0.0
8.3;168.4;0.0;0.0
20.0;178.8;0.0;0.0
94.0;179.6;3.3;0.0
5.8;179.9;4.7;0.0
5.8;180.7;3.2;0.0
8.3;180.9;0.0;0.0
8.3;180.9;0.0;0.0
9.1;180.9;0.0;0.0
8.3;180.9;0.0;0.0
8.3;180.9;0.0;0.0
8.3;181.0;0.0;0.0
8.3;181.0;0.0;0.0
9.1;181.0;0.0;0.0
8.3;181.0;0.0;0.0
8.3;181.0;0.0;0.0
8.3;181.0;0.0;0.0
8.3;181.0;0.0;0.0
8.3;181.0;0.0;0.0
8.3;181.0;0.0;0.0
8.3;181.0;0.0;0.0
8.3;181.0;0.0;0.0
8.3;181.0;0.0;0.0
8.3;181.0;0.0;0.0
8.3;181.0;0.0;0.0
8.3;181.0;0.0;0.0
8.3;181.0;0.0;0.0
8.3;181.0;0.0;0.0
8.3;181.0;0.0;0.0
9.2;181.0;0.0;0.0
8.3;181.0;0.0;0.0
8.3;181.0;0.0;0.0
8.3;181.0;0.0;0.0
8.3;181.0;0.0;0.0
8.3;181.0;0.0;0.0
8.3;181.0;0.0;0.0
8.3;181.0;0.0;0.0
8.3;181.0;0.0;0.0
8.3;181.0;0.0;0.0
8.3;181.0;0.0;0.0
8.3;181.0;0.0;0.0
8.3;181.0;0.0;0.0
8.3;181.0;0.0;0.0
8.3;181.0;0.0;0.0
8.3;181.1;0.0;0.0
9.1;181.1;0.0;0.0
8.3;181.1;0.0;0.0
8.3;181.1;0.0;0.0
