7.5;45.8;21.6;0.0
7.5;61.6;27.4;0.0
7.5;72.5;23.0;0.0
6.6;73.2;22.2;0.0
8.3;83.7;24.4;0.0
7.5;91.2;33.0;0.0
6.6;99.5;33.2;0.0
7.5;111.6;47.4;0.0
69.9;129.5;18.4;0.0
38.2;139.1;23.2;0.0
7.5;144.6;13.0;0.0
8.3;159.6;38.2;0.0
8.3;160.0;0.0;0.0
8.3;160.0;0.0;0.0
8.3;160.2;0.0;0.0
59.1;165.4;2.3;0.0
61.4;166.4;5.0;0.0
8.3;166.6;0.0;0.0
9.1;166.6;0.0;0.0
8.3;166.6;0.0;0.0
8.3;166.6;0.0;0.0
8.3;166.6;0.0;0.0
8.3;166.6;0.0;0.0
8.3;166.6;0.0;0.0
8.3;166.7;0.0;0.0
8.3;166.7;0.0;0.0
8.3;166.7;0.0;0.0
8.3;166.7;0.0;0.0
9.1;166.7;0.0;0.0
8.3;166.7;0.0;0.0
8.3;166.7;0.0;0.0
8.3;166.7;0.0;0.0
8.3;166.7;0.0;0.0
8.3;166.7;0.0;0.0
7.5;166.7;0.0;0.0
8.3;166.7;0.0;0.0
8.3;166.7;0.0;0.0
8.3;166.7;0.0;0.0
8.3;166.9;0.0;0.0
8.3;166.9;0.0;0.0
8.3;166.9;0.0;0.0
8.3;166.9;0.0;0.0
8.3;166.9;0.0;0.0
8.3;166.9;0.0;0.0
8.3;166.9;0.0;0.0
9.1;166.9;0.0;0.0
9.1;166.9;0.0;0.0
8.3;166.9;0.0;0.0
8.3;166.9;0.0;0.0
8.3;166.9;0.0;0.0
8.3;166.9;0.0;0.0
8.3;166.9;0.0;0.0
8.3;166.9;0.0;0.0
8.3;166.9;0.0;0.0
8.3;166.9;0.0;0.0
8.3;166.9;0.0;0.0
8.3;166.9;0.0;0.0
8.3;166.9;0.0;0.0
8.3;166.9;0.0;0.0
8.3;166.9;0.0;0.0
