7.5;44.7;24.7;0.0
7.5;58.7;26.1;0.0
8.3;68.4;20.6;0.0
5.8;74.8;21.9;0.0
8.3;85.1;23.9;0.0
7.5;92.8;33.8;0.0
6.6;101.5;37.0;0.0
6.6;113.2;43.3;0.0
80.7;134.8;33.6;0.0
29.9;141.6;8.6;0.0
7.5;148.4;22.0;0.0
8.3;161.6;28.6;0.0
8.3;161.6;0.0;0.0
8.3;161.6;0.0;0.0
8.3;161.7;0.0;0.0
56.5;170.9;2.3;0.0
59.1;171.9;7.9;0.0
8.3;172.1;0.0;0.0
8.3;172.1;0.0;0.0
8.3;172.1;0.0;0.0
8.3;172.1;0.0;0.0
8.3;172.1;0.0;0.0
8.3;172.1;0.0;0.0
8.3;172.1;0.0;0.0
8.3;172.1;0.0;0.0
8.3;172.1;0.0;0.0
8.3;172.1;0.0;0.0
8.3;172.2;0.0;0.0
8.3;172.2;0.0;0.0
8.3;172.2;0.0;0.0
8.3;172.2;0.0;0.0
8.3;172.2;0.0;0.0
8.3;172.2;0.0;0.0
8.3;172.2;0.0;0.0
8.3;172.2;0.0;0.0
8.3;172.2;0.0;0.0
8.3;172.2;0.0;0.0
8.3;172.2;0.0;0.0
8.3;172.2;0.0;0.0
8.3;172.2;0.0;0.0
8.3;172.2;0.0;0.0
9.1;172.2;0.0;0.0
8.3;172.2;0.0;0.0
8.3;172.2;0.0;0.0
8.3;172.2;0.0;0.0
8.3;172.2;0.0;0.0
8.3;172.2;0.0;0.0
8.3;172.2;0.0;0.0
8.3;172.2;0.0;0.0
8.3;172.2;0.0;0.0
8.3;172.2;0.0;0.0
8.3;172.2;0.0;0.0
8.3;172.2;0.0;0.0
8.3;172.2;0.0;0.0
8.3;172.2;0.0;0.0
8.3;172.2;0.0;0.0
8.3;172.2;0.0;0.0
8.3;172.3;0.0;0.0
8.3;172.3;0.0;0.0
8.3;172.3;0.0;0.0
