8.3;44.6;23.7;0.0
7.5;59.6;28.8;0.0
7.5;68.9;23.0;0.0
6.6;74.1;18.6;0.0
8.3;82.0;24.8;0.0
5.8;92.0;40.5;0.0
8.3;102.0;42.4;0.0
15.0;118.5;29.6;0.0
93.9;131.3;35.4;0.0
8.3;138.0;8.0;0.0
7.5;143.7;23.9;0.0
9.1;155.4;22.9;0.0
8.3;155.6;0.0;0.0
8.3;155.6;0.0;0.0
8.3;155.8;0.0;0.0
41.6;165.0;2.0;0.0
76.5;166.9;7.4;0.0
7.5;166.2;0.0;0.0
8.3;166.2;0.0;0.0
8.3;166.2;0.0;0.0
8.3;166.2;0.0;0.0
8.3;166.2;0.0;0.0
8.3;166.2;0.0;0.0
8.3;166.2;0.0;0.0
9.1;166.4;0.0;0.0
8.3;166.4;0.0;0.0
8.3;166.4;0.0;0.0
7.5;166.4;0.0;0.0
8.3;166.4;0.0;0.0
8.3;166.4;0.0;0.0
8.3;166.4;0.0;0.0
8.3;166.4;0.0;0.0
8.3;166.4;0.0;0.0
8.3;166.4;0.0;0.0
8.3;166.4;0.0;0.0
8.3;166.4;0.0;0.0
9.1;166.4;0.0;0.0
8.3;166.4;0.0;0.0
8.3;166.4;0.0;0.0
8.3;166.4;0.0;0.0
7.5;166.4;0.0;0.0
8.3;166.4;0.0;0.0
8.3;166.4;0.0;0.0
9.1;166.4;0.0;0.0
8.3;166.4;0.0;0.0
8.3;166.4;0.0;0.0
8.3;166.4;0.0;0.0
8.3;166.4;0.0;0.0
8.3;166.4;0.0;0.0
8.3;166.4;0.0;0.0
8.3;166.4;0.0;0.0
8.3;166.4;0.0;0.0
8.3;166.4;0.0;0.0
8.3;166.4;0.0;0.0
9.2;166.5;0.0;0.0
8.3;166.5;0.0;0.0
8.3;166.5;0.0;0.0
8.3;166.5;0.0;0.0
8.3;166.5;0.0;0.0
8.3;166.5;0.0;0.0
