10.8;41.5;22.7;0.0
7.5;55.8;26.4;0.0
8.3;65.8;21.3;0.0
5.8;65.8;19.0;0.0
9.1;78.3;26.0;0.0
6.6;84.2;25.6;0.0
7.5;93.8;36.4;0.0
6.6;105.0;43.5;0.0
53.6;131.6;30.6;0.0
54.9;140.7;21.4;0.0
9.1;146.5;13.0;0.0
6.6;160.4;37.9;0.0
8.3;161.7;0.4;0.0
8.3;161.7;0.0;0.0
8.3;161.9;0.0;0.0
38.3;173.2;2.0;0.0
76.4;175.2;7.3;0.0
8.3;174.6;0.0;0.0
8.3;174.6;0.0;0.0
8.3;174.6;0.0;0.0
8.3;174.6;0.0;0.0
9.1;174.6;0.0;0.0
8.3;174.6;0.0;0.0
8.3;174.6;0.0;0.0
8.3;174.6;0.0;0.0
8.3;174.6;0.0;0.0
8.3;174.6;0.0;0.0
8.3;174.7;0.0;0.0
8.3;174.7;0.0;0.0
8.3;174.7;0.0;0.0
9.1;174.7;0.0;0.0
8.3;174.7;0.0;0.0
8.3;174.7;0.0;0.0
8.3;174.7;0.0;0.0
8.3;174.7;0.0;0.0
8.3;174.7;0.0;0.0
8.3;174.7;0.0;0.0
8.3;174.7;0.0;0.0
8.3;174.7;0.0;0.0
8.3;174.7;0.0;0.0
8.3;174.7;0.0;0.0
8.3;174.7;0.0;0.0
8.3;174.7;0.0;0.0
8.3;174.7;0.0;0.0
8.3;174.7;0.0;0.0
8.3;174.7;0.0;0.0
9.1;174.7;0.0;0.0
8.3;174.7;0.0;0.0
8.3;174.7;0.0;0.0
8.3;174.7;0.0;0.0
8.3;174.7;0.0;0.0
8.3;174.7;0.0;0.0
8.3;174.7;0.0;0.0
8.3;174.7;0.0;0.0
8.3;174.7;0.0;0.0
8.3;174.7;0.0;0.0
8.3;174.8;0.0;0.0
8.3;174.8;0.0;0.0
8.3;174.8;0.0;0.0
8.3;174.8;0.0;0.0
