5.8;52.8;17.4;0.0
8.3;64.5;23.5;0.0
6.6;73.9;25.2;0.0
8.3;82.6;18.9;0.0
7.5;90.0;32.8;0.0
7.5;101.4;41.6;0.0
7.5;112.1;44.6;0.0
50.8;133.6;31.1;0.0
58.1;142.7;21.8;0.0
8.3;148.3;9.8;0.0
7.5;161.3;40.6;0.0
8.3;163.8;0.8;0.0
8.3;163.8;0.0;0.0
8.3;164.0;0.0;0.0
8.3;164.0;0.0;0.0
87.2;171.1;4.1;0.0
39.9;172.1;5.4;0.0
8.3;172.3;0.0;0.0
8.3;172.3;0.0;0.0
8.3;172.3;0.0;0.0
8.3;172.3;0.0;0.0
8.3;172.3;0.0;0.0
8.3;172.3;0.0;0.0
8.3;172.3;0.0;0.0
8.3;172.4;0.0;0.0
8.3;172.4;0.0;0.0
8.3;172.4;0.0;0.0
8.3;172.4;0.0;0.0
8.3;172.4;0.0;0.0
8.3;172.4;0.0;0.0
8.3;172.4;0.0;0.0
8.3;172.4;0.0;0.0
8.3;172.4;0.0;0.0
9.2;172.4;0.0;0.0
8.3;172.4;0.0;0.0
8.3;172.4;0.0;0.0
8.3;172.4;0.0;0.0
8.3;172.4;0.0;0.0
8.3;172.6;0.0;0.0
8.3;172.6;0.0;0.0
8.3;172.6;0.0;0.0
8.3;172.6;0.0;0.0
8.3;172.6;0.0;0.0
8.3;172.6;0.0;0.0
8.3;172.6;0.0;0.0
8.3;172.6;0.0;0.0
8.3;172.6;0.0;0.0
8.3;172.6;0.0;0.0
8.3;172.6;0.0;0.0
8.3;172.6;0.0;0.0
8.3;172.6;0.0;0.0
8.3;172.6;0.0;0.0
8.3;172.6;0.0;0.0
8.3;172.6;0.0;0.0
8.3;172.6;0.0;0.0
8.3;172.6;0.0;0.0
8.3;172.6;0.0;0.0
8.3;172.6;0.0;0.0
8.3;172.6;0.0;0.0
8.3;172.6;0.0;0.0
