5.8;55.8;24.3;0.0
6.6;68.5;20.8;0.0
7.5;68.8;27.7;0.0
7.5;81.0;19.3;0.0
8.3;87.5;29.7;0.0
6.6;98.0;39.2;0.0
7.5;107.2;40.0;0.0
35.8;130.9;29.7;0.0
69.0;140.9;29.4;0.0
8.3;146.6;8.3;0.0
8.3;158.0;35.6;0.0
8.3;162.9;7.4;0.0
8.3;162.9;0.0;0.0
8.3;163.1;0.0;0.0
8.3;163.1;0.0;0.0
90.9;168.4;7.3;0.0
24.9;169.4;5.0;0.0
8.3;169.6;0.0;0.0
8.3;169.6;0.0;0.0
8.3;169.6;0.0;0.0
8.3;169.6;0.0;0.0
8.3;169.6;0.0;0.0
9.2;169.6;0.0;0.0
8.3;169.6;0.0;0.0
8.3;169.7;0.0;0.0
8.3;169.7;0.0;0.0
8.3;169.7;0.0;0.0
8.3;169.7;0.0;0.0
8.3;169.7;0.0;0.0
8.3;169.7;0.0;0.0
8.3;169.7;0.0;0.0
8.3;169.7;0.0;0.0
8.3;169.7;0.0;0.0
8.3;169.7;0.0;0.0
8.3;169.7;0.0;0.0
8.3;169.7;0.0;0.0
8.3;169.7;0.0;0.0
8.3;169.7;0.0;0.0
8.3;169.7;0.0;0.0
8.3;169.7;0.0;0.0
8.3;169.8;0.0;0.0
8.3;169.8;0.0;0.0
8.3;169.8;0.0;0.0
8.3;169.8;0.0;0.0
8.3;169.8;0.0;0.0
8.3;169.8;0.0;0.0
8.3;169.8;0.0;0.0
8.3;169.8;0.0;0.0
8.3;169.8;0.0;0.0
8.3;169.8;0.0;0.0
8.3;169.8;0.0;0.0
8.3;169.8;0.0;0.0
8.3;169.8;0.0;0.0
8.3;169.8;0.0;0.0
9.1;169.8;0.0;0.0
8.3;169.8;0.0;0.0
8.3;169.8;0.0;0.0
8.3;169.8;0.0;0.0
8.3;169.8;0.0;0.0
8.3;169.8;0.0;0.0
