6.6;53.3;34.0;0.0
7.5;64.8;24.5;0.0
6.6;68.7;21.6;0.0
8.3;78.1;24.6;0.0
6.6;87.3;39.3;0.0
8.3;97.3;41.4;0.0
7.5;109.2;31.9;0.0
98.2;131.9;41.2;0.0
11.6;138.5;9.8;0.0
7.5;153.6;41.4;0.0
8.3;154.1;0.0;0.0
8.3;154.3;0.0;0.0
8.3;154.3;0.0;0.0
74.0;189.4;4.1;0.0
39.0;189.4;0.0;0.0
0.0;189.4;0.0;0.0
5.0;190.5;7.8;0.0
8.3;190.7;0.0;0.0
8.3;190.7;0.0;0.0
8.3;190.7;0.0;0.0
8.3;190.7;0.0;0.0
8.3;190.7;0.0;0.0
8.3;190.7;0.0;0.0
8.3;190.7;0.0;0.0
8.3;190.7;0.0;0.0
9.1;190.7;0.0;0.0
8.3;190.7;0.0;0.0
8.3;190.8;0.0;0.0
8.3;190.8;0.0;0.0
8.3;190.8;0.0;0.0
8.3;190.8;0.0;0.0
8.3;190.8;0.0;0.0
8.3;190.8;0.0;0.0
8.3;190.8;0.0;0.0
8.3;190.8;0.0;0.0
8.3;190.8;0.0;0.0
8.3;190.8;0.0;0.0
8.3;190.8;0.0;0.0
8.3;190.8;0.0;0.0
8.3;190.8;0.0;0.0
8.3;190.8;0.0;0.0
8.3;190.8;0.0;0.0
8.3;190.8;0.0;0.0
8.3;190.8;0.0;0.0
8.3;190.8;0.0;0.0
8.3;190.8;0.0;0.0
8.3;190.8;0.0;0.0
8.3;190.8;0.0;0.0
8.3;190.8;0.0;0.0
8.3;190.8;0.0;0.0
8.3;190.8;0.0;0.0
8.3;190.8;0.0;0.0
8.3;190.8;0.0;0.0
8.3;190.9;0.0;0.0
8.3;190.9;0.0;0.0
8.3;190.9;0.0;0.0
8.3;190.9;0.0;0.0
8.3;190.9;0.0;0.0
8.3;190.9;0.0;0.0
8.3;190.9;0.0;0.0
