6.6;57.1;27.9;0.0
7.5;69.4;26.4;0.0
6.6;71.7;22.2;0.0
8.3;83.2;25.7;0.0
7.5;92.6;38.5;0.0
7.5;102.9;42.8;0.0
7.5;111.2;32.3;0.0
89.9;135.4;35.4;0.0
14.1;143.2;9.2;0.0
8.3;153.5;35.5;0.0
8.3;161.4;12.7;0.0
8.3;161.4;0.0;0.0
7.5;161.6;0.0;0.0
27.5;168.1;0.1;0.0
87.3;169.0;7.7;0.0
7.5;169.8;1.8;0.0
8.3;170.0;0.0;0.0
8.3;170.0;0.0;0.0
8.3;170.0;0.0;0.0
8.3;170.0;0.0;0.0
8.3;170.0;0.0;0.0
8.3;170.0;0.0;0.0
8.3;170.0;0.0;0.0
8.3;170.0;0.0;0.0
8.3;170.0;0.0;0.0
8.3;170.0;0.0;0.0
8.3;170.0;0.0;0.0
8.3;170.1;0.0;0.0
8.3;170.1;0.0;0.0
8.3;170.1;0.0;0.0
8.3;170.1;0.0;0.0
9.2;170.1;0.0;0.0
8.3;170.1;0.0;0.0
8.3;170.1;0.0;0.0
8.3;170.1;0.0;0.0
8.3;170.1;0.0;0.0
8.3;170.1;0.0;0.0
8.3;170.1;0.0;0.0
9.1;170.1;0.0;0.0
8.3;170.1;0.0;0.0
8.3;170.1;0.0;0.0
8.3;170.1;0.0;0.0
8.3;170.1;0.0;0.0
7.5;170.1;0.0;0.0
8.3;170.1;0.0;0.0
8.3;170.1;0.0;0.0
9.1;170.1;0.0;0.0
8.3;170.1;0.0;0.0
8.3;170.1;0.0;0.0
8.3;170.1;0.0;0.0
8.3;170.1;0.0;0.0
8.3;170.1;0.0;0.0
8.3;170.1;0.0;0.0
8.3;170.1;0.0;0.0
8.3;170.1;0.0;0.0
8.3;170.2;0.0;0.0
8.3;170.2;0.0;0.0
8.3;170.2;0.0;0.0
8.3;170.2;0.0;0.0
8.3;170.2;0.0;0.0
