20.8;38.1;21.0;0.0
7.5;52.5;26.3;0.0
8.3;64.1;23.5;0.0
7.5;70.6;21.5;0.0
7.5;80.7;23.6;0.0
7.5;86.6;25.4;0.0
6.6;96.2;36.2;0.0
7.5;107.4;43.7;0.0
54.1;128.0;30.0;0.0
54.0;137.0;22.0;0.0
8.3;142.6;9.8;0.0
7.5;156.8;41.0;0.0
8.3;158.1;0.4;0.0
8.3;158.1;0.0;0.0
8.3;158.3;0.0;0.0
66.6;171.4;4.2;0.0
44.1;172.6;4.4;0.0
8.3;172.8;0.0;0.0
8.3;172.8;0.0;0.0
8.3;172.8;0.0;0.0
9.1;172.8;0.0;0.0
8.3;172.8;0.0;0.0
8.3;172.8;0.0;0.0
8.3;172.8;0.0;0.0
8.3;172.9;0.0;0.0
8.3;172.9;0.0;0.0
8.3;172.9;0.0;0.0
8.3;172.9;0.0;0.0
8.3;172.9;0.0;0.0
8.3;172.9;0.0;0.0
8.3;172.9;0.0;0.0
8.3;172.9;0.0;0.0
8.3;172.9;0.0;0.0
8.3;172.9;0.0;0.0
8.3;172.9;0.0;0.0
8.3;172.9;0.0;0.0
8.3;172.9;0.0;0.0
8.3;172.9;0.0;0.0
8.3;172.9;0.0;0.0
9.1;172.9;0.0;0.0
8.3;172.9;0.0;0.0
8.3;172.9;0.0;0.0
7.5;172.9;0.0;0.0
8.3;172.9;0.0;0.0
8.3;172.9;0.0;0.0
8.3;172.9;0.0;0.0
8.3;172.9;0.0;0.0
8.3;172.9;0.0;0.0
8.3;173.0;0.0;0.0
8.3;173.0;0.0;0.0
8.3;173.0;0.0;0.0
8.3;173.0;0.0;0.0
8.3;173.0;0.0;0.0
8.3;173.0;0.0;0.0
8.3;173.0;0.0;0.0
8.3;173.0;0.0;0.0
8.3;173.0;0.0;0.0
8.3;173.0;0.0;0.0
8.3;173.0;0.0;0.0
8.3;173.0;0.0;0.0
