7.5;50.1;24.8;0.0
7.5;60.7;17.9;0.0
8.3;68.9;23.0;0.0
6.6;70.1;16.8;0.0
9.2;78.0;23.0;0.0
5.0;87.8;41.1;0.0
7.5;97.6;40.4;0.0
7.5;105.5;30.1;0.0
95.5;131.5;41.4;0.0
13.3;135.8;4.8;0.0
7.5;145.7;33.3;0.0
7.5;153.6;13.3;0.0
8.3;153.6;0.0;0.0
8.3;153.8;0.0;0.0
14.2;186.1;0.0;0.0
93.7;187.1;7.0;0.0
15.0;188.2;0.4;0.0
8.3;188.2;0.0;0.0
8.3;188.2;0.0;0.0
8.3;188.2;0.0;0.0
8.3;188.2;0.0;0.0
8.3;188.2;0.0;0.0
8.3;188.2;0.0;0.0
9.1;188.3;0.0;0.0
9.1;188.3;0.0;0.0
8.3;188.3;0.0;0.0
8.3;188.3;0.0;0.0
8.3;188.3;0.0;0.0
8.3;188.3;0.0;0.0
8.3;188.3;0.0;0.0
8.3;188.3;0.0;0.0
8.3;188.3;0.0;0.0
8.3;188.3;0.0;0.0
8.3;188.3;0.0;0.0
8.3;188.3;0.0;0.0
8.3;188.3;0.0;0.0
8.3;188.3;0.0;0.0
8.3;188.3;0.0;0.0
8.3;188.3;0.0;0.0
8.3;188.3;0.0;0.0
9.1;188.3;0.0;0.0
8.3;188.3;0.0;0.0
8.3;188.3;0.0;0.0
8.3;188.3;0.0;0.0
8.3;188.3;0.0;0.0
8.3;188.3;0.0;0.0
8.3;188.3;0.0;0.0
8.3;188.3;0.0;0.0
8.3;188.3;0.0;0.0
8.3;188.3;0.0;0.0
8.3;188.3;0.0;0.0
8.3;188.3;0.0;0.0
8.3;188.3;0.0;0.0
8.3;188.3;0.0;0.0
8.3;188.3;0.0;0.0
8.3;188.4;0.0;0.0
9.1;188.4;0.0;0.0
8.3;188.4;0.0;0.0
8.3;188.4;0.0;0.0
8.3;188.4;0.0;0.0
