6.6;51.4;29.3;0.0
7.5;66.4;31.4;0.0
6.6;72.1;22.6;0.0
8.3;84.9;26.2;0.0
6.7;92.7;31.2;0.0
6.6;101.9;39.4;0.0
6.6;113.8;44.9;0.0
83.2;138.0;41.6;0.0
27.4;144.4;9.8;0.0
6.6;158.0;41.4;0.0
0.0;158.0;0.0;0.0
0.0;158.0;0.0;0.0
0.0;158.0;0.0;0.0
0.0;158.0;0.0;0.0
0.0;158.0;0.0;0.0
0.0;158.0;0.0;0.0
0.0;158.0;0.0;0.0
0.0;158.4;1.7;0.0
0.0;158.4;0.0;0.0
0.0;158.4;0.0;0.0
0.0;158.4;0.4;0.0
0.0;158.4;0.0;0.0
0.0;158.4;0.0;0.0
0.0;158.4;0.0;0.0
0.0;158.4;0.0;0.0
0.0;158.4;0.0;0.0
0.0;158.4;0.0;0.0
0.0;158.4;0.0;0.0
0.0;158.4;2.2;0.0
0.0;158.4;0.0;0.0
0.0;158.4;0.0;0.0
0.0;158.4;0.0;0.0
0.0;158.4;0.0;0.0
0.0;158.4;0.0;0.0
0.0;158.4;0.0;0.0
0.0;158.4;0.0;0.0
0.0;158.4;0.0;0.0
0.0;158.4;0.0;0.0
0.0;158.4;0.0;0.0
0.0;158.4;2.7;0.0
0.0;158.4;0.0;0.0
0.0;158.4;0.0;0.0
1.7;160.2;0.9;0.0
8.3;161.1;0.4;0.0
8.3;161.1;0.0;0.0
8.3;161.1;0.0;0.0
8.3;161.1;0.0;0.0
8.3;161.1;0.0;0.0
72.4;175.8;0.4;0.0
24.9;175.8;0.0;0.0
0.0;175.8;0.0;0.0
0.0;175.8;0.0;0.0
0.0;175.8;0.0;0.0
0.0;175.8;0.0;0.0
0.0;175.8;0.0;0.0
0.0;175.8;1.8;0.0
0.0;175.8;0.0;0.0
0.0;175.8;0.0;0.0
0.0;175.8;0.0;0.0
0.0;175.8;0.4;0.0
