6.6;56.3;33.9;0.0
7.5;69.2;25.8;0.0
7.5;79.6;23.0;0.0
7.5;88.7;29.6;0.0
5.8;99.9;45.7;0.0
7.5;110.9;46.8;0.0
54.9;136.3;37.6;0.0
50.7;145.6;17.7;0.0
8.3;158.3;39.5;0.0
1.7;163.6;10.7;0.0
0.0;163.6;0.0;0.0
0.0;163.6;0.0;0.0
0.0;163.6;0.0;0.0
0.0;163.6;0.0;0.0
0.0;163.6;0.0;0.0
0.0;163.6;0.0;0.0
0.0;163.8;1.8;0.0
0.0;163.8;0.0;0.0
0.0;163.8;0.0;0.0
0.0;163.8;0.0;0.0
0.0;163.8;0.4;0.0
0.0;163.8;0.0;0.0
0.0;163.8;0.0;0.0
0.0;163.8;0.0;0.0
0.0;163.8;0.0;0.0
0.0;163.8;0.0;0.0
0.0;163.8;0.0;0.0
0.0;163.8;2.2;0.0
0.0;163.8;0.0;0.0
0.0;163.8;0.0;0.0
0.0;163.8;0.0;0.0
0.0;163.8;0.0;0.0
0.0;163.8;0.0;0.0
0.0;163.8;0.0;0.0
0.0;163.8;0.0;0.0
0.0;163.8;0.0;0.0
0.0;163.8;0.0;0.0
0.0;163.8;0.0;0.0
0.0;163.8;2.3;0.0
0.0;163.8;0.0;0.0
0.0;163.8;0.0;0.0
0.0;163.8;0.0;0.0
5.8;166.3;1.4;0.0
7.5;166.5;0.0;0.0
8.3;166.5;0.0;0.0
8.3;166.5;0.0;0.0
8.3;166.7;0.0;0.0
50.7;177.3;0.4;0.0
49.0;177.3;0.0;0.0
0.0;177.3;0.0;0.0
0.0;177.3;0.0;0.0
0.0;177.3;0.0;0.0
0.0;177.3;0.0;0.0
0.0;177.3;0.0;0.0
0.0;177.3;0.0;0.0
0.0;177.3;1.8;0.0
0.0;177.3;0.0;0.0
0.0;177.3;0.0;0.0
0.0;177.3;0.4;0.0
0.0;177.3;0.0;0.0
