6.7;57.7;33.2;0.0
8.3;70.3;26.7;0.0
7.5;74.4;22.4;0.0
6.6;82.9;29.2;0.0
6.6;94.0;45.1;0.0
7.5;103.5;40.6;0.0
45.8;124.9;44.9;0.0
63.2;133.8;16.2;0.0
8.3;144.6;34.9;0.0
2.5;151.5;15.7;0.0
0.0;151.5;0.0;0.0
0.0;151.5;0.0;0.0
0.0;151.5;0.0;0.0
0.0;151.5;0.0;0.0
0.0;151.5;0.0;0.0
0.0;151.5;0.0;0.0
0.0;151.9;1.7;0.0
0.0;151.9;0.0;0.0
0.0;151.9;0.0;0.0
0.0;151.9;0.0;0.0
0.0;151.9;0.4;0.0
0.0;151.9;0.0;0.0
0.0;151.9;0.0;0.0
0.0;151.9;0.0;0.0
0.0;151.9;0.0;0.0
0.0;151.9;0.0;0.0
0.0;151.9;0.0;0.0
0.0;151.9;2.0;0.0
0.0;151.9;0.0;0.0
0.0;151.9;0.0;0.0
0.0;151.9;0.0;0.0
0.0;151.9;0.0;0.0
0.0;151.9;0.0;0.0
0.0;151.9;0.0;0.0
0.0;151.9;0.0;0.0
0.0;151.9;0.0;0.0
0.0;151.9;0.0;0.0
0.0;151.9;0.0;0.0
0.0;151.9;2.3;0.0
0.0;151.9;0.0;0.0
0.0;151.9;0.0;0.0
0.0;151.9;0.0;0.0
7.5;154.6;1.4;0.0
8.3;154.6;0.0;0.0
8.3;154.6;0.0;0.0
8.3;154.6;0.0;0.0
8.3;154.6;0.0;0.0
71.5;163.3;0.4;0.0
29.1;163.3;0.0;0.0
0.0;163.3;0.0;0.0
0.0;163.3;0.0;0.0
0.0;163.3;0.0;0.0
0.0;163.3;0.0;0.0
0.0;163.3;0.0;0.0
0.0;163.3;1.7;0.0
0.0;163.3;0.0;0.0
0.0;163.3;0.0;0.0
0.0;163.3;0.0;0.0
0.0;163.3;1.1;0.0
0.0;163.3;0.0;0.0
