6.7;59.7;33.3;0.0
7.5;71.0;27.0;0.0
7.5;82.6;22.7;0.0
6.6;89.8;32.2;0.0
7.5;100.6;40.0;0.0
7.5;109.4;39.0;0.0
48.9;132.9;44.1;0.0
61.5;141.3;15.6;0.0
7.5;152.3;34.9;0.0
2.5;159.2;15.7;0.0
0.0;159.2;0.0;0.0
0.0;159.2;0.0;0.0
0.0;159.2;0.0;0.0
0.0;159.2;0.0;0.0
0.0;159.2;0.0;0.0
0.0;159.2;0.0;0.0
0.0;159.4;1.8;0.0
0.0;159.4;0.0;0.0
0.0;159.4;0.0;0.0
0.0;159.4;0.0;0.0
0.0;159.4;0.4;0.0
0.0;159.4;0.0;0.0
0.0;159.4;0.0;0.0
0.0;159.4;0.0;0.0
0.0;159.4;0.0;0.0
0.0;159.4;0.0;0.0
0.0;159.4;0.0;0.0
0.0;159.4;2.2;0.0
0.0;159.4;0.0;0.0
0.0;159.4;0.0;0.0
0.0;159.4;0.0;0.0
0.0;159.4;0.0;0.0
0.0;159.4;0.0;0.0
0.0;159.4;0.0;0.0
0.0;159.4;0.0;0.0
0.0;159.4;0.0;0.0
0.0;159.4;0.0;0.0
0.0;159.4;0.0;0.0
0.8;159.4;2.4;0.0
0.0;159.4;0.0;0.0
0.0;159.4;0.0;0.0
0.0;159.4;0.0;0.0
5.0;162.0;1.4;0.0
8.3;162.3;0.0;0.0
8.3;162.3;0.0;0.0
8.3;162.3;0.0;0.0
8.3;162.3;0.0;0.0
44.9;170.8;0.4;0.0
54.8;170.8;0.0;0.0
0.0;170.8;0.0;0.0
0.0;170.8;0.0;0.0
0.0;170.8;0.0;0.0
0.0;170.8;0.0;0.0
0.0;170.8;0.0;0.0
0.0;170.8;0.0;0.0
0.8;170.8;1.8;0.0
0.0;170.8;0.0;0.0
0.0;170.8;0.0;0.0
0.0;170.8;0.4;0.0
0.0;170.8;0.0;0.0
