16.6;48.5;27.5;0.0
7.5;64.9;30.6;0.0
7.5;66.7;32.4;0.0
7.5;80.4;26.8;0.0
6.6;88.6;33.3;0.0
6.6;98.4;42.7;0.0
6.6;109.3;39.5;0.0
94.0;129.5;41.6;0.0
15.8;135.8;9.8;0.0
7.5;149.7;41.4;0.0
0.0;149.7;0.0;0.0
0.0;149.7;0.0;0.0
0.0;149.7;0.0;0.0
0.0;149.7;0.0;0.0
0.0;149.7;0.0;0.0
0.0;149.7;0.0;0.0
0.0;149.7;0.0;0.0
0.0;149.8;1.7;0.0
0.0;149.8;0.0;0.0
0.0;149.8;0.0;0.0
0.0;149.8;0.4;0.0
0.0;149.8;0.0;0.0
0.0;149.8;0.0;0.0
0.0;149.8;0.0;0.0
0.0;149.8;0.0;0.0
0.0;149.8;0.0;0.0
0.0;149.8;0.0;0.0
0.0;149.8;0.0;0.0
0.0;149.8;2.1;0.0
0.0;149.8;0.0;0.0
0.0;149.8;0.0;0.0
0.0;149.8;0.0;0.0
0.0;149.8;0.0;0.0
0.0;149.8;0.0;0.0
0.0;149.8;0.0;0.0
0.0;149.8;0.0;0.0
0.0;149.8;0.0;0.0
0.0;149.8;0.0;0.0
0.0;149.8;0.0;0.0
0.0;149.8;2.4;0.0
0.0;149.8;0.0;0.0
0.0;149.8;0.0;0.0
1.7;151.6;0.9;0.0
8.3;152.5;0.4;0.0
8.3;152.5;0.0;0.0
8.3;152.5;0.0;0.0
8.3;152.7;0.0;0.0
16.6;159.2;0.3;0.0
86.4;159.2;0.1;0.0
0.0;159.2;0.0;0.0
0.0;159.2;0.0;0.0
0.0;159.2;0.0;0.0
0.0;159.2;0.0;0.0
0.0;159.2;0.0;0.0
0.0;159.2;0.0;0.0
0.0;159.2;1.8;0.0
0.0;159.2;0.0;0.0
0.0;159.2;0.0;0.0
0.0;159.2;0.0;0.0
0.0;159.2;0.4;0.0
