21.6;47.9;31.1;0.0
8.3;63.7;32.9;0.0
5.8;70.2;22.5;0.0
9.1;81.2;24.8;0.0
6.6;90.7;37.8;0.0
6.7;100.9;41.8;0.0
10.0;115.3;35.3;0.0
99.8;131.5;40.4;0.0
7.5;138.2;10.0;0.0
5.8;151.6;41.2;0.0
0.0;151.6;0.0;0.0
0.0;151.6;0.0;0.0
0.0;151.6;0.0;0.0
0.0;151.6;0.0;0.0
0.0;151.6;0.0;0.0
0.0;151.6;0.0;0.0
0.0;151.6;0.0;0.0
0.0;151.9;1.8;0.0
0.0;151.9;0.0;0.0
0.0;151.9;0.0;0.0
0.0;151.9;0.4;0.0
0.0;151.9;0.0;0.0
0.0;151.9;0.0;0.0
0.0;151.9;0.0;0.0
0.0;151.9;0.0;0.0
0.0;151.9;0.0;0.0
0.0;151.9;0.0;0.0
0.0;151.9;0.0;0.0
0.0;151.9;2.4;0.0
0.0;151.9;0.0;0.0
0.0;151.9;0.0;0.0
0.0;151.9;0.0;0.0
0.0;151.9;0.0;0.0
0.0;151.9;0.0;0.0
0.0;151.9;0.0;0.0
0.0;151.9;0.0;0.0
0.0;151.9;0.0;0.0
0.0;151.9;0.0;0.0
0.0;151.9;0.0;0.0
0.0;151.9;2.6;0.0
0.0;151.9;0.0;0.0
0.0;151.9;0.0;0.0
2.5;153.7;1.0;0.0
7.5;154.5;0.4;0.0
8.3;154.5;0.0;0.0
8.3;154.5;0.0;0.0
8.3;154.7;0.0;0.0
8.3;154.7;0.0;0.0
66.6;167.2;0.4;0.0
30.7;167.2;0.0;0.0
0.0;167.2;0.0;0.0
0.0;167.2;0.0;0.0
0.0;167.2;0.0;0.0
0.0;167.2;0.0;0.0
0.0;167.2;0.0;0.0
0.0;167.2;1.8;0.0
0.0;167.2;0.0;0.0
0.0;167.2;0.0;0.0
0.0;167.2;0.0;0.0
0.0;167.2;0.4;0.0
