6.6;49.8;34.1;0.0
8.3;63.0;26.2;0.0
7.5;74.3;23.6;0.0
6.6;83.5;30.4;0.0
5.8;93.5;41.5;0.0
7.5;103.6;43.6;0.0
42.4;127.2;36.5;0.0
66.5;137.5;24.8;0.0
8.3;145.3;25.2;0.0
3.3;156.3;26.0;0.0
0.0;156.3;0.0;0.0
0.0;156.3;0.0;0.0
0.0;156.3;0.0;0.0
0.0;156.3;0.0;0.0
0.0;156.3;0.0;0.0
0.0;156.3;0.0;0.0
0.0;156.3;0.8;0.0
0.8;156.6;0.9;0.0
0.0;156.6;0.0;0.0
0.0;156.6;0.0;0.0
0.0;156.6;0.4;0.0
0.0;156.6;0.0;0.0
0.0;156.6;0.0;0.0
0.0;156.6;0.0;0.0
0.0;156.6;0.0;0.0
0.0;156.6;0.0;0.0
0.0;156.6;0.0;0.0
0.0;156.6;2.3;0.0
0.0;156.6;0.0;0.0
0.0;156.6;0.0;0.0
0.0;156.6;0.0;0.0
0.0;156.6;0.0;0.0
0.0;156.6;0.0;0.0
0.0;156.6;0.0;0.0
0.0;156.6;0.0;0.0
0.0;156.6;0.0;0.0
0.0;156.6;0.0;0.0
0.0;156.6;0.0;0.0
0.8;156.6;2.8;0.0
0.0;156.6;0.0;0.0
0.0;156.6;0.0;0.0
0.0;156.6;0.0;0.0
2.5;159.1;1.4;0.0
8.3;159.3;0.0;0.0
8.3;159.3;0.0;0.0
8.3;159.3;0.0;0.0
9.1;159.3;0.0;0.0
37.4;173.9;0.4;0.0
65.6;173.9;0.0;0.0
0.0;173.9;0.0;0.0
0.0;173.9;0.0;0.0
0.0;173.9;0.0;0.0
0.0;173.9;0.0;0.0
0.0;173.9;0.0;0.0
0.0;173.9;0.0;0.0
0.0;173.9;1.8;0.0
0.0;173.9;0.0;0.0
0.0;173.9;0.0;0.0
0.0;173.9;0.4;0.0
0.0;173.9;0.0;0.0
