11.6;53.8;31.5;0.0
7.5;69.0;31.4;0.0
6.6;68.4;23.5;0.0
8.3;80.3;27.1;0.0
5.8;88.9;35.3;0.0
7.5;99.3;44.0;0.0
10.0;111.3;33.3;0.0
91.5;133.4;33.4;0.0
15.0;144.0;17.4;0.0
8.3;158.1;41.6;0.0
0.0;158.1;0.0;0.0
0.0;158.1;0.0;0.0
0.0;158.1;0.0;0.0
0.0;158.1;0.0;0.0
0.0;158.1;0.0;0.0
0.0;158.1;0.0;0.0
0.0;158.1;0.0;0.0
0.0;158.4;1.8;0.0
0.0;158.4;0.0;0.0
0.0;158.4;0.0;0.0
0.0;158.4;0.0;0.0
0.0;158.4;0.4;0.0
0.0;158.4;0.0;0.0
0.0;158.4;0.0;0.0
0.0;158.4;0.0;0.0
0.0;158.4;0.0;0.0
0.0;158.4;0.0;0.0
0.0;158.4;0.0;0.0
0.0;158.4;2.4;0.0
0.0;158.4;0.0;0.0
0.0;158.4;0.0;0.0
0.0;158.4;0.0;0.0
0.0;158.4;0.0;0.0
0.0;158.4;0.0;0.0
0.0;158.4;0.0;0.0
0.0;158.4;0.0;0.0
0.0;158.4;0.0;0.0
0.0;158.4;0.0;0.0
0.0;158.4;0.0;0.0
0.0;158.4;2.5;0.0
0.0;158.4;0.0;0.0
0.0;158.4;0.0;0.0
0.8;160.3;0.9;0.0
8.3;161.0;0.4;0.0
8.3;161.0;0.0;0.0
8.3;161.2;0.0;0.0
8.3;161.2;0.0;0.0
8.3;161.2;0.0;0.0
72.4;167.7;0.4;0.0
25.8;167.7;0.0;0.0
0.0;167.7;0.0;0.0
0.0;167.7;0.0;0.0
0.0;167.7;0.0;0.0
0.0;167.7;0.0;0.0
0.0;167.7;0.0;0.0
0.0;167.7;1.8;0.0
0.0;167.7;0.0;0.0
0.0;167.7;0.0;0.0
0.0;167.7;0.0;0.0
0.0;167.7;0.4;0.0
