7.5;56.1;35.4;0.0
7.5;67.6;24.1;0.0
6.6;75.3;22.4;0.0
9.1;83.7;27.0;0.0
5.8;94.0;41.5;0.0
7.5;103.8;42.1;0.0
28.3;122.6;36.2;0.0
79.8;133.8;30.0;0.0
7.5;139.6;15.6;0.0
5.0;153.0;35.7;0.0
0.0;153.0;0.0;0.0
0.0;153.0;0.0;0.0
0.0;153.0;0.0;0.0
0.0;153.0;0.0;0.0
0.0;153.0;0.0;0.0
0.0;153.0;0.0;0.0
0.0;153.0;0.0;0.0
0.0;153.4;1.8;0.0
0.0;153.4;0.0;0.0
0.0;153.4;0.0;0.0
0.8;153.4;1.1;0.0
0.0;153.4;0.0;0.0
0.0;153.4;0.0;0.0
0.0;153.4;0.0;0.0
0.0;153.4;0.0;0.0
0.0;153.4;0.0;0.0
0.0;153.4;0.0;0.0
0.0;153.4;0.0;0.0
0.0;153.4;0.0;0.0
0.0;153.4;0.0;0.0
0.0;153.4;0.0;0.0
0.0;153.4;2.0;0.0
0.0;153.4;0.0;0.0
0.0;153.4;0.0;0.0
0.0;153.4;0.0;0.0
0.0;153.4;0.0;0.0
0.0;153.4;0.0;0.0
0.0;153.4;0.0;0.0
0.0;153.4;0.0;0.0
0.0;153.4;0.0;0.0
0.0;153.4;0.0;0.0
0.0;153.4;0.0;0.0
2.5;155.9;3.4;0.0
8.3;156.1;0.0;0.0
8.3;156.1;0.0;0.0
8.3;156.1;0.0;0.0
8.3;156.1;0.0;0.0
23.3;166.8;0.3;0.0
83.2;166.8;0.1;0.0
0.0;166.8;0.0;0.0
0.0;166.8;0.0;0.0
0.0;166.8;0.0;0.0
0.0;166.8;0.0;0.0
0.0;166.8;0.0;0.0
0.0;166.8;0.0;0.0
0.0;166.8;1.7;0.0
0.0;166.8;0.0;0.0
0.0;166.8;0.0;0.0
0.0;166.8;0.0;0.0
0.0;166.8;0.4;0.0
