6.6;48.1;33.4;0.0
7.5;63.5;31.6;0.0
5.8;73.5;22.7;0.0
8.3;84.4;25.8;0.0
5.8;93.5;39.3;0.0
7.5;104.0;44.0;0.0
18.3;121.8;34.4;0.0
92.4;136.7;36.1;0.0
8.3;142.7;9.8;0.0
5.8;156.3;41.1;0.0
0.0;156.3;0.3;0.0
0.0;156.3;0.0;0.0
0.0;156.3;0.0;0.0
0.0;156.3;0.0;0.0
0.0;156.3;0.0;0.0
0.0;156.3;0.0;0.0
0.0;156.3;0.0;0.0
0.0;156.5;1.7;0.0
0.0;156.5;0.0;0.0
0.0;156.5;0.0;0.0
0.0;156.5;0.0;0.0
0.0;156.5;0.4;0.0
0.0;156.5;0.0;0.0
0.0;156.5;0.0;0.0
0.0;156.5;0.0;0.0
0.0;156.5;0.0;0.0
0.0;156.5;0.0;0.0
0.0;156.5;0.0;0.0
0.0;156.5;2.3;0.0
0.0;156.5;0.0;0.0
0.0;156.5;0.0;0.0
0.0;156.5;0.0;0.0
0.0;156.5;0.0;0.0
0.0;156.5;0.0;0.0
0.0;156.5;0.0;0.0
0.0;156.5;0.0;0.0
0.0;156.5;0.0;0.0
0.0;156.5;0.0;0.0
0.0;156.5;0.0;0.0
0.0;156.5;2.1;0.0
0.0;156.5;0.0;0.0
0.0;156.5;0.0;0.0
0.0;157.4;1.0;0.0
8.3;159.4;0.4;0.0
8.3;159.4;0.0;0.0
8.3;159.4;0.0;0.0
9.1;159.4;0.0;0.0
7.5;159.6;0.0;0.0
69.9;176.1;0.4;0.0
31.6;176.1;0.0;0.0
0.0;176.1;0.0;0.0
0.0;176.1;0.0;0.0
0.0;176.1;0.0;0.0
0.0;176.1;0.0;0.0
0.0;176.1;0.0;0.0
0.0;176.1;1.8;0.0
0.0;176.1;0.0;0.0
0.0;176.1;0.0;0.0
0.0;176.1;0.0;0.0
0.0;176.1;0.4;0.0
