10.8;56.1;36.4;0.0
8.3;69.6;27.2;0.0
7.5;74.8;23.0;0.0
7.5;83.8;35.7;0.0
6.6;95.4;43.4;0.0
6.6;109.1;54.2;0.0
70.7;136.0;29.9;0.0
38.3;144.9;13.8;0.0
6.6;157.5;40.5;0.0
2.5;161.8;9.2;0.0
0.0;161.8;0.0;0.0
0.0;161.8;0.0;0.0
0.0;161.8;0.0;0.0
0.0;161.8;0.0;0.0
0.0;161.8;0.0;0.0
0.0;161.8;0.0;0.0
0.0;161.9;1.8;0.0
0.0;161.9;0.0;0.0
0.0;161.9;0.0;0.0
0.0;161.9;0.0;0.0
0.0;161.9;0.4;0.0
0.0;161.9;0.0;0.0
0.0;161.9;0.0;0.0
0.0;161.9;0.0;0.0
0.0;161.9;0.0;0.0
0.0;161.9;0.0;0.0
0.0;161.9;0.0;0.0
0.0;161.9;2.1;0.0
0.0;161.9;0.0;0.0
0.0;161.9;0.0;0.0
0.0;161.9;0.0;0.0
0.0;161.9;0.0;0.0
0.0;161.9;0.0;0.0
0.0;161.9;0.0;0.0
0.0;161.9;0.0;0.0
0.0;161.9;0.0;0.0
0.0;161.9;0.0;0.0
0.0;161.9;0.0;0.0
0.8;161.9;2.5;0.0
0.0;161.9;0.0;0.0
0.0;161.9;0.0;0.0
0.0;161.9;0.0;0.0
5.8;164.3;1.5;0.0
8.3;164.5;0.0;0.0
8.3;164.5;0.0;0.0
8.3;164.7;0.0;0.0
9.1;164.7;0.0;0.0
64.9;173.2;0.4;0.0
31.6;173.2;0.0;0.0
0.0;173.2;0.0;0.0
0.0;173.2;0.0;0.0
0.0;173.2;0.0;0.0
0.0;173.2;0.0;0.0
0.0;173.2;0.0;0.0
0.8;173.2;1.8;0.0
0.0;173.2;0.0;0.0
0.0;173.2;0.0;0.0
0.0;173.2;0.0;0.0
0.0;173.2;0.4;0.0
0.0;173.2;0.0;0.0
