6.6;59.5;32.7;0.0
7.5;71.0;28.0;0.0
7.5;82.5;21.8;0.0
6.6;90.1;34.6;0.0
7.5;101.0;39.6;0.0
6.6;113.0;47.3;0.0
60.7;132.3;39.0;0.0
49.0;141.2;14.0;0.0
8.3;155.9;44.5;0.0
0.8;157.7;3.8;0.0
0.0;157.7;0.0;0.0
0.0;157.7;0.0;0.0
0.0;157.7;0.0;0.0
0.0;157.7;0.0;0.0
0.0;157.7;0.0;0.0
0.0;157.7;0.0;0.0
0.0;158.0;1.7;0.0
0.0;158.0;0.0;0.0
0.0;158.0;0.0;0.0
0.0;158.0;0.0;0.0
0.0;158.0;0.4;0.0
0.0;158.0;0.0;0.0
0.0;158.0;0.0;0.0
0.0;158.0;0.0;0.0
0.0;158.0;0.0;0.0
0.0;158.0;0.0;0.0
0.0;158.0;0.0;0.0
0.0;158.0;2.1;0.0
0.0;158.0;0.0;0.0
0.0;158.0;0.0;0.0
0.0;158.0;0.0;0.0
0.0;158.0;0.0;0.0
0.0;158.0;0.0;0.0
0.0;158.0;0.0;0.0
0.0;158.0;0.0;0.0
0.0;158.0;0.0;0.0
0.0;158.0;0.0;0.0
0.0;158.0;0.0;0.0
0.0;158.0;2.7;0.0
0.0;158.0;0.0;0.0
0.0;158.0;0.0;0.0
0.0;158.0;0.0;0.0
7.5;160.6;1.1;0.0
9.1;160.6;0.0;0.0
8.3;160.6;0.0;0.0
8.3;160.7;0.0;0.0
8.3;160.7;0.0;0.0
45.7;171.2;0.4;0.0
54.0;171.2;0.0;0.0
0.0;171.2;0.0;0.0
0.0;171.2;0.0;0.0
0.0;171.2;0.0;0.0
0.0;171.2;0.0;0.0
0.0;171.2;0.0;0.0
0.0;171.2;0.0;0.0
0.0;171.2;1.8;0.0
0.0;171.2;0.0;0.0
0.0;171.2;0.0;0.0
0.0;171.2;0.4;0.0
0.0;171.2;0.0;0.0
