7.5;55.7;35.1;0.0
8.3;68.4;25.8;0.0
6.6;72.2;21.9;0.0
7.5;81.1;31.0;0.0
5.8;92.3;44.1;0.0
6.6;101.8;41.1;0.0
45.8;119.5;29.8;0.0
61.5;130.7;30.2;0.0
8.3;136.7;18.0;0.0
5.0;150.0;33.2;0.0
0.0;150.0;0.0;0.0
0.0;150.0;0.0;0.0
0.0;150.0;0.0;0.0
0.0;150.0;0.0;0.0
0.0;150.0;0.0;0.0
0.0;150.0;0.0;0.0
0.0;150.0;0.0;0.0
0.0;150.2;1.8;0.0
0.0;150.2;0.0;0.0
0.0;150.2;0.0;0.0
0.0;150.2;0.8;0.0
0.0;150.2;0.0;0.0
0.0;150.2;0.0;0.0
0.0;150.2;0.0;0.0
0.0;150.2;0.0;0.0
0.0;150.2;0.0;0.0
0.0;150.2;0.0;0.0
0.0;150.2;0.0;0.0
0.0;150.2;0.0;0.0
0.0;150.2;0.0;0.0
0.0;150.2;0.0;0.0
0.0;150.2;2.5;0.0
0.0;150.2;0.0;0.0
0.0;150.2;0.0;0.0
0.0;150.2;0.0;0.0
0.0;150.2;0.0;0.0
0.0;150.2;0.0;0.0
0.0;150.2;0.0;0.0
0.0;150.2;0.0;0.0
0.0;150.2;0.0;0.0
0.0;150.2;0.0;0.0
0.0;150.2;0.0;0.0
0.0;150.2;1.9;0.0
0.0;150.2;0.0;0.0
0.0;150.2;0.0;0.0
0.0;150.2;0.0;0.0
7.5;152.6;1.1;0.0
8.3;152.7;0.0;0.0
8.3;152.7;0.0;0.0
8.3;152.7;0.0;0.0
8.3;152.7;0.0;0.0
45.8;163.4;0.4;0.0
54.8;163.4;0.0;0.0
0.0;163.4;0.0;0.0
0.0;163.4;0.0;0.0
0.0;163.4;0.0;0.0
0.0;163.4;0.0;0.0
0.0;163.4;0.0;0.0
0.0;163.4;0.0;0.0
0.8;163.4;1.7;0.0
