15.8;46.4;31.4;0.0
8.3;62.1;32.0;0.0
5.8;72.6;22.8;0.0
9.1;83.3;25.6;0.0
5.8;92.3;36.9;0.0
6.6;103.0;46.4;0.0
15.0;119.4;35.7;0.0
93.9;133.5;34.8;0.0
6.6;139.7;13.0;0.0
5.8;153.1;38.2;0.0
0.0;153.1;0.0;0.0
0.0;153.1;0.0;0.0
0.0;153.1;0.0;0.0
0.0;153.1;0.0;0.0
0.0;153.1;0.0;0.0
0.0;153.1;0.0;0.0
0.0;153.1;0.0;0.0
0.0;153.5;1.7;0.0
0.0;153.5;0.0;0.0
0.0;153.5;0.0;0.0
0.0;153.5;0.4;0.0
0.0;153.5;0.0;0.0
0.0;153.5;0.0;0.0
0.0;153.5;0.0;0.0
0.0;153.5;0.0;0.0
0.0;153.5;0.0;0.0
0.0;153.5;0.0;0.0
0.0;153.5;0.0;0.0
0.8;153.5;1.9;0.0
0.0;153.5;0.0;0.0
0.0;153.5;0.0;0.0
0.0;153.5;0.0;0.0
0.0;153.5;0.0;0.0
0.0;153.5;0.0;0.0
0.0;153.5;0.0;0.0
0.0;153.5;0.0;0.0
0.0;153.5;0.0;0.0
0.0;153.5;0.0;0.0
0.0;153.5;1.0;0.0
0.0;153.5;1.5;0.0
0.0;153.5;0.0;0.0
0.0;153.5;0.0;0.0
1.7;156.0;1.4;0.0
8.3;156.2;0.0;0.0
8.3;156.2;0.0;0.0
8.3;156.2;0.0;0.0
8.3;156.2;0.0;0.0
27.4;172.8;0.4;0.0
75.5;172.8;0.0;0.0
0.0;172.8;0.0;0.0
0.0;172.8;0.0;0.0
0.0;172.8;0.0;0.0
0.0;172.8;0.0;0.0
0.0;172.8;0.0;0.0
0.0;172.8;0.0;0.0
0.0;172.8;1.7;0.0
0.0;172.8;0.0;0.0
0.0;172.8;0.0;0.0
0.0;172.8;0.0;0.0
0.0;172.8;1.0;0.0
