6.6;48.4;34.9;0.0
8.3;62.2;27.9;0.0
6.6;67.1;23.1;0.0
8.3;77.5;25.0;0.0
5.8;86.9;39.7;0.0
7.5;97.2;44.4;0.0
16.6;118.1;34.9;0.0
92.2;132.3;34.8;0.0
7.5;139.8;22.8;0.0
4.1;151.2;28.5;0.0
0.0;151.2;0.0;0.0
0.0;151.2;0.0;0.0
0.0;151.2;0.0;0.0
0.0;151.2;0.0;0.0
0.0;151.2;0.0;0.0
0.0;151.2;0.0;0.0
0.0;151.6;1.8;0.0
0.0;151.6;0.0;0.0
0.0;151.6;0.0;0.0
0.0;151.6;0.0;0.0
0.0;151.6;1.0;0.0
0.0;151.6;0.0;0.0
0.0;151.6;0.0;0.0
0.0;151.6;0.0;0.0
0.0;151.6;0.0;0.0
0.0;151.6;0.0;0.0
0.0;151.6;0.0;0.0
0.0;151.6;0.0;0.0
0.0;151.6;0.0;0.0
0.0;151.6;0.0;0.0
0.0;151.6;0.0;0.0
0.0;151.6;2.0;0.0
0.0;151.6;0.0;0.0
0.0;151.6;0.0;0.0
0.0;151.6;0.0;0.0
0.0;151.6;0.0;0.0
0.0;151.6;0.0;0.0
0.0;151.6;0.0;0.0
0.0;151.6;0.0;0.0
0.0;151.6;0.0;0.0
0.0;151.6;0.0;0.0
0.0;151.6;0.0;0.0
0.0;151.6;2.0;0.0
0.0;151.6;0.0;0.0
0.0;151.6;0.0;0.0
0.0;151.6;0.0;0.0
7.5;154.3;1.1;0.0
8.3;154.3;0.0;0.0
8.3;154.3;0.0;0.0
8.3;154.3;0.0;0.0
8.3;154.5;0.0;0.0
58.2;188.9;0.4;0.0
47.4;188.9;0.0;0.0
0.0;188.9;0.0;0.0
0.0;188.9;0.0;0.0
0.0;188.9;0.0;0.0
0.0;188.9;0.0;0.0
0.0;188.9;0.0;0.0
0.0;188.9;0.0;0.0
0.0;188.9;1.8;0.0
