17.4;45.8;31.5;0.0
7.5;61.0;31.4;0.0
6.6;65.4;23.2;0.0
8.3;77.3;27.3;0.0
5.8;86.7;38.3;0.0
7.5;97.1;44.6;0.0
10.8;115.2;31.9;0.0
98.1;131.2;39.4;0.0
8.3;137.6;9.8;0.0
5.8;151.3;41.4;0.0
0.0;151.3;0.0;0.0
0.0;151.3;0.0;0.0
0.0;151.3;0.0;0.0
0.0;151.3;0.0;0.0
0.0;151.3;0.0;0.0
0.0;151.3;0.0;0.0
0.0;151.3;0.0;0.0
0.0;151.6;1.8;0.0
0.0;151.6;0.0;0.0
0.0;151.6;0.0;0.0
0.0;151.6;1.1;0.0
0.0;151.6;0.0;0.0
0.0;151.6;0.0;0.0
0.0;151.6;0.0;0.0
0.0;151.6;0.0;0.0
0.0;151.6;0.0;0.0
0.0;151.6;0.0;0.0
0.0;151.6;0.0;0.0
0.0;151.6;0.0;0.0
0.0;151.6;0.0;0.0
0.0;151.6;0.0;0.0
0.0;151.6;2.2;0.0
0.0;151.6;0.0;0.0
0.0;151.6;0.0;0.0
0.0;151.6;0.0;0.0
0.0;151.6;0.0;0.0
0.0;151.6;0.0;0.0
0.0;151.6;0.0;0.0
0.0;151.6;0.0;0.0
0.0;151.6;0.0;0.0
0.0;151.6;0.0;0.0
0.0;151.6;0.0;0.0
1.7;153.4;2.7;0.0
8.3;154.3;0.4;0.0
8.3;154.3;0.0;0.0
8.3;154.3;0.0;0.0
8.3;154.3;0.0;0.0
8.3;154.3;0.0;0.0
74.1;191.1;0.4;0.0
24.9;191.1;0.0;0.0
0.0;191.1;0.0;0.0
0.0;191.1;0.0;0.0
0.0;191.1;0.0;0.0
0.0;191.1;0.0;0.0
0.0;191.1;0.0;0.0
0.8;191.1;1.8;0.0
0.0;191.1;0.0;0.0
0.0;191.1;0.0;0.0
0.0;191.1;0.0;0.0
0.0;191.1;0.4;0.0
