6.6;52.4;35.7;0.0
7.5;66.4;27.7;0.0
7.5;74.7;23.5;0.0
8.3;84.1;26.0;0.0
6.6;94.8;44.7;0.0
5.8;104.8;42.9;0.0
29.9;130.9;33.6;0.0
77.3;142.7;31.2;0.0
7.5;148.8;18.2;0.0
5.0;161.9;33.0;0.0
0.0;161.9;0.0;0.0
0.0;161.9;0.0;0.0
0.0;161.9;0.0;0.0
0.0;161.9;0.0;0.0
0.0;161.9;0.0;0.0
0.0;161.9;0.0;0.0
0.0;161.9;0.8;0.0
0.0;162.0;1.0;0.0
0.0;162.0;0.0;0.0
0.0;162.0;0.0;0.0
0.0;162.0;0.4;0.0
0.0;162.0;0.0;0.0
0.0;162.0;0.0;0.0
0.0;162.0;0.0;0.0
0.0;162.0;0.0;0.0
0.0;162.0;0.0;0.0
0.0;162.0;0.0;0.0
0.0;162.0;0.0;0.0
0.0;162.0;2.1;0.0
0.0;162.0;0.0;0.0
0.0;162.0;0.0;0.0
0.0;162.0;0.0;0.0
0.0;162.0;0.0;0.0
0.0;162.0;0.0;0.0
0.0;162.0;0.0;0.0
0.0;162.0;0.0;0.0
0.0;162.0;0.0;0.0
0.0;162.0;0.0;0.0
0.0;162.0;2.8;0.0
0.0;162.0;0.0;0.0
0.0;162.0;0.0;0.0
0.0;162.0;0.0;0.0
4.1;164.6;1.2;0.0
8.3;164.8;0.0;0.0
8.3;164.8;0.0;0.0
8.3;164.8;0.0;0.0
8.3;164.8;0.0;0.0
35.3;175.5;0.4;0.0
64.0;175.5;0.0;0.0
0.0;175.5;0.0;0.0
0.0;175.5;0.0;0.0
0.0;175.5;0.0;0.0
0.0;175.5;0.0;0.0
0.0;175.5;0.0;0.0
0.0;175.5;0.0;0.0
0.0;175.5;1.7;0.0
0.0;175.5;0.0;0.0
0.0;175.5;0.0;0.0
0.0;175.5;1.1;0.0
0.0;175.5;0.0;0.0
