6.6;60.1;33.2;0.0
7.5;75.6;31.4;0.0
7.5;85.3;22.7;0.0
8.3;96.8;26.3;0.0
5.8;106.2;39.3;0.0
7.5;116.6;44.8;0.0
18.2;136.3;36.5;0.0
89.8;149.0;33.2;0.0
8.3;155.2;15.6;0.0
5.0;168.9;37.6;0.0
2.5;171.5;28.0;0.0
8.3;174.3;0.4;0.0
8.3;175.0;0.0;0.0
8.3;175.0;0.0;0.0
9.1;175.1;0.0;0.0
7.5;175.1;0.0;0.0
8.3;175.1;0.0;0.0
8.3;175.1;0.0;0.0
8.3;175.1;0.0;0.0
8.3;175.1;0.0;0.0
10.0;175.1;0.0;0.0
8.3;175.6;0.0;0.0
7.5;175.6;0.0;0.0
8.3;175.6;0.0;0.0
8.3;175.6;0.0;0.0
8.3;175.6;0.0;0.0
8.3;175.6;0.0;0.0
8.3;175.6;0.0;0.0
6.6;176.5;0.4;0.0
4.2;176.6;12.2;0.0
8.3;176.7;0.0;0.0
8.3;176.7;0.0;0.0
8.3;176.7;0.0;0.0
7.5;176.7;0.0;0.0
9.1;176.7;0.0;0.0
8.3;176.7;0.0;0.0
9.1;176.7;0.0;0.0
41.6;181.5;0.9;0.0
73.2;182.9;18.9;0.0
93.2;186.8;6.9;0.0
100.2;186.8;0.0;0.0
98.1;185.7;0.0;0.0
29.9;186.2;0.0;0.0
8.3;186.7;0.0;0.0
8.3;186.7;0.0;0.0
8.3;186.7;0.0;0.0
8.3;186.7;0.0;0.0
8.3;218.0;300.8;4.0
8.3;218.4;484.3;0.0
8.3;218.4;362.7;0.0
8.3;218.4;358.3;0.0
7.5;249.5;221.0;0.0
9.2;249.5;0.4;132.0
8.3;249.5;0.4;128.0
8.3;249.5;0.2;64.0
8.3;219.1;0.3;64.0
8.3;0.0;0.0;0.0
1.7;0.0;0.0;0.0
0.0;0.0;0.0;0.0
0.0;0.0;0.0;0.0
