12.5;54.4;28.8;0.0
8.3;69.1;32.0;0.0
6.6;73.6;26.6;0.0
7.5;86.8;27.2;0.0
6.7;95.1;35.8;0.0
6.6;104.5;41.8;0.0
7.5;114.9;36.5;0.0
92.4;136.5;37.8;0.0
18.3;145.0;13.4;0.0
7.5;159.4;41.6;0.0
1.7;160.1;22.3;0.0
6.6;164.8;12.9;0.0
8.3;165.6;0.0;0.0
8.3;165.6;0.0;0.0
8.3;165.7;0.0;0.0
8.3;165.7;0.0;0.0
8.3;165.7;0.0;0.0
8.3;165.7;0.0;0.0
9.1;166.2;0.0;0.0
8.3;166.2;0.0;0.0
8.3;166.2;0.0;0.0
8.3;166.2;0.0;0.0
8.3;166.2;0.0;0.0
8.3;166.2;0.0;0.0
8.3;166.2;0.0;0.0
8.3;166.2;0.0;0.0
8.3;166.2;0.0;0.0
8.3;166.2;0.0;0.0
6.6;167.0;0.4;0.0
4.1;167.2;11.3;0.0
8.3;167.3;0.0;0.0
8.3;167.3;0.0;0.0
8.3;167.3;0.0;0.0
8.3;167.3;0.0;0.0
8.3;167.3;0.0;0.0
8.3;167.3;0.0;0.0
8.3;167.3;0.0;0.0
28.1;171.3;0.1;0.0
87.3;172.6;14.3;0.0
63.2;177.4;16.6;0.0
99.8;177.4;0.0;0.0
98.1;178.1;0.0;0.0
20.8;178.6;0.0;0.0
8.3;179.4;0.0;0.0
8.3;179.4;0.0;0.0
8.3;179.4;0.0;0.0
7.5;179.6;0.3;4.0
8.3;210.4;478.0;0.0
8.3;210.7;358.3;0.0
10.0;210.7;360.2;0.0
8.3;210.7;360.8;0.0
7.5;241.9;173.1;0.0
8.3;241.9;0.4;132.0
8.3;241.9;0.4;128.0
8.3;241.9;0.2;64.0
8.3;211.5;0.3;64.0
8.3;0.0;0.0;0.0
0.0;0.0;0.0;0.0
0.0;0.0;0.0;0.0
0.0;0.0;0.0;0.0
