6.7;55.0;32.5;0.0
8.3;67.0;28.0;0.0
6.6;78.1;20.7;0.0
7.5;85.8;33.8;0.0
6.6;96.9;41.2;0.0
6.6;107.0;43.9;0.0
54.1;130.8;30.2;0.0
54.9;140.6;23.2;0.0
8.3;148.9;25.9;0.0
5.0;159.5;28.0;0.0
3.3;163.8;24.9;0.0
8.3;164.7;0.4;0.0
8.3;165.4;0.0;0.0
8.3;165.4;0.0;0.0
8.3;165.5;0.0;0.0
8.3;165.5;0.0;0.0
8.3;165.5;0.0;0.0
8.3;165.5;0.0;0.0
8.3;165.5;0.0;0.0
8.3;165.5;0.0;0.0
8.3;165.8;0.0;0.0
8.3;166.0;0.0;0.0
8.3;166.0;0.0;0.0
8.3;166.0;0.0;0.0
8.3;166.0;0.0;0.0
8.3;166.0;0.0;0.0
8.3;166.0;0.0;0.0
8.3;166.6;0.0;0.0
4.2;166.8;10.3;0.0
7.5;167.0;3.3;0.0
8.3;167.0;0.0;0.0
8.3;167.0;0.0;0.0
8.3;167.0;0.0;0.0
8.3;167.0;0.0;0.0
8.3;167.0;0.0;0.0
8.3;167.0;0.0;0.0
8.3;167.0;0.0;0.0
74.0;181.8;4.9;0.0
73.2;185.1;18.4;0.0
99.0;187.3;9.8;0.0
99.8;188.1;0.0;0.0
73.2;188.6;0.0;0.0
8.3;189.1;0.0;0.0
8.3;189.1;0.0;0.0
8.3;189.1;0.0;0.0
8.3;189.1;0.0;0.0
7.5;220.3;372.7;4.0
8.3;220.5;433.2;0.0
8.3;220.5;373.0;0.0
8.3;220.5;338.5;0.0
8.3;251.6;212.1;0.0
8.3;251.6;0.2;68.0
8.3;251.6;0.4;128.0
8.3;251.6;0.4;128.0
8.3;221.3;0.3;64.0
8.3;189.5;0.0;0.0
1.7;0.0;0.0;0.0
0.0;0.0;0.0;0.0
0.0;0.0;0.0;0.0
0.0;0.0;0.0;0.0
