19.1;44.9;28.6;0.0
6.6;59.7;30.8;0.0
7.5;68.2;26.2;0.0
7.5;81.4;27.0;0.0
6.6;88.9;32.9;0.0
6.7;98.4;41.1;0.0
7.5;109.5;40.1;0.0
84.0;127.7;35.4;0.0
26.6;136.3;12.4;0.0
6.6;152.0;44.9;0.0
1.7;152.3;17.0;0.0
7.5;157.0;12.6;0.0
8.3;157.2;0.0;0.0
8.3;157.9;0.0;0.0
8.3;158.0;0.0;0.0
8.3;158.0;0.0;0.0
8.3;158.0;0.0;0.0
8.3;158.0;0.0;0.0
8.3;158.0;0.0;0.0
8.3;158.0;0.0;0.0
8.3;158.0;0.0;0.0
8.3;158.0;0.0;0.0
8.3;158.5;0.0;0.0
8.3;158.5;0.0;0.0
8.3;158.5;0.0;0.0
9.1;158.5;0.0;0.0
8.3;158.5;0.0;0.0
8.3;158.5;0.0;0.0
8.3;159.4;0.0;0.0
1.7;159.5;14.3;0.0
8.3;159.5;0.0;0.0
8.3;159.6;0.0;0.0
8.3;159.6;0.0;0.0
8.3;159.6;0.0;0.0
8.3;159.6;0.0;0.0
8.3;159.6;0.0;0.0
8.3;159.6;0.0;0.0
10.7;173.6;0.0;0.0
94.8;178.4;5.8;0.0
61.5;183.3;26.5;0.0
99.9;184.1;0.0;0.0
99.0;182.7;0.0;0.0
54.9;183.2;0.0;0.0
8.3;183.7;0.0;0.0
8.3;183.7;0.0;0.0
8.3;183.7;0.0;0.0
7.5;214.7;19.4;4.0
8.3;215.1;632.6;0.0
8.3;215.1;361.4;0.0
8.3;215.1;315.8;0.0
8.3;215.5;348.2;0.0
8.3;246.2;54.5;0.0
8.3;246.2;0.4;132.0
8.3;246.2;0.4;128.0
8.3;215.9;0.5;128.0
8.3;215.9;0.0;0.0
6.7;0.0;0.0;0.0
0.0;0.0;0.0;0.0
0.0;0.0;0.0;0.0
0.0;0.0;0.0;0.0
