6.6;57.7;33.7;0.0
7.5;70.2;25.6;0.0
7.5;72.6;21.2;0.0
7.5;81.5;27.8;0.0
6.7;92.6;47.9;0.0
6.6;102.1;40.6;0.0
44.1;128.9;33.1;0.0
65.7;139.8;27.4;0.0
7.5;148.4;28.1;0.0
4.1;158.6;24.9;0.0
0.8;159.2;21.2;0.0
8.3;164.0;6.8;0.0
8.3;164.8;0.0;0.0
8.3;164.8;0.0;0.0
8.3;164.9;0.0;0.0
8.3;164.9;0.0;0.0
8.3;164.9;0.0;0.0
8.3;164.9;0.0;0.0
8.3;164.9;0.0;0.0
8.3;164.9;0.0;0.0
8.3;165.2;0.0;0.0
8.3;165.4;0.0;0.0
8.3;165.4;0.0;0.0
8.3;165.4;0.0;0.0
8.3;165.4;0.0;0.0
8.3;165.4;0.0;0.0
8.3;165.4;0.0;0.0
8.3;165.4;0.0;0.0
6.6;166.2;0.4;0.0
0.8;166.3;11.5;0.0
8.3;166.3;0.0;0.0
8.3;166.5;0.0;0.0
8.3;166.5;0.0;0.0
9.1;166.5;0.0;0.0
8.3;166.5;0.0;0.0
8.3;166.5;0.0;0.0
8.3;166.5;0.0;0.0
8.3;166.5;0.0;0.0
87.3;175.3;10.6;0.0
65.8;180.1;15.5;0.0
100.4;180.6;0.0;0.0
99.8;180.6;0.0;0.0
94.0;181.3;0.0;0.0
39.1;181.8;0.0;0.0
8.3;182.3;0.0;0.0
8.3;182.3;0.0;0.0
8.3;182.3;0.0;0.0
8.3;182.6;0.3;4.0
8.3;213.6;389.6;0.0
8.3;213.8;409.7;0.0
8.3;213.8;369.8;0.0
8.3;214.3;365.4;0.0
8.3;245.1;192.3;0.0
8.3;245.1;0.4;132.0
8.3;245.1;0.4;128.0
8.3;245.1;0.2;64.0
8.3;214.8;0.3;64.0
8.3;0.0;0.0;0.0
0.0;0.0;0.0;0.0
0.0;0.0;0.0;0.0
