24.1;47.3;24.4;0.0
7.5;61.4;28.5;0.0
6.6;65.1;26.6;0.0
7.5;78.0;23.0;0.0
6.6;85.8;33.1;0.0
6.6;96.2;39.6;0.0
7.5;108.4;49.0;0.0
64.9;131.0;35.1;0.0
44.9;139.9;14.0;0.0
7.5;152.8;40.3;0.0
2.5;156.5;17.7;0.0
5.8;161.5;23.6;0.0
8.3;161.7;0.0;0.0
8.3;162.4;0.0;0.0
8.3;162.5;0.0;0.0
8.3;162.5;0.0;0.0
8.3;162.5;0.0;0.0
8.3;162.5;0.0;0.0
8.3;162.5;0.0;0.0
8.3;162.5;0.0;0.0
8.3;162.5;0.0;0.0
8.3;162.5;0.0;0.0
8.3;163.0;0.0;0.0
8.3;163.0;0.0;0.0
8.3;163.0;0.0;0.0
8.3;163.0;0.0;0.0
8.3;163.0;0.0;0.0
8.3;163.0;0.0;0.0
8.3;163.9;0.0;0.0
3.3;163.9;10.3;0.0
7.5;163.9;0.9;0.0
8.3;164.1;0.0;0.0
8.3;164.1;0.0;0.0
8.3;164.1;0.0;0.0
8.3;164.1;0.0;0.0
8.3;164.1;0.0;0.0
8.3;164.1;0.0;0.0
8.3;164.1;0.0;0.0
66.5;174.9;1.3;0.0
73.2;181.2;26.5;0.0
99.0;180.3;0.0;0.0
99.0;179.1;0.0;0.0
41.6;179.6;0.0;0.0
8.3;180.1;0.0;0.0
8.3;180.1;0.0;0.0
8.3;180.1;0.0;0.0
8.3;180.4;0.3;4.0
7.5;211.4;386.8;0.0
8.3;211.5;405.8;0.0
9.2;211.5;346.9;0.0
8.3;211.5;341.8;0.0
8.3;242.8;245.5;0.0
8.3;242.8;0.2;68.0
8.3;242.8;0.4;128.0
8.3;242.8;0.4;128.0
8.3;212.5;0.3;64.0
9.1;0.0;0.0;0.0
0.0;0.0;0.0;0.0
0.0;0.0;0.0;0.0
0.0;0.0;0.0;0.0
