5.8;49.9;27.0;0.0
7.5;64.0;27.8;0.0
5.8;68.9;23.7;0.0
9.1;82.0;26.6;0.0
5.8;89.7;30.6;0.0
7.5;98.9;37.4;0.0
6.6;110.9;47.5;0.0
74.9;131.1;34.6;0.0
34.1;139.7;13.2;0.0
6.6;153.4;40.9;0.0
8.3;157.1;4.1;0.0
8.3;157.3;0.0;0.0
8.3;157.3;0.0;0.0
55.7;168.5;2.3;0.0
54.9;169.4;5.4;0.0
7.5;169.6;0.0;0.0
9.1;169.6;0.0;0.0
8.3;169.6;0.0;0.0
8.3;169.6;0.0;0.0
8.3;169.7;0.0;0.0
8.3;169.7;0.0;0.0
8.3;169.7;0.0;0.0
8.3;169.7;0.0;0.0
8.3;169.7;0.0;0.0
9.2;169.7;0.0;0.0
8.3;169.7;0.0;0.0
8.3;169.7;0.0;0.0
8.3;169.7;0.0;0.0
8.3;169.7;0.0;0.0
8.3;169.7;0.0;0.0
8.3;169.7;0.0;0.0
8.3;169.7;0.0;0.0
8.3;169.7;0.0;0.0
7.5;169.7;0.0;0.0
8.3;169.7;0.0;0.0
8.3;169.7;0.0;0.0
8.3;169.7;0.0;0.0
8.3;169.7;0.0;0.0
8.3;169.7;0.0;0.0
8.3;169.7;0.0;0.0
8.3;169.7;0.0;0.0
8.3;169.7;0.0;0.0
8.3;169.7;0.0;0.0
8.3;169.7;0.0;0.0
8.3;169.7;0.0;0.0
8.3;169.7;0.0;0.0
8.3;169.7;0.0;0.0
8.3;169.7;0.0;0.0
8.3;169.7;0.0;0.0
8.3;169.8;0.0;0.0
8.3;169.8;0.0;0.0
8.3;169.8;0.0;0.0
8.3;169.8;0.0;0.0
9.1;169.8;0.0;0.0
8.3;169.8;0.0;0.0
8.3;169.8;0.0;0.0
8.3;169.8;0.0;0.0
8.3;169.8;0.0;0.0
8.3;169.8;0.0;0.0
8.3;169.8;0.0;0.0
