7.5;51.7;30.5;0.0
6.6;66.9;31.6;0.0
6.6;76.9;22.7;0.0
8.3;88.5;26.9;0.0
5.8;96.7;34.5;0.0
7.5;106.2;43.2;0.0
7.5;121.8;35.1;0.0
97.3;142.6;41.2;0.0
10.8;149.0;9.8;0.0
7.5;163.8;41.5;0.0
8.3;164.5;0.0;0.0
8.3;164.7;0.0;0.0
8.3;164.7;0.0;0.0
80.7;176.0;4.1;0.0
40.7;177.1;5.3;0.0
8.3;177.1;0.0;0.0
8.3;177.1;0.0;0.0
8.3;177.1;0.0;0.0
8.3;177.1;0.0;0.0
8.3;177.1;0.0;0.0
8.3;177.1;0.0;0.0
8.3;177.1;0.0;0.0
9.1;177.1;0.0;0.0
8.3;177.1;0.0;0.0
8.3;177.2;0.0;0.0
8.3;177.2;0.0;0.0
8.3;177.2;0.0;0.0
8.3;177.2;0.0;0.0
8.3;177.2;0.0;0.0
8.3;177.2;0.0;0.0
8.3;177.2;0.0;0.0
8.3;177.2;0.0;0.0
8.3;177.2;0.0;0.0
8.3;177.2;0.0;0.0
8.3;177.2;0.0;0.0
8.3;177.2;0.0;0.0
8.3;177.2;0.0;0.0
8.3;177.2;0.0;0.0
8.3;177.2;0.0;0.0
9.1;177.2;0.0;0.0
8.3;177.2;0.0;0.0
8.3;177.2;0.0;0.0
8.3;177.2;0.0;0.0
8.3;177.2;0.0;0.0
8.3;177.2;0.0;0.0
8.3;177.2;0.0;0.0
8.3;177.2;0.0;0.0
8.3;177.2;0.0;0.0
8.3;177.4;0.0;0.0
8.3;177.4;0.0;0.0
8.3;177.4;0.0;0.0
8.3;177.4;0.0;0.0
8.3;177.4;0.0;0.0
8.3;177.4;0.0;0.0
8.3;177.4;0.0;0.0
8.3;177.4;0.0;0.0
8.3;177.4;0.0;0.0
8.3;177.4;0.0;0.0
8.3;177.4;0.0;0.0
8.3;177.4;0.0;0.0
