6.6;59.4;32.5;0.0
8.3;72.8;27.5;0.0
6.6;78.5;23.8;0.0
8.3;88.1;28.0;0.0
5.8;99.2;47.3;0.0
7.5;109.4;43.0;0.0
51.6;132.0;42.2;0.0
58.2;141.4;17.9;0.0
7.5;154.8;40.7;0.0
8.3;161.0;9.5;0.0
8.3;161.0;0.0;0.0
8.3;161.2;0.0;0.0
53.2;180.4;2.0;0.0
73.2;181.4;8.0;0.0
8.3;181.5;0.0;0.0
8.3;181.5;0.0;0.0
8.3;181.5;0.0;0.0
8.3;181.5;0.0;0.0
8.3;181.5;0.0;0.0
8.3;181.6;0.0;0.0
8.3;181.6;0.0;0.0
8.3;181.6;0.0;0.0
8.3;181.6;0.0;0.0
8.3;181.6;0.0;0.0
8.3;181.6;0.0;0.0
8.3;181.6;0.0;0.0
8.3;181.6;0.0;0.0
8.3;181.6;0.0;0.0
8.3;181.6;0.0;0.0
8.3;181.6;0.0;0.0
8.3;181.6;0.0;0.0
8.3;181.6;0.0;0.0
8.3;181.6;0.0;0.0
8.3;181.6;0.0;0.0
8.3;181.6;0.0;0.0
8.3;181.6;0.0;0.0
8.3;181.6;0.0;0.0
8.3;181.6;0.0;0.0
8.3;181.6;0.0;0.0
8.3;181.6;0.0;0.0
8.3;181.6;0.0;0.0
8.3;181.6;0.0;0.0
8.3;181.6;0.0;0.0
8.3;181.6;0.0;0.0
9.2;181.6;0.0;0.0
8.3;181.6;0.0;0.0
8.3;181.6;0.0;0.0
8.3;181.6;0.0;0.0
8.3;181.7;0.0;0.0
8.3;181.7;0.0;0.0
8.3;181.7;0.0;0.0
8.3;181.7;0.0;0.0
8.3;181.7;0.0;0.0
8.3;181.7;0.0;0.0
8.3;181.7;0.0;0.0
8.3;181.7;0.0;0.0
8.3;181.9;0.0;0.0
8.3;181.9;0.0;0.0
8.3;181.9;0.0;0.0
8.3;181.9;0.0;0.0
