6.6;50.4;34.6;0.0
8.3;66.0;31.2;0.0
7.5;72.1;23.1;0.0
7.5;82.1;25.0;0.0
6.6;92.6;44.9;0.0
7.5;103.1;45.9;0.0
39.1;123.2;32.8;0.0
67.2;134.3;30.2;0.0
8.3;140.6;15.6;0.0
7.5;156.1;35.6;0.0
8.3;156.1;0.0;0.0
8.3;156.3;0.0;0.0
20.8;166.5;0.0;0.0
92.8;167.7;6.3;0.0
8.3;168.6;2.5;0.0
8.3;168.6;0.0;0.0
8.3;168.6;0.0;0.0
8.3;168.6;0.0;0.0
8.3;168.6;0.0;0.0
8.3;168.8;0.0;0.0
7.5;168.8;0.0;0.0
8.3;168.8;0.0;0.0
8.3;168.8;0.0;0.0
9.1;168.8;0.0;0.0
8.3;168.8;0.0;0.0
8.3;168.8;0.0;0.0
8.3;168.8;0.0;0.0
8.3;168.8;0.0;0.0
8.3;168.8;0.0;0.0
8.3;168.8;0.0;0.0
8.3;168.8;0.0;0.0
9.1;168.8;0.0;0.0
8.3;168.8;0.0;0.0
8.3;168.8;0.0;0.0
8.3;168.8;0.0;0.0
8.3;168.8;0.0;0.0
8.3;168.8;0.0;0.0
8.3;168.8;0.0;0.0
8.3;168.8;0.0;0.0
7.5;168.8;0.0;0.0
8.3;168.8;0.0;0.0
8.3;168.8;0.0;0.0
8.3;168.8;0.0;0.0
8.3;168.8;0.0;0.0
8.3;168.8;0.0;0.0
8.3;168.8;0.0;0.0
8.3;168.8;0.0;0.0
8.3;168.8;0.0;0.0
8.3;168.9;0.0;0.0
8.3;168.9;0.0;0.0
8.3;168.9;0.0;0.0
8.3;168.9;0.0;0.0
8.3;168.9;0.0;0.0
8.3;168.9;0.0;0.0
8.3;168.9;0.0;0.0
8.3;168.9;0.0;0.0
8.3;168.9;0.0;0.0
8.3;169.1;0.0;0.0
8.3;169.1;0.0;0.0
8.3;169.1;0.0;0.0
