6.6;47.6;28.7;0.0
7.5;61.9;28.4;0.0
7.5;68.3;24.3;0.0
7.5;81.8;27.4;0.0
6.6;89.9;35.2;0.0
6.6;99.4;42.0;0.0
7.5;110.0;36.9;0.0
97.3;136.2;41.6;0.0
13.3;142.1;9.6;0.0
7.5;156.8;41.3;0.0
8.3;158.2;0.4;0.0
8.3;158.4;0.0;0.0
8.3;158.4;0.0;0.0
67.4;171.8;2.3;0.0
46.5;172.8;6.5;0.0
8.3;172.8;0.0;0.0
8.3;172.8;0.0;0.0
8.3;172.8;0.0;0.0
8.3;172.8;0.0;0.0
8.3;172.8;0.0;0.0
8.3;173.0;0.0;0.0
8.3;173.0;0.0;0.0
8.3;173.0;0.0;0.0
8.3;173.0;0.0;0.0
8.3;173.0;0.0;0.0
8.3;173.0;0.0;0.0
8.3;173.0;0.0;0.0
8.3;173.0;0.0;0.0
9.1;173.0;0.0;0.0
8.3;173.0;0.0;0.0
8.3;173.0;0.0;0.0
8.3;173.0;0.0;0.0
8.3;173.0;0.0;0.0
8.3;173.0;0.0;0.0
8.3;173.0;0.0;0.0
8.3;173.0;0.0;0.0
8.3;173.0;0.0;0.0
8.3;173.0;0.0;0.0
8.3;173.0;0.0;0.0
8.3;173.0;0.0;0.0
8.3;173.0;0.0;0.0
8.3;173.0;0.0;0.0
8.3;173.0;0.0;0.0
8.3;173.0;0.0;0.0
8.3;173.0;0.0;0.0
9.1;173.0;0.0;0.0
8.3;173.0;0.0;0.0
8.3;173.0;0.0;0.0
8.3;173.0;0.0;0.0
8.3;173.0;0.0;0.0
8.3;173.1;0.0;0.0
8.3;173.1;0.0;0.0
8.3;173.1;0.0;0.0
8.3;173.1;0.0;0.0
8.3;173.1;0.0;0.0
8.3;173.1;0.0;0.0
8.3;173.1;0.0;0.0
8.3;173.1;0.0;0.0
8.3;173.1;0.0;0.0
8.3;173.3;0.0;0.0
