7.5;55.9;32.9;0.0
7.5;71.3;31.6;0.0
6.7;75.5;24.4;0.0
8.3;86.1;25.2;0.0
6.6;96.9;45.3;0.0
7.5;107.3;46.4;0.0
40.6;129.6;38.9;0.0
68.2;139.7;23.4;0.0
7.5;149.2;30.7;0.0
8.3;159.8;20.3;0.0
8.3;159.8;0.0;0.0
8.3;160.0;0.0;0.0
37.4;165.3;2.3;0.0
73.2;166.2;5.3;0.0
9.1;166.4;0.0;0.0
8.3;166.4;0.0;0.0
8.3;166.4;0.0;0.0
7.5;166.4;0.0;0.0
8.3;166.4;0.0;0.0
8.3;166.5;0.0;0.0
8.3;166.5;0.0;0.0
8.3;166.5;0.0;0.0
8.3;166.5;0.0;0.0
8.3;166.5;0.0;0.0
8.3;166.5;0.0;0.0
8.3;166.5;0.0;0.0
8.3;166.5;0.0;0.0
9.1;166.5;0.0;0.0
8.3;166.5;0.0;0.0
8.3;166.5;0.0;0.0
7.5;166.5;0.0;0.0
8.3;166.5;0.0;0.0
8.3;166.6;0.0;0.0
8.3;166.6;0.0;0.0
9.1;166.6;0.0;0.0
8.3;166.6;0.0;0.0
8.3;166.6;0.0;0.0
8.3;166.6;0.0;0.0
8.3;166.6;0.0;0.0
8.3;166.6;0.0;0.0
8.3;166.6;0.0;0.0
8.3;166.6;0.0;0.0
8.3;166.6;0.0;0.0
8.3;166.6;0.0;0.0
8.3;166.6;0.0;0.0
8.3;166.6;0.0;0.0
8.3;166.6;0.0;0.0
8.3;166.6;0.0;0.0
9.1;166.6;0.0;0.0
8.3;166.6;0.0;0.0
8.3;166.6;0.0;0.0
9.1;166.6;0.0;0.0
8.3;166.6;0.0;0.0
7.5;166.6;0.0;0.0
8.3;166.6;0.0;0.0
8.3;166.6;0.0;0.0
8.3;166.8;0.0;0.0
8.3;166.8;0.0;0.0
8.3;166.8;0.0;0.0
8.3;166.8;0.0;0.0
