6.7;50.7;26.9;0.0
8.3;64.8;28.2;0.0
7.5;64.8;29.3;0.0
8.3;78.1;26.6;0.0
6.7;86.1;33.9;0.0
5.8;95.7;41.1;0.0
7.5;106.6;40.1;0.0
94.7;130.5;39.0;0.0
15.8;137.5;8.8;0.0
8.3;151.8;41.7;0.0
7.5;154.8;3.3;0.0
8.3;154.8;0.0;0.0
8.3;154.9;0.0;0.0
49.9;186.1;2.3;0.0
69.0;187.0;7.4;0.0
8.3;187.2;0.0;0.0
8.3;187.2;0.0;0.0
8.3;187.2;0.0;0.0
8.3;187.2;0.0;0.0
8.3;187.2;0.0;0.0
8.3;187.2;0.0;0.0
8.3;187.2;0.0;0.0
8.3;187.3;0.0;0.0
8.3;187.3;0.0;0.0
8.3;187.3;0.0;0.0
8.3;187.3;0.0;0.0
8.3;187.3;0.0;0.0
8.3;187.3;0.0;0.0
8.3;187.3;0.0;0.0
8.3;187.3;0.0;0.0
8.3;187.3;0.0;0.0
8.3;187.3;0.0;0.0
9.2;187.3;0.0;0.0
8.3;187.3;0.0;0.0
8.3;187.3;0.0;0.0
8.3;187.5;0.0;0.0
8.3;187.5;0.0;0.0
8.3;187.5;0.0;0.0
8.3;187.5;0.0;0.0
8.3;187.5;0.0;0.0
8.3;187.5;0.0;0.0
8.3;187.5;0.0;0.0
8.3;187.5;0.0;0.0
8.3;187.5;0.0;0.0
8.3;187.5;0.0;0.0
8.3;187.5;0.0;0.0
8.3;187.5;0.0;0.0
8.3;187.5;0.0;0.0
8.3;187.5;0.0;0.0
9.2;187.5;0.0;0.0
8.3;187.5;0.0;0.0
8.3;187.5;0.0;0.0
8.3;187.5;0.0;0.0
8.3;187.5;0.0;0.0
8.3;187.5;0.0;0.0
8.3;187.5;0.0;0.0
8.3;187.5;0.0;0.0
8.3;187.5;0.0;0.0
8.3;187.5;0.0;0.0
8.3;187.5;0.0;0.0
