6.6;63.6;33.1;0.0
8.3;70.2;29.7;0.0
7.5;84.6;28.8;0.0
6.6;93.0;29.6;0.0
7.5;102.6;40.2;0.0
6.6;114.8;47.5;0.0
82.4;140.5;33.4;0.0
28.3;149.7;14.2;0.0
6.6;164.4;43.7;0.0
8.3;167.1;1.6;0.0
8.3;167.3;0.0;0.0
8.3;167.3;0.0;0.0
67.4;174.5;2.3;0.0
51.5;175.4;8.8;0.0
8.3;175.5;0.0;0.0
8.3;175.5;0.0;0.0
8.3;175.5;0.0;0.0
8.3;175.5;0.0;0.0
8.3;175.5;0.0;0.0
8.3;175.7;0.0;0.0
8.3;175.7;0.0;0.0
8.3;175.7;0.0;0.0
8.3;175.7;0.0;0.0
8.3;175.7;0.0;0.0
8.3;175.7;0.0;0.0
8.3;175.7;0.0;0.0
8.3;175.7;0.0;0.0
8.3;175.7;0.0;0.0
8.3;175.7;0.0;0.0
8.3;175.7;0.0;0.0
8.3;175.7;0.0;0.0
8.3;175.7;0.0;0.0
8.3;175.7;0.0;0.0
8.3;175.7;0.0;0.0
8.3;175.7;0.0;0.0
8.3;175.7;0.0;0.0
8.3;175.7;0.0;0.0
8.3;175.7;0.0;0.0
9.2;175.7;0.0;0.0
8.3;175.7;0.0;0.0
8.3;175.7;0.0;0.0
8.3;175.7;0.0;0.0
8.3;175.7;0.0;0.0
8.3;175.7;0.0;0.0
8.3;175.7;0.0;0.0
8.3;175.7;0.0;0.0
8.3;175.7;0.0;0.0
8.3;175.7;0.0;0.0
8.3;175.8;0.0;0.0
8.3;175.8;0.0;0.0
8.3;175.8;0.0;0.0
8.3;175.8;0.0;0.0
8.3;175.8;0.0;0.0
8.3;175.8;0.0;0.0
8.3;175.8;0.0;0.0
8.3;176.0;0.0;0.0
9.1;176.0;0.0;0.0
8.3;176.0;0.0;0.0
8.3;176.0;0.0;0.0
8.3;176.0;0.0;0.0
