6.6;53.0;34.2;0.0
8.3;66.3;27.7;0.0
6.7;77.2;23.1;0.0
7.5;86.5;25.2;0.0
5.8;96.0;39.1;0.0
7.5;106.3;44.4;0.0
11.7;126.4;30.3;0.0
97.1;142.4;39.4;0.0
7.5;149.1;12.4;0.0
7.5;163.9;38.8;0.0
8.3;164.3;0.0;0.0
8.3;164.4;0.0;0.0
8.3;164.4;0.0;0.0
81.5;177.8;4.9;0.0
29.9;178.9;3.1;0.0
8.3;178.9;0.0;0.0
8.3;178.9;0.0;0.0
8.3;178.9;0.0;0.0
8.3;178.9;0.0;0.0
9.1;178.9;0.0;0.0
8.3;178.9;0.0;0.0
8.3;178.9;0.0;0.0
8.3;178.9;0.0;0.0
8.3;178.9;0.0;0.0
8.3;178.9;0.0;0.0
8.3;178.9;0.0;0.0
8.3;178.9;0.0;0.0
8.3;178.9;0.0;0.0
8.3;178.9;0.0;0.0
8.3;178.9;0.0;0.0
8.3;178.9;0.0;0.0
7.5;178.9;0.0;0.0
8.3;178.9;0.0;0.0
9.2;178.9;0.0;0.0
8.3;178.9;0.0;0.0
9.1;178.9;0.0;0.0
8.3;178.9;0.0;0.0
8.3;178.9;0.0;0.0
8.3;178.9;0.0;0.0
8.3;178.9;0.0;0.0
8.3;178.9;0.0;0.0
8.3;178.9;0.0;0.0
8.3;178.9;0.0;0.0
8.3;178.9;0.0;0.0
8.3;178.9;0.0;0.0
8.3;178.9;0.0;0.0
8.3;178.9;0.0;0.0
8.3;178.9;0.0;0.0
8.3;179.1;0.0;0.0
8.3;179.1;0.0;0.0
7.5;179.1;0.0;0.0
8.3;179.1;0.0;0.0
9.1;179.1;0.0;0.0
8.3;179.1;0.0;0.0
8.3;179.1;0.0;0.0
8.3;179.1;0.0;0.0
8.3;179.1;0.0;0.0
9.1;179.1;0.0;0.0
8.3;179.1;0.0;0.0
8.3;179.1;0.0;0.0
