20.0;45.2;30.9;0.0
7.5;60.2;31.2;0.0
6.7;68.9;23.7;0.0
8.3;81.2;26.9;0.0
6.6;90.4;36.1;0.0
6.6;100.8;43.4;0.0
9.2;120.8;34.6;0.0
99.9;138.1;41.1;0.0
8.3;144.4;15.6;0.0
8.3;159.8;35.7;0.0
8.3;159.8;0.0;0.0
8.3;160.0;0.0;0.0
12.5;174.2;0.0;0.0
92.3;175.3;4.8;0.0
18.3;176.3;2.7;0.0
8.3;176.3;0.0;0.0
8.3;176.3;0.0;0.0
8.3;176.3;0.0;0.0
8.3;176.3;0.0;0.0
8.3;176.3;0.0;0.0
8.3;176.4;0.0;0.0
8.3;176.4;0.0;0.0
8.3;176.4;0.0;0.0
8.3;176.4;0.0;0.0
8.3;176.4;0.0;0.0
8.3;176.4;0.0;0.0
8.3;176.4;0.0;0.0
8.3;176.4;0.0;0.0
8.3;176.4;0.0;0.0
8.3;176.4;0.0;0.0
8.3;176.4;0.0;0.0
8.3;176.4;0.0;0.0
8.3;176.4;0.0;0.0
8.3;176.4;0.0;0.0
8.3;176.4;0.0;0.0
8.3;176.4;0.0;0.0
9.1;176.4;0.0;0.0
8.3;176.4;0.0;0.0
8.3;176.4;0.0;0.0
8.3;176.4;0.0;0.0
8.3;176.4;0.0;0.0
8.3;176.4;0.0;0.0
8.3;176.4;0.0;0.0
8.3;176.4;0.0;0.0
8.3;176.4;0.0;0.0
8.3;176.4;0.0;0.0
8.3;176.4;0.0;0.0
8.3;176.4;0.0;0.0
8.3;176.6;0.0;0.0
8.3;176.6;0.0;0.0
8.3;176.6;0.0;0.0
8.3;176.6;0.0;0.0
8.3;176.6;0.0;0.0
9.1;176.6;0.0;0.0
8.3;176.6;0.0;0.0
8.3;176.6;0.0;0.0
8.3;176.6;0.0;0.0
8.3;176.6;0.0;0.0
8.3;176.6;0.0;0.0
8.3;176.6;0.0;0.0
