26.6;44.6;28.1;0.0
8.3;59.7;32.3;0.0
6.6;67.8;26.5;0.0
8.3;81.1;27.5;0.0
6.6;90.2;36.1;0.0
6.6;98.5;40.4;0.0
7.5;109.1;37.1;0.0
89.0;135.2;38.8;0.0
20.0;143.5;12.6;0.0
7.5;158.7;41.5;0.0
8.3;159.3;0.0;0.0
8.3;159.5;0.0;0.0
8.3;159.5;0.0;0.0
91.5;174.6;4.1;0.0
31.6;176.0;4.1;0.0
8.3;176.0;0.0;0.0
8.3;176.0;0.0;0.0
9.1;176.0;0.0;0.0
8.3;176.0;0.0;0.0
8.3;176.0;0.0;0.0
8.3;176.0;0.0;0.0
8.3;176.0;0.0;0.0
8.3;176.0;0.0;0.0
8.3;176.0;0.0;0.0
8.3;176.0;0.0;0.0
8.3;176.0;0.0;0.0
8.3;176.0;0.0;0.0
8.3;176.0;0.0;0.0
8.3;176.0;0.0;0.0
8.3;176.0;0.0;0.0
8.3;176.0;0.0;0.0
8.3;176.0;0.0;0.0
8.3;176.0;0.0;0.0
8.3;176.0;0.0;0.0
8.3;176.0;0.0;0.0
9.1;176.0;0.0;0.0
8.3;176.0;0.0;0.0
8.3;176.0;0.0;0.0
8.3;176.0;0.0;0.0
8.3;176.0;0.0;0.0
8.3;176.0;0.0;0.0
9.1;176.0;0.0;0.0
8.3;176.0;0.0;0.0
8.3;176.0;0.0;0.0
8.3;176.0;0.0;0.0
8.3;176.0;0.0;0.0
8.3;176.0;0.0;0.0
7.5;176.0;0.0;0.0
8.3;176.0;0.0;0.0
8.3;176.2;0.0;0.0
8.3;176.2;0.0;0.0
8.3;176.2;0.0;0.0
8.3;176.2;0.0;0.0
8.3;176.2;0.0;0.0
8.3;176.2;0.0;0.0
8.3;176.2;0.0;0.0
8.3;176.2;0.0;0.0
8.3;176.2;0.0;0.0
9.1;176.2;0.0;0.0
8.3;176.2;0.0;0.0
