21.6;41.4;26.6;0.0
7.5;55.5;28.5;0.0
8.3;66.4;29.9;0.0
6.6;80.5;28.8;0.0
8.3;89.1;29.4;0.0
6.6;98.8;42.8;0.0
6.6;110.7;44.9;0.0
88.2;133.1;41.6;0.0
22.4;137.9;6.6;0.0
7.5;152.3;42.3;0.0
8.3;154.9;2.3;0.0
8.3;154.9;0.0;0.0
8.3;155.1;0.0;0.0
55.8;172.3;4.1;0.0
58.2;173.3;3.9;0.0
8.3;173.5;0.0;0.0
8.3;173.5;0.0;0.0
8.3;173.5;0.0;0.0
8.3;173.5;0.0;0.0
8.3;173.5;0.0;0.0
8.3;173.5;0.0;0.0
8.3;173.5;0.0;0.0
8.3;173.5;0.0;0.0
8.3;173.5;0.0;0.0
8.3;173.6;0.0;0.0
8.3;173.6;0.0;0.0
8.3;173.6;0.0;0.0
8.3;173.6;0.0;0.0
8.3;173.6;0.0;0.0
8.3;173.6;0.0;0.0
9.1;173.6;0.0;0.0
8.3;173.6;0.0;0.0
8.3;173.6;0.0;0.0
8.3;173.6;0.0;0.0
8.3;173.6;0.0;0.0
8.3;173.6;0.0;0.0
8.3;173.6;0.0;0.0
8.3;173.6;0.0;0.0
8.3;173.6;0.0;0.0
8.3;173.6;0.0;0.0
8.3;173.6;0.0;0.0
8.3;173.6;0.0;0.0
8.3;173.6;0.0;0.0
8.3;173.6;0.0;0.0
8.3;173.6;0.0;0.0
8.3;173.6;0.0;0.0
8.3;173.6;0.0;0.0
9.1;173.6;0.0;0.0
8.3;173.6;0.0;0.0
8.3;173.8;0.0;0.0
8.3;173.8;0.0;0.0
8.3;173.8;0.0;0.0
8.3;173.8;0.0;0.0
8.3;173.8;0.0;0.0
8.3;173.8;0.0;0.0
8.3;173.8;0.0;0.0
8.3;173.8;0.0;0.0
8.3;173.8;0.0;0.0
8.3;173.8;0.0;0.0
8.3;173.8;0.0;0.0
