6.6;54.5;30.7;0.0
7.5;69.9;30.8;0.0
7.5;77.7;22.3;0.0
7.5;88.5;25.8;0.0
6.6;97.5;36.7;0.0
7.5;107.6;42.6;0.0
10.0;128.1;33.6;0.0
97.3;144.5;40.9;0.0
9.2;151.0;9.8;0.0
8.3;165.8;41.4;0.0
8.3;166.2;0.0;0.0
8.3;166.4;0.0;0.0
8.3;166.4;0.0;0.0
86.5;173.7;2.3;0.0
20.8;173.8;6.5;0.0
7.5;174.7;1.5;0.0
8.3;174.7;0.0;0.0
8.3;174.7;0.0;0.0
8.3;174.7;0.0;0.0
8.3;174.7;0.0;0.0
8.3;174.8;0.0;0.0
8.3;174.8;0.0;0.0
8.3;174.8;0.0;0.0
8.3;174.8;0.0;0.0
8.3;174.8;0.0;0.0
8.3;174.8;0.0;0.0
8.3;174.8;0.0;0.0
8.3;174.8;0.0;0.0
8.3;174.8;0.0;0.0
8.3;174.8;0.0;0.0
8.3;174.8;0.0;0.0
8.3;174.8;0.0;0.0
9.1;174.8;0.0;0.0
8.3;174.8;0.0;0.0
8.3;174.8;0.0;0.0
8.3;174.8;0.0;0.0
8.3;174.8;0.0;0.0
8.3;174.8;0.0;0.0
8.3;174.8;0.0;0.0
8.3;174.8;0.0;0.0
8.3;174.8;0.0;0.0
8.3;174.8;0.0;0.0
8.3;174.8;0.0;0.0
8.3;174.8;0.0;0.0
8.3;174.8;0.0;0.0
8.3;174.8;0.0;0.0
8.3;174.8;0.0;0.0
8.3;174.8;0.0;0.0
8.3;174.9;0.0;0.0
8.3;174.9;0.0;0.0
9.1;174.9;0.0;0.0
8.3;174.9;0.0;0.0
8.3;174.9;0.0;0.0
8.3;174.9;0.0;0.0
8.3;174.9;0.0;0.0
8.3;174.9;0.0;0.0
8.3;175.1;0.0;0.0
8.3;175.1;0.0;0.0
8.3;175.1;0.0;0.0
8.3;175.1;0.0;0.0
