6.6;67.3;33.2;0.0
6.6;71.6;29.2;0.0
8.3;86.4;29.8;0.0
6.6;94.4;27.2;0.0
6.6;103.7;41.2;0.0
6.6;116.5;48.7;0.0
75.7;134.2;26.5;0.0
34.1;143.5;16.2;0.0
7.5;156.1;39.7;0.0
9.1;162.8;10.5;0.0
8.3;162.8;0.0;0.0
8.3;163.0;0.0;0.0
44.1;166.2;2.3;0.0
68.1;167.3;6.2;0.0
8.3;167.5;0.0;0.0
8.3;167.5;0.0;0.0
8.3;167.5;0.0;0.0
8.3;167.5;0.0;0.0
8.3;167.5;0.0;0.0
8.3;167.5;0.0;0.0
8.3;167.5;0.0;0.0
8.3;167.5;0.0;0.0
8.3;167.5;0.0;0.0
8.3;167.6;0.0;0.0
8.3;167.6;0.0;0.0
8.3;167.6;0.0;0.0
8.3;167.6;0.0;0.0
8.3;167.6;0.0;0.0
8.3;167.6;0.0;0.0
8.3;167.6;0.0;0.0
8.3;167.6;0.0;0.0
8.3;167.6;0.0;0.0
8.3;167.6;0.0;0.0
8.3;167.6;0.0;0.0
9.1;167.6;0.0;0.0
8.3;167.6;0.0;0.0
8.3;167.6;0.0;0.0
8.3;167.6;0.0;0.0
8.3;167.6;0.0;0.0
8.3;167.6;0.0;0.0
8.3;167.6;0.0;0.0
8.3;167.6;0.0;0.0
8.3;167.6;0.0;0.0
8.3;167.6;0.0;0.0
8.3;167.6;0.0;0.0
8.3;167.6;0.0;0.0
8.3;167.6;0.0;0.0
8.3;167.7;0.0;0.0
8.3;167.7;0.0;0.0
8.3;167.7;0.0;0.0
9.1;167.7;0.0;0.0
8.3;167.7;0.0;0.0
8.3;167.7;0.0;0.0
8.3;167.7;0.0;0.0
8.3;167.7;0.0;0.0
8.3;167.7;0.0;0.0
8.3;167.9;0.0;0.0
8.3;167.9;0.0;0.0
8.3;167.9;0.0;0.0
8.3;167.9;0.0;0.0
