6.6;47.7;26.8;0.0
8.3;60.0;23.9;0.0
7.5;63.5;23.5;0.0
6.6;75.6;25.0;0.0
7.5;80.5;20.2;0.0
7.5;90.3;37.0;0.0
7.5;99.2;37.9;0.0
33.3;122.1;35.5;0.0
75.6;132.6;28.1;0.0
7.5;138.3;9.8;0.0
8.3;152.4;41.1;0.0
1.7;152.9;20.2;0.0
6.6;157.9;10.7;0.0
8.3;157.9;0.0;0.0
8.3;158.6;0.0;0.0
8.3;158.8;0.0;0.0
8.3;159.2;0.0;0.0
8.3;159.8;0.0;0.0
4.2;160.1;5.8;0.0
6.6;160.3;8.0;0.0
9.1;160.3;0.0;0.0
8.3;160.3;0.0;0.0
22.5;174.6;0.0;0.0
87.3;174.8;11.6;0.0
57.4;179.8;21.9;0.0
98.1;180.0;0.0;0.0
99.8;180.0;0.0;0.0
90.1;180.7;0.0;0.0
8.3;181.2;0.0;0.0
8.3;181.7;0.0;0.0
7.5;179.5;0.4;4.0
9.1;210.5;591.2;0.0
8.3;210.5;295.9;0.0
7.5;210.5;311.4;0.0
8.3;210.5;318.0;0.0
8.3;241.8;209.7;0.0
8.3;241.8;0.2;68.0
8.3;241.8;0.4;128.0
