6.6;54.5;29.3;0.0
8.3;67.1;25.2;0.0
7.5;67.7;22.2;0.0
8.3;79.9;25.4;0.0
7.5;83.3;18.2;0.0
5.8;93.2;37.6;0.0
7.5;102.1;37.1;0.0
30.8;128.5;34.0;0.0
78.1;139.4;30.2;0.0
8.3;145.0;9.6;0.0
7.5;157.4;37.9;0.0
2.5;159.4;19.1;0.0
7.5;164.5;17.4;0.0
8.3;164.7;0.0;0.0
8.3;165.4;0.0;0.0
7.5;165.4;0.0;0.0
8.3;165.4;0.0;0.0
8.3;165.5;0.0;0.0
8.3;166.0;0.0;0.0
9.1;166.0;0.0;0.0
8.3;166.0;0.0;0.0
9.2;166.0;0.0;0.0
8.3;166.0;0.0;0.0
8.3;166.8;0.0;0.0
1.7;166.8;3.8;0.0
6.6;166.9;8.1;0.0
8.3;166.9;0.0;0.0
90.7;175.9;5.9;0.0
53.2;180.5;30.1;0.0
96.4;179.7;0.1;0.0
100.6;179.7;0.0;0.0
99.6;181.4;0.0;0.0
30.6;182.4;0.0;0.0
8.3;182.9;0.0;0.0
8.3;183.4;0.0;0.0
7.5;180.8;0.3;4.0
9.2;211.6;502.9;0.0
8.3;211.8;314.3;0.0
8.3;211.8;314.7;0.0
8.3;212.3;297.9;0.0
8.3;243.1;293.6;0.0
7.5;243.1;0.4;0.0
8.3;243.1;0.6;196.0
