11.6;41.5;23.0;0.0
7.5;55.6;28.3;0.0
7.5;65.6;25.0;0.0
8.3;73.5;16.4;0.0
7.5;80.9;22.2;0.0
6.6;89.5;34.7;0.0
7.5;97.4;39.0;0.0
6.6;108.3;38.5;0.0
86.5;134.1;34.6;0.0
24.1;140.6;8.0;0.0
8.3;148.2;26.1;0.0
3.3;158.7;30.1;0.0
5.0;163.1;26.7;0.0
7.5;163.7;0.4;0.0
8.3;164.4;0.0;0.0
8.3;164.6;0.0;0.0
8.3;165.1;0.0;0.0
5.8;166.0;2.2;0.0
5.0;166.0;8.8;0.0
8.3;166.0;0.0;0.0
9.1;166.0;0.0;0.0
8.3;166.0;0.0;0.0
94.8;180.9;4.9;0.0
61.6;186.6;25.0;0.0
100.7;186.2;0.0;0.0
99.0;187.0;0.0;0.0
72.2;187.5;0.0;0.0
8.3;187.5;0.0;0.0
8.3;188.0;0.0;0.0
8.3;185.8;0.4;4.0
8.3;216.7;431.4;0.0
8.3;216.9;341.9;0.0
8.3;216.9;302.4;0.0
9.2;216.9;306.0;0.0
8.3;217.4;315.2;0.0
8.3;248.2;31.1;0.0
8.3;248.2;0.4;132.0
