7.5;46.7;23.4;0.0
6.6;58.7;24.5;0.0
7.5;67.8;25.2;0.0
7.5;77.9;18.2;0.0
8.3;85.3;28.1;0.0
6.6;94.5;36.3;0.0
7.5;103.7;37.8;0.0
6.6;111.6;30.1;0.0
93.2;133.6;34.6;0.0
12.5;140.7;8.2;0.0
7.5;146.8;22.8;0.0
5.0;158.0;27.5;0.0
3.3;162.0;29.4;0.0
8.3;163.1;0.4;0.0
8.3;163.3;0.0;0.0
8.3;163.8;0.0;0.0
8.3;163.9;0.0;0.0
8.3;164.5;0.0;0.0
7.5;164.5;0.0;0.0
8.3;164.5;0.0;0.0
9.2;164.5;0.0;0.0
8.3;164.5;0.0;0.0
8.3;165.3;0.0;0.0
1.7;168.5;12.5;0.0
8.3;165.4;0.0;0.0
43.3;177.9;0.9;0.0
71.5;178.4;19.6;0.0
66.6;181.7;13.2;0.0
99.8;181.7;0.0;0.0
99.8;183.5;0.0;0.0
64.0;184.5;0.0;0.0
8.3;185.1;0.0;0.0
8.3;185.6;0.0;0.0
8.3;214.0;140.0;4.0
8.3;214.2;531.5;0.0
8.3;214.2;331.6;0.0
9.1;214.7;339.3;0.0
8.3;214.7;353.2;0.0
8.3;245.5;33.3;0.0
8.3;245.5;0.4;132.0
