6.6;54.6;25.3;0.0
8.3;63.7;14.1;0.0
8.3;71.0;22.5;0.0
7.5;70.2;14.9;0.0
8.3;79.1;22.5;0.0
6.7;85.4;24.8;0.0
7.5;93.3;34.6;0.0
7.5;101.6;36.0;0.0
29.9;125.2;24.4;0.0
79.0;136.5;32.3;0.0
8.3;142.6;5.4;0.0
8.3;149.4;25.3;0.0
5.8;159.6;26.1;0.0
2.5;164.4;27.7;0.0
8.3;165.0;0.4;0.0
8.3;165.0;0.0;0.0
8.3;165.8;0.0;0.0
8.3;165.9;0.0;0.0
8.3;166.4;0.0;0.0
9.1;166.4;0.0;0.0
5.8;167.1;0.4;0.0
4.2;167.3;9.8;0.0
8.3;167.3;0.0;0.0
47.4;175.8;0.4;0.0
71.5;175.8;10.8;0.0
44.9;180.8;27.7;0.0
94.0;179.6;0.1;0.0
100.4;179.6;0.0;0.0
85.6;181.6;0.0;0.0
8.3;182.9;0.0;0.0
8.3;183.4;0.0;0.0
7.5;183.4;0.0;0.0
8.3;212.0;245.1;4.0
8.3;212.2;464.9;0.0
8.3;212.2;317.8;0.0
