14.1;45.8;24.4;0.0
7.5;57.5;25.7;0.0
7.5;68.0;26.2;0.0
6.6;80.1;19.2;0.0
8.3;87.4;33.2;0.0
6.7;98.5;40.4;0.0
7.5;106.6;37.4;0.0
35.8;128.6;31.1;0.0
74.8;139.1;30.2;0.0
8.3;145.1;9.8;0.0
6.6;158.2;39.2;0.0
1.7;159.5;20.4;0.0
8.3;164.2;12.1;0.0
8.3;164.3;0.0;0.0
8.3;165.0;0.0;0.0
8.3;165.2;0.0;0.0
8.3;165.7;0.0;0.0
9.1;165.7;0.0;0.0
8.3;165.7;0.0;0.0
8.3;166.5;0.0;0.0
2.5;166.5;7.6;0.0
7.5;166.6;3.1;0.0
8.3;166.6;0.0;0.0
9.1;166.6;0.0;0.0
8.3;166.6;0.0;0.0
48.2;180.9;1.3;0.0
69.9;182.3;21.9;0.0
84.0;186.3;2.6;0.0
99.9;186.3;0.0;0.0
99.0;187.1;0.0;0.0
29.1;187.6;0.0;0.0
8.3;188.2;0.0;0.0
7.5;186.7;0.4;4.0
8.3;217.6;591.8;0.0
8.3;217.6;278.5;0.0
9.1;217.6;313.6;0.0
8.3;218.1;311.2;0.0
8.3;249.1;232.9;0.0
8.3;249.1;0.2;68.0
8.3;249.1;0.4;128.0
