17.4;44.4;22.3;0.0
6.6;57.5;26.8;0.0
8.3;68.6;25.2;0.0
7.5;76.1;17.7;0.0
9.1;84.6;23.4;0.0
5.8;91.7;31.6;0.0
7.5;100.3;35.7;0.0
6.6;112.3;44.9;0.0
76.6;132.3;20.5;0.0
34.9;141.6;21.2;0.0
7.5;147.2;12.6;0.0
6.7;160.8;38.6;0.0
0.8;160.9;17.9;0.0
6.6;165.7;17.0;0.0
8.3;165.8;0.0;0.0
8.3;166.5;0.0;0.0
8.3;166.7;0.0;0.0
9.1;167.1;0.0;0.0
8.3;167.1;0.0;0.0
8.3;168.0;0.4;0.0
3.3;168.1;12.2;0.0
8.3;168.1;0.0;0.0
48.3;178.6;0.9;0.0
65.7;179.8;24.1;0.0
68.2;182.3;7.4;0.0
97.3;182.3;0.0;0.0
100.4;184.4;0.0;0.0
44.9;185.1;0.0;0.0
7.5;185.6;0.0;0.0
8.3;186.2;0.0;0.0
8.3;183.8;0.3;4.0
9.2;214.7;331.4;0.0
8.3;214.9;442.5;0.0
8.3;214.9;332.0;0.0
8.3;214.9;303.2;0.0
8.3;230.4;319.1;0.0
8.3;246.2;1.6;0.0
8.3;246.2;0.4;132.0
