16.6;44.6;24.0;0.0
6.6;59.5;27.3;0.0
8.3;70.4;23.0;0.0
6.6;77.5;20.3;0.0
8.3;86.6;24.2;0.0
7.5;94.7;34.4;0.0
7.5;102.7;36.5;0.0
6.6;114.1;41.3;0.0
77.4;132.5;28.7;0.0
33.2;140.1;13.1;0.0
6.6;145.8;20.0;0.0
6.6;158.5;32.9;0.0
2.5;163.0;32.4;0.0
8.3;163.6;0.4;0.0
8.3;164.3;0.0;0.0
8.3;164.5;0.0;0.0
8.3;164.9;0.0;0.0
8.3;165.8;0.0;0.0
2.5;165.9;11.1;0.0
8.3;166.0;0.0;0.0
30.8;174.3;0.0;0.0
93.2;174.3;7.4;0.0
8.3;178.7;32.3;0.0
8.3;179.2;0.0;0.0
8.3;180.0;0.0;0.0
8.3;177.6;0.1;0.0
95.7;178.9;0.0;0.0
98.8;178.9;0.0;0.0
95.1;179.6;0.3;4.0
30.8;210.4;69.5;0.0
8.3;210.4;442.6;0.0
8.3;210.7;165.4;0.0
8.3;210.7;130.2;0.0
8.3;210.7;173.6;0.0
8.3;210.7;191.3;0.0
8.3;210.7;178.8;0.0
