6.6;47.3;24.6;0.0
7.5;60.3;22.0;0.0
6.6;62.2;27.4;0.0
8.3;74.9;20.3;0.0
7.5;81.2;27.9;0.0
7.5;90.1;31.6;0.0
7.5;98.7;35.6;0.0
6.6;106.8;30.9;0.0
86.5;130.5;26.4;0.0
25.8;137.9;15.2;0.0
8.3;143.5;9.8;0.0
7.5;157.1;41.3;0.0
0.8;157.7;25.1;0.0
7.5;162.6;7.6;0.0
8.3;162.6;0.0;0.0
8.3;163.3;0.0;0.0
8.3;163.4;0.0;0.0
8.3;164.0;0.0;0.0
5.0;164.7;0.4;0.0
4.2;164.9;11.3;0.0
8.3;164.9;0.0;0.0
79.0;177.8;1.3;0.0
52.3;183.1;39.7;0.0
94.8;181.3;0.1;0.0
99.8;181.3;0.0;0.0
99.0;183.3;0.0;0.0
37.4;184.1;0.0;0.0
8.3;185.1;0.0;0.0
7.5;185.2;0.3;4.0
8.3;216.2;430.0;0.0
8.3;216.4;364.6;0.0
8.3;216.4;334.8;0.0
8.3;216.4;329.3;0.0
8.3;247.6;272.9;0.0
8.3;247.6;0.2;68.0
8.3;247.6;0.4;128.0
