19.1;36.0;21.0;0.0
7.5;52.0;29.0;0.0
7.5;62.3;21.0;0.0
7.5;68.0;19.8;0.0
8.3;79.2;25.1;0.0
7.5;84.9;25.4;0.0
6.6;94.5;35.8;0.0
6.6;104.4;42.5;0.0
53.2;129.2;35.5;0.0
54.0;137.8;17.9;0.0
7.5;143.4;13.4;0.0
6.6;156.8;37.8;0.0
0.8;157.4;27.9;0.0
8.3;162.1;6.9;0.0
8.3;162.2;0.0;0.0
8.3;163.0;0.0;0.0
7.5;163.0;0.0;0.0
8.3;163.1;0.0;0.0
9.1;163.6;0.0;0.0
7.5;163.6;0.0;0.0
8.3;163.6;0.0;0.0
9.2;163.6;0.0;0.0
8.3;163.6;0.0;0.0
8.3;164.4;0.0;0.0
2.5;164.4;2.2;0.0
5.8;164.6;8.4;0.0
8.3;164.6;0.0;0.0
36.6;181.5;0.7;0.0
74.8;182.0;17.6;0.0
7.5;185.9;19.7;0.0
8.3;186.4;0.0;0.0
8.3;187.2;0.0;0.0
87.4;186.1;0.1;0.0
97.3;186.1;0.0;0.0
99.8;184.4;0.3;4.0
35.7;215.4;196.2;0.0
8.3;215.6;440.9;0.0
8.3;215.6;258.9;0.0
8.3;215.6;310.3;0.0
