12.5;52.5;24.6;0.0
6.7;64.8;25.4;0.0
7.5;73.7;28.5;0.0
8.3;82.5;11.1;0.0
7.5;90.3;22.4;0.0
6.6;99.3;36.7;0.0
7.5;107.5;39.2;0.0
7.5;117.8;36.3;0.0
88.2;143.0;31.4;0.0
21.6;150.3;10.6;0.0
7.5;156.9;22.4;0.0
5.0;168.5;30.2;0.0
4.2;173.1;27.1;0.0
7.5;173.7;0.4;0.0
8.3;174.4;0.0;0.0
8.3;174.6;0.0;0.0
9.1;174.6;0.0;0.0
8.3;174.6;0.0;0.0
8.3;175.1;0.0;0.0
9.1;175.1;0.0;0.0
8.3;175.9;0.0;0.0
1.7;175.9;12.2;0.0
8.3;176.0;1.1;0.0
8.3;176.0;0.0;0.0
34.3;184.3;0.0;0.0
90.6;184.5;9.6;0.0
58.2;190.3;16.5;0.0
99.8;189.6;0.0;0.0
94.7;189.6;0.0;0.0
99.8;190.4;0.0;0.0
22.4;191.0;0.0;0.0
8.3;191.5;0.0;0.0
7.5;190.1;0.4;4.0
8.3;220.7;583.3;0.0
8.3;221.0;244.6;0.0
