6.6;53.9;25.1;0.0
7.5;67.0;23.8;0.0
7.5;70.7;28.1;0.0
7.5;83.9;26.8;0.0
7.5;91.2;25.6;0.0
6.6;100.5;38.4;0.0
6.6;111.0;43.1;0.0
52.4;135.3;20.9;0.0
55.6;145.9;29.1;0.0
8.3;151.9;9.8;0.0
7.5;165.6;41.4;0.0
0.8;166.1;23.7;0.0
8.3;170.8;6.4;0.0
8.3;170.8;0.0;0.0
8.3;171.5;0.0;0.0
7.5;171.5;0.0;0.0
8.3;171.5;0.0;0.0
8.3;171.7;0.0;0.0
9.1;172.2;0.0;0.0
8.3;172.2;0.0;0.0
7.5;172.7;0.0;0.0
4.2;173.0;3.6;0.0
6.6;173.1;7.1;0.0
8.3;173.1;0.0;0.0
7.5;173.1;0.0;0.0
8.3;173.1;0.0;0.0
62.4;180.0;4.9;0.0
64.9;189.2;25.0;0.0
96.5;185.4;0.0;0.0
100.7;185.4;0.0;0.0
98.1;186.2;0.0;0.0
26.6;186.7;0.0;0.0
8.3;187.2;0.0;0.0
8.3;185.2;0.4;4.0
8.3;216.0;542.7;0.0
8.3;216.1;270.7;0.0
8.3;216.1;291.3;0.0
8.3;216.6;306.0;0.0
8.3;247.2;319.3;0.0
8.3;247.3;1.6;0.0
8.3;247.3;0.6;196.0
