7.5;42.4;23.4;0.0
7.5;53.4;24.1;0.0
7.5;63.5;25.4;0.0
7.5;73.2;18.1;0.0
8.3;80.8;27.7;0.0
5.8;91.1;41.9;0.0
7.5;100.1;37.9;0.0
17.5;119.2;30.3;0.0
93.1;133.4;36.1;0.0
8.3;137.9;6.2;0.0
7.5;148.1;34.1;0.0
2.5;153.9;13.9;0.0
3.3;158.4;26.5;0.0
8.3;159.1;0.4;0.0
8.3;159.9;0.0;0.0
8.3;160.0;0.0;0.0
8.3;160.6;0.0;0.0
9.1;160.6;0.0;0.0
5.8;161.4;0.4;0.0
4.2;161.6;11.0;0.0
8.3;161.6;0.0;0.0
62.4;176.1;1.3;0.0
73.2;182.2;23.1;0.0
96.5;181.7;0.0;0.0
98.0;181.9;0.0;0.0
89.7;182.8;0.0;0.0
8.3;183.1;0.0;0.0
8.3;183.6;0.0;0.0
8.3;212.7;106.4;4.0
8.3;212.9;557.5;0.0
8.3;212.9;330.4;0.0
8.3;212.9;326.3;0.0
8.3;212.9;342.5;0.0
8.3;244.1;65.3;0.0
8.3;244.1;0.4;132.0
