7.5;53.6;36.1;0.0
6.6;66.2;26.9;0.0
7.5;74.9;23.2;0.0
8.3;83.3;34.4;0.0
6.7;94.5;42.0;0.0
7.5;107.1;50.0;0.0
64.1;129.1;40.5;0.0
43.1;138.3;13.6;0.0
8.3;153.3;44.6;0.0
0.0;153.3;0.0;0.0
0.0;153.3;0.0;0.0
0.0;153.3;0.0;0.0
0.0;153.3;0.0;0.0
0.0;153.3;0.0;0.0
0.0;153.3;0.0;0.0
0.0;153.3;0.0;0.0
0.0;153.6;1.8;0.0
0.0;153.6;0.0;0.0
0.0;153.6;0.0;0.0
0.0;153.6;0.4;0.0
0.0;153.6;0.0;0.0
0.0;153.6;0.0;0.0
0.0;153.6;0.0;0.0
0.0;153.6;0.0;0.0
0.0;153.6;0.0;0.0
0.0;153.6;0.0;0.0
0.0;153.6;0.0;0.0
0.0;153.6;2.3;0.0
0.0;153.6;0.0;0.0
0.0;153.6;0.0;0.0
0.0;153.6;0.0;0.0
0.0;153.6;0.0;0.0
0.0;153.6;0.0;0.0
0.0;153.6;0.0;0.0
0.0;153.6;0.0;0.0
0.0;153.6;0.0;0.0
0.0;153.6;0.0;0.0
0.0;153.6;0.0;0.0
0.0;153.6;2.7;0.0
0.0;153.6;0.0;0.0
0.0;153.6;0.0;0.0
0.0;153.6;1.0;0.0
7.5;156.2;0.4;0.0
8.3;156.2;0.0;0.0
8.3;156.4;0.0;0.0
8.3;156.4;0.0;0.0
9.1;156.4;0.0;0.0
85.7;168.9;0.4;0.0
12.5;168.9;0.0;0.0
0.0;168.9;0.0;0.0
0.0;168.9;0.0;0.0
0.0;168.9;0.0;0.0
0.0;168.9;0.0;0.0
0.0;168.9;0.0;0.0
0.0;168.9;1.7;0.0
0.0;168.9;0.0;0.0
0.0;168.9;0.0;0.0
0.0;168.9;0.0;0.0
0.0;168.9;0.4;0.0
0.0;168.9;0.0;0.0
