6.6;60.4;33.5;0.0
8.3;73.2;25.6;0.0
6.6;82.6;21.8;0.0
7.5;92.2;28.2;0.0
5.8;102.4;42.9;0.0
7.5;112.4;43.1;0.0
38.3;135.8;36.2;0.0
72.2;146.4;27.4;0.0
6.6;154.2;23.2;0.0
5.0;165.6;28.1;0.0
0.0;165.6;0.0;0.0
0.0;165.6;0.0;0.0
0.0;165.6;0.0;0.0
0.0;165.6;0.0;0.0
0.0;165.6;0.0;0.0
0.0;165.6;0.0;0.0
0.0;165.9;1.8;0.0
0.0;165.9;0.0;0.0
0.0;165.9;0.0;0.0
0.0;165.9;0.0;0.0
0.0;165.9;0.4;0.0
0.0;165.9;0.0;0.0
0.0;165.9;0.0;0.0
0.0;165.9;0.0;0.0
0.0;165.9;0.0;0.0
0.0;165.9;0.0;0.0
0.0;165.9;0.0;0.0
0.0;165.9;0.0;0.0
0.0;165.9;0.0;0.0
0.0;165.9;0.0;0.0
0.0;165.9;2.0;0.0
0.0;165.9;0.0;0.0
0.0;165.9;0.0;0.0
0.0;165.9;0.0;0.0
0.0;165.9;0.0;0.0
0.0;165.9;0.0;0.0
0.0;165.9;0.0;0.0
0.0;165.9;0.0;0.0
0.0;165.9;0.0;0.0
0.0;165.9;0.0;0.0
0.0;165.9;0.0;0.0
0.0;165.9;2.8;0.0
0.0;165.9;0.0;0.0
0.0;165.9;0.0;0.0
0.0;167.4;0.9;0.0
8.3;168.6;0.4;0.0
8.3;168.8;0.0;0.0
8.3;168.8;0.0;0.0
8.3;168.8;0.0;0.0
9.2;168.8;0.0;0.0
70.7;175.3;0.4;0.0
27.4;175.3;0.0;0.0
0.0;175.3;0.0;0.0
0.0;175.3;0.0;0.0
0.0;175.3;0.0;0.0
0.0;175.3;0.0;0.0
0.0;175.3;0.0;0.0
0.0;175.3;1.7;0.0
0.0;175.3;0.0;0.0
0.0;175.3;0.0;0.0
