5.8;57.0;35.0;0.0
8.3;68.6;27.3;0.0
6.6;78.5;19.5;0.0
8.3;86.8;27.2;0.0
5.0;97.6;46.3;0.0
9.1;107.7;41.9;0.0
43.3;131.1;37.2;0.0
65.7;141.1;23.0;0.0
8.3;149.4;27.9;0.0
2.5;159.8;23.3;0.0
0.0;159.8;0.0;0.0
0.0;159.8;0.0;0.0
0.0;159.8;0.0;0.0
0.0;159.8;0.0;0.0
0.0;159.8;0.0;0.0
0.0;159.8;0.0;0.0
0.8;159.8;1.8;0.0
0.0;159.8;0.0;0.0
0.0;159.8;0.0;0.0
0.0;159.8;0.0;0.0
0.0;160.0;1.0;0.0
0.0;160.0;0.0;0.0
0.0;160.0;0.0;0.0
0.0;160.0;0.0;0.0
0.0;160.0;0.0;0.0
0.0;160.0;0.0;0.0
0.0;160.0;0.0;0.0
0.0;160.0;0.0;0.0
0.0;160.0;0.0;0.0
0.0;160.0;0.0;0.0
0.0;160.0;0.0;0.0
0.0;160.0;2.3;0.0
0.0;160.0;0.0;0.0
0.0;160.0;0.0;0.0
0.0;160.0;0.0;0.0
0.0;160.0;0.0;0.0
0.0;160.0;0.0;0.0
0.0;160.0;0.0;0.0
0.0;160.0;0.0;0.0
0.0;160.0;0.0;0.0
0.0;160.0;0.0;0.0
0.0;160.0;0.0;0.0
5.0;162.4;3.4;0.0
8.3;162.4;0.0;0.0
8.3;162.6;0.0;0.0
8.3;162.6;0.0;0.0
8.3;162.6;0.0;0.0
27.5;175.2;0.4;0.0
75.6;175.2;0.0;0.0
0.0;175.2;0.0;0.0
0.0;175.2;0.0;0.0
0.0;175.2;0.0;0.0
0.0;175.2;0.0;0.0
0.0;175.2;0.0;0.0
0.0;175.2;0.0;0.0
0.0;175.2;1.7;0.0
0.0;175.2;0.0;0.0
0.0;175.2;0.0;0.0
0.0;175.2;0.0;0.0
0.0;175.2;0.4;0.0
