13.3;53.1;31.7;0.0
8.3;66.9;29.0;0.0
6.6;74.7;23.5;0.0
8.3;83.8;30.6;0.0
7.5;96.0;48.1;0.0
6.6;108.3;49.0;0.0
62.4;133.3;38.6;0.0
47.4;142.2;13.3;0.0
7.5;155.6;40.5;0.0
0.8;158.9;7.9;0.0
0.0;158.9;0.0;0.0
0.0;158.9;0.0;0.0
0.0;158.9;0.0;0.0
0.0;158.9;0.0;0.0
0.0;158.9;0.0;0.0
0.0;158.9;0.0;0.0
0.8;159.2;1.8;0.0
0.0;159.2;0.0;0.0
0.0;159.2;0.0;0.0
0.0;159.2;0.0;0.0
0.0;159.2;0.4;0.0
0.0;159.2;0.0;0.0
0.0;159.2;0.0;0.0
0.0;159.2;0.0;0.0
0.0;159.2;0.0;0.0
0.0;159.2;0.0;0.0
0.0;159.2;0.0;0.0
0.0;159.2;2.2;0.0
0.0;159.2;0.0;0.0
0.0;159.2;0.0;0.0
0.0;159.2;0.0;0.0
0.0;159.2;0.0;0.0
0.0;159.2;0.0;0.0
0.0;159.2;0.0;0.0
0.0;159.2;0.0;0.0
0.0;159.2;0.0;0.0
0.0;159.2;0.0;0.0
0.0;159.2;0.0;0.0
0.0;159.2;2.2;0.0
0.0;159.2;0.0;0.0
0.0;159.2;0.0;0.0
0.0;159.2;0.0;0.0
5.8;161.7;1.4;0.0
8.3;161.9;0.0;0.0
8.3;161.9;0.0;0.0
8.3;161.9;0.0;0.0
8.3;161.9;0.0;0.0
59.1;172.7;0.4;0.0
40.7;172.7;0.0;0.0
0.0;172.7;0.0;0.0
0.0;172.7;0.0;0.0
0.0;172.7;0.0;0.0
0.0;172.7;0.0;0.0
0.0;172.7;0.0;0.0
0.0;172.7;1.7;0.0
0.0;172.7;0.0;0.0
0.0;172.7;0.0;0.0
0.0;172.7;0.0;0.0
0.0;172.7;0.4;0.0
0.0;172.7;0.0;0.0
