13.3;48.8;34.4;0.0
7.5;64.0;30.0;0.0
6.6;72.7;23.5;0.0
9.1;82.2;24.6;0.0
5.8;92.1;42.3;0.0
6.6;102.4;44.1;0.0
23.3;123.7;37.2;0.0
83.9;134.9;30.2;0.0
8.3;142.7;22.6;0.0
4.1;154.2;28.6;0.0
0.0;154.2;0.0;0.0
0.0;154.2;0.0;0.0
0.0;154.2;0.0;0.0
0.0;154.2;0.0;0.0
0.0;154.2;0.0;0.0
0.0;154.2;0.0;0.0
0.0;154.4;1.8;0.0
0.0;154.4;0.0;0.0
0.0;154.4;0.0;0.0
0.0;154.4;0.0;0.0
0.0;154.4;0.4;0.0
0.0;154.4;0.0;0.0
0.0;154.4;0.0;0.0
0.0;154.4;0.0;0.0
0.0;154.4;0.0;0.0
0.0;154.4;0.0;0.0
0.0;154.4;0.0;0.0
0.0;154.4;1.8;0.0
0.0;154.4;0.0;0.0
0.0;154.4;0.0;0.0
0.0;154.4;0.0;0.0
0.0;154.4;0.0;0.0
0.0;154.4;0.0;0.0
0.0;154.4;0.0;0.0
0.0;154.4;0.0;0.0
0.0;154.4;0.0;0.0
0.0;154.4;0.0;0.0
0.0;154.4;0.0;0.0
0.0;154.4;2.5;0.0
0.0;154.4;0.0;0.0
0.0;154.4;0.0;0.0
0.0;154.4;0.0;0.0
6.6;157.0;1.5;0.0
8.3;157.2;0.0;0.0
8.3;157.2;0.0;0.0
8.3;157.2;0.0;0.0
8.3;157.2;0.0;0.0
45.8;170.0;0.4;0.0
54.9;170.0;0.0;0.0
0.0;170.0;0.0;0.0
0.0;170.0;0.0;0.0
0.0;170.0;0.0;0.0
0.0;170.0;0.0;0.0
0.0;170.0;0.0;0.0
0.0;170.0;0.8;0.0
0.0;170.0;1.0;0.0
0.0;170.0;0.0;0.0
0.0;170.0;0.0;0.0
0.0;170.0;0.4;0.0
0.0;170.0;0.0;0.0
