13.3;51.3;32.6;0.0
8.3;64.5;27.7;0.0
6.6;73.8;22.7;0.0
9.2;83.5;28.6;0.0
5.8;93.8;42.3;0.0
6.6;103.8;43.1;0.0
32.4;132.1;39.0;0.0
73.9;142.3;25.4;0.0
7.5;150.3;25.3;0.0
3.3;161.1;26.0;0.0
0.0;161.1;0.0;0.0
0.0;161.1;0.0;0.0
0.0;161.1;0.0;0.0
0.0;161.1;0.0;0.0
0.0;161.1;0.0;0.0
0.0;161.1;0.0;0.0
0.0;161.3;1.8;0.0
0.0;161.3;0.0;0.0
0.0;161.3;0.0;0.0
0.0;161.3;0.0;0.0
0.0;161.3;0.4;0.0
0.0;161.3;0.0;0.0
0.0;161.3;0.0;0.0
0.0;161.3;0.0;0.0
0.0;161.3;0.0;0.0
0.0;161.3;0.0;0.0
0.0;161.3;0.0;0.0
0.0;161.3;0.0;0.0
0.0;161.3;2.2;0.0
0.0;161.3;0.0;0.0
0.0;161.3;0.0;0.0
0.0;161.3;0.0;0.0
0.0;161.3;0.0;0.0
0.0;161.3;0.0;0.0
0.0;161.3;0.0;0.0
0.0;161.3;0.0;0.0
0.0;161.3;0.0;0.0
0.0;161.3;0.0;0.0
0.0;161.3;0.0;0.0
0.0;161.3;2.4;0.0
0.0;161.3;0.0;0.0
0.0;161.3;0.0;0.0
0.0;161.3;0.0;0.0
7.5;163.9;1.4;0.0
7.5;164.1;0.0;0.0
8.3;164.1;0.0;0.0
8.3;164.1;0.0;0.0
8.3;164.1;0.0;0.0
21.4;182.9;0.3;0.0
84.7;182.9;0.1;0.0
0.0;182.9;0.0;0.0
0.0;182.9;0.0;0.0
0.0;182.9;0.0;0.0
0.0;182.9;0.0;0.0
0.0;182.9;0.0;0.0
0.0;182.9;0.0;0.0
0.0;182.9;1.7;0.0
0.0;182.9;0.0;0.0
0.0;182.9;0.0;0.0
0.0;182.9;0.0;0.0
