24.1;49.1;34.5;0.0
9.2;62.8;28.3;0.0
6.6;69.7;22.8;0.0
7.5;79.2;27.6;0.0
5.8;90.1;43.5;0.0
8.3;99.9;42.9;0.0
35.8;126.7;35.5;0.0
74.0;138.1;28.9;0.0
6.6;147.1;28.5;0.0
3.3;156.9;22.7;0.0
0.0;156.9;0.0;0.0
0.0;156.9;0.0;0.0
0.0;156.9;0.0;0.0
0.0;156.9;0.0;0.0
0.0;156.9;0.0;0.0
0.0;156.9;0.0;0.0
0.8;157.2;1.8;0.0
0.0;157.2;0.0;0.0
0.0;157.2;0.0;0.0
0.0;157.2;0.0;0.0
0.8;157.2;1.0;0.0
0.0;157.2;0.0;0.0
0.0;157.2;0.0;0.0
0.0;157.2;0.0;0.0
0.0;157.2;0.0;0.0
0.0;157.2;0.0;0.0
0.0;157.2;0.0;0.0
0.0;157.2;0.0;0.0
0.0;157.2;0.0;0.0
0.0;157.2;0.0;0.0
0.0;157.2;0.0;0.0
0.0;157.2;1.8;0.0
0.0;157.2;0.0;0.0
0.0;157.2;0.0;0.0
0.0;157.2;0.0;0.0
0.0;157.2;0.0;0.0
0.0;157.2;0.0;0.0
0.0;157.2;0.0;0.0
0.0;157.2;0.0;0.0
0.0;157.2;0.0;0.0
0.0;157.2;0.0;0.0
0.0;157.2;0.0;0.0
3.3;159.7;3.4;0.0
8.3;159.9;0.0;0.0
8.3;159.9;0.0;0.0
8.3;159.9;0.0;0.0
8.3;159.9;0.0;0.0
54.0;174.5;0.4;0.0
47.3;174.5;0.0;0.0
0.0;174.5;0.0;0.0
0.0;174.5;0.0;0.0
0.0;174.5;0.0;0.0
0.0;174.5;0.0;0.0
0.0;174.5;0.0;0.0
0.0;174.5;0.0;0.0
0.0;174.5;1.8;0.0
0.0;174.5;0.0;0.0
0.0;174.5;0.0;0.0
0.0;174.5;0.4;0.0
0.0;174.5;0.0;0.0
