6.7;52.4;34.1;0.0
7.5;66.1;27.9;0.0
6.6;69.1;23.1;0.0
7.5;79.1;25.0;0.0
6.6;89.5;43.7;0.0
7.5;99.5;43.3;0.0
26.6;124.7;36.8;0.0
75.7;136.0;30.0;0.0
7.5;143.4;21.4;0.0
5.0;155.0;29.8;0.0
0.0;155.0;0.0;0.0
0.0;155.0;0.0;0.0
0.0;155.0;0.0;0.0
0.0;155.0;0.0;0.0
0.0;155.0;0.0;0.0
0.0;155.0;0.0;0.0
0.0;155.0;1.8;0.0
0.0;155.0;0.0;0.0
0.0;155.0;0.0;0.0
0.0;155.0;0.0;0.0
0.0;155.1;1.0;0.0
0.0;155.1;0.0;0.0
0.0;155.1;0.0;0.0
0.0;155.1;0.0;0.0
0.0;155.1;0.0;0.0
0.0;155.1;0.0;0.0
0.0;155.1;0.0;0.0
0.0;155.1;0.0;0.0
0.0;155.1;0.0;0.0
0.0;155.1;0.0;0.0
0.0;155.1;0.0;0.0
0.0;155.1;2.2;0.0
0.0;155.1;0.0;0.0
0.0;155.1;0.0;0.0
0.0;155.1;0.0;0.0
0.0;155.1;0.0;0.0
0.0;155.1;0.0;0.0
0.0;155.1;0.0;0.0
0.0;155.1;0.0;0.0
0.0;155.1;0.0;0.0
0.0;155.1;0.0;0.0
0.0;155.1;0.0;0.0
0.0;155.1;2.4;0.0
0.0;155.1;0.0;0.0
0.0;155.1;0.0;0.0
0.0;155.1;0.0;0.0
6.6;157.7;0.8;0.0
8.3;157.9;0.0;0.0
8.3;157.9;0.0;0.0
8.3;157.9;0.0;0.0
8.3;157.9;0.0;0.0
24.8;168.7;0.3;0.0
82.4;168.7;0.1;0.0
0.0;168.7;0.0;0.0
0.0;168.7;0.0;0.0
0.0;168.7;0.0;0.0
0.0;168.7;0.0;0.0
0.0;168.7;0.0;0.0
0.0;168.7;0.0;0.0
0.0;168.7;1.8;0.0
