13.3;49.0;33.0;0.0
8.3;64.4;30.2;0.0
7.5;68.9;23.5;0.0
7.5;78.4;24.6;0.0
8.3;88.7;44.5;0.0
7.5;99.0;42.9;0.0
29.1;121.5;36.2;0.0
79.0;132.7;30.2;0.0
7.5;138.7;15.6;0.0
5.8;152.4;35.7;0.0
0.0;152.4;0.0;0.0
0.0;152.4;0.0;0.0
0.0;152.4;0.0;0.0
0.0;152.4;0.0;0.0
0.0;152.4;0.0;0.0
0.0;152.4;0.0;0.0
0.0;152.4;0.0;0.0
0.0;152.4;1.8;0.0
0.0;152.4;0.0;0.0
0.0;152.4;0.0;0.0
0.0;152.4;0.4;0.0
0.0;152.5;0.6;0.0
0.0;152.5;0.0;0.0
0.0;152.5;0.0;0.0
0.0;152.5;0.0;0.0
0.0;152.5;0.0;0.0
0.0;152.5;0.0;0.0
0.0;152.5;0.0;0.0
0.0;152.5;0.0;0.0
0.0;152.5;0.0;0.0
0.0;152.5;0.0;0.0
0.0;152.5;2.0;0.0
0.0;152.5;0.0;0.0
0.0;152.5;0.0;0.0
0.0;152.5;0.0;0.0
0.0;152.5;0.0;0.0
0.0;152.5;0.0;0.0
0.0;152.5;0.0;0.0
0.0;152.5;0.0;0.0
0.0;152.5;0.0;0.0
0.0;152.5;0.0;0.0
0.0;152.5;0.0;0.0
1.7;154.2;2.7;0.0
8.3;154.9;0.4;0.0
8.3;155.1;0.0;0.0
8.3;155.1;0.0;0.0
8.3;155.1;0.0;0.0
8.3;155.1;0.0;0.0
67.3;185.7;0.4;0.0
36.6;185.7;0.0;0.0
0.0;185.7;0.0;0.0
0.0;185.7;0.0;0.0
0.0;185.7;0.0;0.0
0.0;185.7;0.0;0.0
0.0;185.7;0.0;0.0
0.0;185.7;0.8;0.0
0.0;185.7;1.0;0.0
0.0;185.7;0.0;0.0
0.0;185.7;0.0;0.0
0.0;185.7;0.4;0.0
