6.6;61.0;34.7;0.0
7.5;72.8;28.0;0.0
7.5;78.2;19.2;0.0
6.7;86.7;35.4;0.0
7.5;97.3;39.6;0.0
6.6;108.0;45.8;0.0
57.6;129.0;35.3;0.0
50.7;138.0;18.1;0.0
8.3;147.7;31.9;0.0
2.5;156.6;19.1;0.0
0.0;156.6;0.0;0.0
0.0;156.6;0.0;0.0
0.0;156.6;0.0;0.0
0.0;156.6;0.0;0.0
0.0;156.6;0.0;0.0
0.0;156.6;0.0;0.0
0.0;156.6;1.7;0.0
0.0;156.6;0.0;0.0
0.0;156.6;0.0;0.0
0.0;156.6;0.0;0.0
0.0;156.6;0.0;0.0
0.0;156.6;0.0;0.0
0.0;156.6;0.0;0.0
0.0;156.6;0.0;0.0
0.0;156.6;0.0;0.0
0.0;156.6;0.0;0.0
0.0;156.6;0.0;0.0
0.0;156.7;2.5;0.0
0.0;156.7;0.0;0.0
0.0;156.7;0.0;0.0
0.0;156.7;0.0;0.0
0.0;156.7;0.0;0.0
0.0;156.7;0.0;0.0
0.0;156.7;0.0;0.0
0.0;156.7;0.0;0.0
0.0;156.7;0.0;0.0
0.0;156.7;0.0;0.0
0.0;156.7;0.0;0.0
0.8;156.7;2.4;0.0
0.0;156.7;0.0;0.0
0.0;156.7;0.0;0.0
0.0;156.7;0.0;0.0
5.8;159.2;1.6;0.0
8.3;159.4;0.0;0.0
8.3;159.4;0.0;0.0
8.3;159.4;0.0;0.0
8.3;159.4;0.0;0.0
24.9;168.0;0.3;0.0
82.3;168.0;0.1;0.0
0.0;168.0;0.0;0.0
0.0;168.0;0.0;0.0
0.0;168.0;0.0;0.0
0.0;168.0;0.0;0.0
0.0;168.0;0.0;0.0
0.0;168.0;0.0;0.0
0.0;168.0;1.7;0.0
0.0;168.0;0.0;0.0
0.0;168.0;0.0;0.0
0.0;168.0;0.0;0.0
0.8;168.0;1.1;0.0
