7.5;52.0;34.2;0.0
6.7;64.7;26.9;0.0
8.3;75.2;22.8;0.0
7.5;84.3;37.2;0.0
6.6;95.6;42.2;0.0
6.6;107.6;50.6;0.0
67.4;131.5;31.9;0.0
43.2;140.6;14.8;0.0
7.5;156.1;45.1;0.0
0.8;157.5;3.3;0.0
0.0;157.5;0.0;0.0
0.0;157.5;0.0;0.0
0.0;157.5;0.0;0.0
0.0;157.5;0.0;0.0
0.0;157.5;0.0;0.0
0.0;157.5;0.0;0.0
0.0;157.5;1.7;0.0
0.0;157.5;0.0;0.0
0.0;157.5;0.0;0.0
0.0;157.5;0.0;0.0
0.0;157.5;0.4;0.0
0.0;157.5;0.0;0.0
0.0;157.5;0.0;0.0
0.0;157.5;0.0;0.0
0.0;157.5;0.0;0.0
0.0;157.5;0.0;0.0
0.0;157.5;0.0;0.0
0.0;157.6;2.3;0.0
0.0;157.6;0.0;0.0
0.0;157.6;0.0;0.0
0.0;157.6;0.0;0.0
0.0;157.6;0.0;0.0
0.0;157.6;0.0;0.0
0.0;157.6;0.0;0.0
0.0;157.6;0.0;0.0
0.0;157.6;0.0;0.0
0.0;157.6;0.0;0.0
0.0;157.6;0.0;0.0
0.0;157.6;2.4;0.0
0.0;157.6;0.0;0.0
0.0;157.6;0.0;0.0
3.3;159.1;1.0;0.0
8.3;160.1;0.4;0.0
8.3;160.1;0.0;0.0
8.3;160.2;0.0;0.0
8.3;160.2;0.0;0.0
8.3;162.7;0.0;0.0
91.5;174.7;0.4;0.0
3.3;174.7;0.0;0.0
0.0;174.7;0.0;0.0
0.0;174.7;0.0;0.0
0.0;174.7;0.0;0.0
0.0;174.7;0.0;0.0
0.0;174.7;0.0;0.0
0.0;174.7;1.8;0.0
0.0;174.7;0.0;0.0
0.0;174.7;0.0;0.0
0.0;174.7;0.0;0.0
0.0;174.7;0.4;0.0
0.0;174.7;0.0;0.0
