5.8;49.7;34.1;0.0
7.5;62.7;25.7;0.0
6.6;72.4;22.5;0.0
9.1;81.8;26.4;0.0
5.0;91.9;41.5;0.0
8.3;101.9;41.6;0.0
20.8;121.7;35.8;0.0
88.2;134.0;33.1;0.0
7.5;140.3;13.0;0.0
5.8;154.0;38.2;0.0
0.0;154.0;0.0;0.0
0.0;154.0;0.0;0.0
0.0;154.0;0.0;0.0
0.0;154.0;0.0;0.0
0.0;154.0;0.0;0.0
0.0;154.0;0.0;0.0
0.0;154.0;0.0;0.0
0.0;154.3;1.7;0.0
0.0;154.3;0.0;0.0
0.0;154.3;0.0;0.0
0.0;154.3;0.4;0.0
0.0;154.3;0.0;0.0
0.0;154.3;0.0;0.0
0.0;154.3;0.0;0.0
0.0;154.3;0.0;0.0
0.0;154.3;0.0;0.0
0.0;154.3;0.0;0.0
0.0;154.3;0.0;0.0
0.0;154.3;2.3;0.0
0.0;154.3;0.0;0.0
0.0;154.3;0.0;0.0
0.0;154.3;0.0;0.0
0.0;154.3;0.0;0.0
0.0;154.3;0.0;0.0
0.0;154.3;0.0;0.0
0.0;154.3;0.0;0.0
0.0;154.3;0.0;0.0
0.0;154.3;0.0;0.0
0.0;154.3;3.0;0.0
0.0;154.3;0.0;0.0
0.0;154.3;0.0;0.0
0.0;154.3;0.0;0.0
2.5;156.7;1.2;0.0
8.3;156.9;0.0;0.0
8.3;157.1;0.0;0.0
8.3;157.1;0.0;0.0
8.3;157.1;0.0;0.0
8.3;157.1;0.0;0.0
84.9;171.6;0.4;0.0
19.1;171.6;0.0;0.0
0.0;171.6;0.0;0.0
0.0;171.6;0.0;0.0
0.0;171.6;0.0;0.0
0.0;171.6;0.0;0.0
0.0;171.6;0.0;0.0
0.8;171.6;1.7;0.0
0.0;171.6;0.0;0.0
0.0;171.6;0.0;0.0
0.0;171.6;0.0;0.0
0.0;171.6;0.4;0.0
