31.6;45.2;25.6;0.0
6.6;58.6;28.7;0.0
8.3;66.9;28.1;0.0
7.5;79.6;21.8;0.0
6.6;87.4;32.6;0.0
7.5;98.7;41.8;0.0
7.5;111.5;50.1;0.0
72.4;132.6;37.8;0.0
35.7;140.4;10.0;0.0
8.3;156.2;44.8;0.0
0.0;156.2;0.3;0.0
0.0;156.2;0.0;0.0
0.0;156.2;0.0;0.0
0.0;156.2;0.0;0.0
0.0;156.2;0.0;0.0
0.0;156.2;0.0;0.0
0.0;156.2;0.0;0.0
0.0;156.2;1.8;0.0
0.0;156.2;0.0;0.0
0.0;156.2;0.0;0.0
0.0;156.2;0.0;0.0
0.0;156.2;0.4;0.0
0.0;156.2;0.0;0.0
0.0;156.2;0.0;0.0
0.0;156.2;0.0;0.0
0.0;156.2;0.0;0.0
0.0;156.2;0.0;0.0
0.0;156.2;0.0;0.0
0.0;156.3;2.1;0.0
0.0;156.3;0.0;0.0
0.0;156.3;0.0;0.0
0.0;156.3;0.0;0.0
0.0;156.3;0.0;0.0
0.0;156.3;0.0;0.0
0.0;156.3;0.0;0.0
0.0;156.3;0.0;0.0
0.0;156.3;0.0;0.0
0.0;156.3;0.0;0.0
0.0;156.3;0.0;0.0
0.8;156.3;2.5;0.0
0.0;156.3;0.0;0.0
0.0;156.3;0.0;0.0
0.0;157.0;0.7;0.0
8.3;158.6;0.4;0.0
8.3;158.8;0.0;0.0
8.3;158.8;0.0;0.0
8.3;158.8;0.0;0.0
8.3;158.8;0.0;0.0
74.9;171.4;0.4;0.0
23.3;171.4;0.0;0.0
0.0;171.4;0.0;0.0
0.0;171.4;0.0;0.0
0.0;171.4;0.0;0.0
0.0;171.4;0.0;0.0
0.0;171.4;0.0;0.0
0.0;171.4;1.6;0.0
0.0;171.4;0.0;0.0
0.0;171.4;0.0;0.0
0.0;171.4;0.0;0.0
0.0;171.4;0.4;0.0
