20.8;52.5;36.6;0.0
8.3;65.6;26.4;0.0
7.5;75.8;22.4;0.0
7.5;85.0;31.6;0.0
6.6;96.5;45.9;0.0
6.6;109.0;49.3;0.0
61.6;130.0;39.5;0.0
49.9;139.0;13.5;0.0
6.6;154.4;44.9;0.0
0.8;155.7;3.3;0.0
0.0;155.7;0.0;0.0
0.0;155.7;0.0;0.0
0.0;155.7;0.0;0.0
0.0;155.7;0.0;0.0
0.0;155.7;0.0;0.0
0.0;155.7;0.0;0.0
0.8;155.7;1.7;0.0
0.0;155.7;0.0;0.0
0.0;155.7;0.0;0.0
0.0;155.7;0.0;0.0
0.0;155.7;0.4;0.0
0.0;155.8;0.6;0.0
0.0;155.8;0.0;0.0
0.0;155.8;0.0;0.0
0.0;155.8;0.0;0.0
0.0;155.8;0.0;0.0
0.0;155.8;0.0;0.0
0.0;155.8;0.0;0.0
0.0;155.8;0.0;0.0
0.0;155.8;0.0;0.0
0.0;155.8;0.0;0.0
0.0;155.8;0.0;0.0
0.0;155.8;2.1;0.0
0.0;155.8;0.0;0.0
0.0;155.8;0.0;0.0
0.0;155.8;0.0;0.0
0.0;155.8;0.0;0.0
0.0;155.8;0.0;0.0
0.0;155.8;0.0;0.0
0.0;155.8;0.0;0.0
0.0;155.8;0.0;0.0
0.0;155.8;2.4;0.0
0.0;155.8;0.0;0.0
5.0;158.2;1.3;0.0
8.3;158.4;0.0;0.0
8.3;158.4;0.0;0.0
8.3;158.4;0.0;0.0
8.3;158.4;0.0;0.0
20.0;171.0;0.3;0.0
86.5;171.0;0.1;0.0
0.0;171.0;0.0;0.0
0.0;171.0;0.0;0.0
0.0;171.0;0.0;0.0
0.0;171.0;0.0;0.0
0.0;171.0;0.0;0.0
0.0;171.0;0.0;0.0
0.0;171.0;1.8;0.0
0.0;171.0;0.0;0.0
0.0;171.0;0.0;0.0
0.0;171.0;0.0;0.0
