15.0;46.5;25.5;0.0
7.5;58.4;24.8;0.0
7.5;66.2;26.1;0.0
7.5;78.1;18.0;0.0
9.1;84.7;25.5;0.0
6.6;93.9;36.5;0.0
8.3;104.0;43.3;0.0
25.8;125.0;36.8;0.0
84.0;135.8;30.2;0.0
8.3;142.2;13.0;0.0
5.0;155.8;38.2;0.0
0.0;155.8;0.0;0.0
0.0;155.8;0.0;0.0
0.0;155.8;0.0;0.0
0.0;155.8;0.0;0.0
0.0;155.8;0.0;0.0
0.0;155.8;0.0;0.0
0.0;156.0;1.8;0.0
0.0;156.0;0.0;0.0
0.0;156.0;0.0;0.0
0.0;156.0;0.0;0.0
0.0;156.0;0.4;0.0
0.0;156.0;0.0;0.0
0.0;156.0;0.0;0.0
0.0;156.0;0.0;0.0
0.0;156.0;0.0;0.0
0.0;156.0;0.0;0.0
0.0;156.0;0.0;0.0
0.0;156.0;1.7;0.0
0.0;156.0;0.0;0.0
0.0;156.0;0.0;0.0
0.0;156.0;0.0;0.0
0.0;156.0;0.0;0.0
0.0;156.0;0.0;0.0
0.0;156.0;0.0;0.0
0.0;156.0;0.0;0.0
0.0;156.0;0.0;0.0
0.0;156.0;0.0;0.0
0.0;156.0;0.0;0.0
0.0;156.0;2.8;0.0
0.0;156.0;0.0;0.0
0.0;156.0;0.0;0.0
0.0;156.0;0.0;0.0
6.7;158.6;1.4;0.0
8.3;158.6;0.0;0.0
8.3;158.8;0.0;0.0
8.3;158.8;0.0;0.0
8.3;158.8;0.0;0.0
53.7;171.2;0.4;0.0
49.9;171.2;0.0;0.0
0.0;171.2;0.0;0.0
0.0;171.2;0.0;0.0
0.0;171.2;0.0;0.0
0.0;171.2;0.0;0.0
0.0;171.2;0.0;0.0
0.0;171.2;0.0;0.0
0.8;171.2;1.8;0.0
0.0;171.2;0.0;0.0
0.0;171.2;0.0;0.0
0.0;171.2;0.4;0.0
