14.1;42.4;27.1;0.0
7.5;56.4;28.8;0.0
6.6;64.1;28.5;0.0
9.1;77.6;26.8;0.0
7.5;84.8;27.2;0.0
6.6;94.3;40.4;0.0
7.5;106.5;47.9;0.0
64.9;130.6;19.0;0.0
44.9;140.9;22.8;0.0
8.3;150.3;31.7;0.0
1.7;159.5;19.3;0.0
0.0;159.5;0.0;0.0
0.0;159.5;0.0;0.0
0.0;159.5;0.0;0.0
0.0;159.5;0.0;0.0
0.0;159.5;0.0;0.0
0.0;159.5;0.0;0.0
0.0;159.7;1.8;0.0
0.0;159.7;0.0;0.0
0.0;159.7;0.0;0.0
0.0;159.7;0.0;0.0
0.0;159.7;0.4;0.0
0.0;159.7;0.0;0.0
0.0;159.7;0.0;0.0
0.0;159.7;0.0;0.0
0.0;159.7;0.0;0.0
0.0;159.7;0.0;0.0
0.0;159.7;0.0;0.0
0.8;159.7;2.5;0.0
0.0;159.7;0.0;0.0
0.0;159.7;0.0;0.0
0.0;159.7;0.0;0.0
0.0;159.7;0.0;0.0
0.0;159.7;0.0;0.0
0.0;159.7;0.0;0.0
0.0;159.7;0.0;0.0
0.0;159.7;0.0;0.0
0.0;159.7;0.0;0.0
0.0;159.7;0.0;0.0
0.0;159.7;2.2;0.0
0.0;159.7;0.0;0.0
0.0;159.7;0.0;0.0
0.0;159.7;0.0;0.0
4.1;162.2;1.1;0.0
8.3;162.2;0.0;0.0
8.3;162.2;0.0;0.0
8.3;162.2;0.0;0.0
8.3;162.4;0.0;0.0
21.6;178.9;0.3;0.0
86.4;178.9;0.1;0.0
0.0;178.9;0.0;0.0
0.0;178.9;0.0;0.0
0.0;178.9;0.0;0.0
0.0;178.9;0.0;0.0
0.0;178.9;0.0;0.0
0.0;178.9;0.0;0.0
0.0;178.9;1.7;0.0
0.0;178.9;0.0;0.0
0.0;178.9;0.0;0.0
0.0;178.9;0.0;0.0
