14.1;52.1;35.5;0.0
8.3;66.1;28.3;0.0
5.0;76.4;23.2;0.0
8.3;85.9;24.6;0.0
5.8;96.2;43.9;0.0
8.3;106.4;43.9;0.0
25.0;130.0;31.0;0.0
84.8;144.5;35.0;0.0
7.5;150.4;17.6;0.0
5.8;163.8;33.6;0.0
0.0;163.8;0.0;0.0
0.0;163.8;0.0;0.0
0.0;163.8;0.0;0.0
0.0;163.8;0.0;0.0
0.0;163.8;0.0;0.0
0.0;163.8;0.0;0.0
0.0;163.8;1.2;0.0
0.0;163.8;0.6;0.0
0.0;163.8;0.0;0.0
0.0;163.8;0.0;0.0
0.0;163.8;0.0;0.0
0.0;163.8;0.0;0.0
0.0;163.8;0.0;0.0
0.0;163.8;0.0;0.0
0.0;163.8;1.6;0.0
0.0;163.8;0.0;0.0
0.0;163.8;0.0;0.0
0.0;163.8;0.0;0.0
0.0;163.8;0.0;0.0
0.0;163.8;0.0;0.0
0.0;163.8;0.0;0.0
0.0;163.8;0.0;0.0
0.0;163.8;0.0;0.0
0.0;163.8;0.0;0.0
0.0;163.8;0.0;0.0
0.0;163.8;0.0;0.0
0.0;163.8;0.0;0.0
0.0;163.8;0.0;0.0
0.0;163.8;2.6;0.0
0.0;163.8;0.0;0.0
0.0;163.8;0.0;0.0
0.0;163.8;0.0;0.0
0.0;163.8;0.0;0.0
0.0;163.8;0.0;0.0
0.0;163.8;0.0;0.0
0.0;163.8;0.0;0.0
0.0;163.8;0.0;0.0
0.0;163.8;0.0;0.0
0.0;163.8;0.0;0.0
1.7;165.5;2.1;0.0
7.5;166.6;0.4;0.0
8.3;166.6;0.0;0.0
8.3;166.7;0.0;0.0
8.3;166.7;0.0;0.0
8.3;166.7;0.0;0.0
86.5;179.3;0.4;0.0
10.0;179.3;0.0;0.0
0.0;179.3;0.0;0.0
0.0;179.3;0.0;0.0
0.0;179.3;0.0;0.0
