6.6;51.6;34.4;0.0
7.5;64.4;26.7;0.0
7.5;73.9;22.7;0.0
7.5;82.3;29.2;0.0
5.8;92.3;40.9;0.0
6.7;101.9;40.9;0.0
33.3;122.6;34.8;0.0
77.4;133.6;29.6;0.0
7.5;139.8;18.6;0.0
5.0;153.0;34.4;0.0
2.5;157.0;31.7;0.0
8.3;159.3;0.4;0.0
8.3;159.3;0.0;0.0
8.3;159.3;0.0;0.0
9.1;159.3;0.0;0.0
8.3;159.4;0.0;0.0
8.3;159.4;0.0;0.0
8.3;159.4;0.0;0.0
9.1;159.4;0.0;0.0
7.5;159.4;0.0;0.0
8.3;159.4;0.0;0.0
8.3;159.4;0.0;0.0
8.3;159.4;0.0;0.0
8.3;159.4;0.0;0.0
8.3;159.4;0.0;0.0
9.2;159.4;0.0;0.0
7.5;159.9;0.0;0.0
5.0;160.1;3.6;0.0
5.8;160.2;6.7;0.0
7.5;160.2;0.0;0.0
9.1;160.2;0.0;0.0
8.3;160.2;0.0;0.0
8.3;160.2;0.0;0.0
8.3;160.2;0.0;0.0
8.3;160.2;0.0;0.0
9.1;160.2;0.0;0.0
51.5;178.4;1.3;0.0
67.3;181.2;23.8;0.0
99.0;184.1;4.2;0.0
99.8;184.1;0.0;0.0
99.0;182.8;0.0;0.0
12.5;183.3;0.0;0.0
8.3;183.8;0.0;0.0
8.3;183.8;0.0;0.0
8.3;183.8;0.0;0.0
8.3;180.2;0.4;4.0
9.1;211.2;305.7;0.0
8.3;211.3;388.8;0.0
8.3;211.3;296.0;0.0
8.3;211.3;248.2;0.0
7.5;211.3;280.2;0.0
8.3;242.5;204.3;0.0
9.1;242.5;0.2;68.0
8.3;242.5;0.4;128.0
8.3;242.5;0.4;128.0
8.3;212.2;0.3;64.0
8.3;212.2;0.0;0.0
3.9;0.0;0.0;0.0
0.0;0.0;0.0;0.0
0.0;0.0;0.0;0.0
