20.0;49.6;31.3;0.0
6.6;65.0;32.0;0.0
6.7;69.1;22.3;0.0
7.5;81.0;27.7;0.0
6.7;90.3;37.5;0.0
8.3;100.9;46.6;0.0
19.1;119.3;34.9;0.0
89.8;133.4;34.8;0.0
6.6;139.8;13.0;0.0
6.6;153.3;38.3;0.0
1.7;153.9;27.2;0.0
7.5;159.5;3.0;0.0
8.3;159.5;0.0;0.0
8.3;159.5;0.0;0.0
8.3;159.7;0.0;0.0
8.3;159.7;0.0;0.0
8.3;159.7;0.0;0.0
8.3;159.7;0.0;0.0
8.3;159.7;0.0;0.0
9.1;159.7;0.0;0.0
8.3;159.7;0.0;0.0
8.3;159.7;0.0;0.0
8.3;159.7;0.0;0.0
8.3;159.7;0.0;0.0
8.3;159.7;0.0;0.0
8.3;159.7;0.0;0.0
8.3;159.7;0.0;0.0
6.7;160.4;0.4;0.0
0.8;160.4;12.5;0.0
8.3;160.4;0.3;0.0
8.3;160.4;0.0;0.0
8.3;160.4;0.0;0.0
8.3;160.4;0.0;0.0
8.3;160.4;0.0;0.0
8.3;160.4;0.0;0.0
8.3;160.4;0.0;0.0
8.3;160.4;0.0;0.0
88.9;171.3;1.3;0.0
43.2;173.7;37.2;0.0
86.5;176.8;0.0;0.0
99.0;176.8;0.0;0.0
99.8;177.6;0.0;0.0
10.8;178.1;0.0;0.0
8.3;178.6;0.0;0.0
8.3;178.6;0.0;0.0
8.3;178.6;0.0;0.0
7.5;197.1;0.4;4.0
8.3;207.5;624.3;0.0
8.3;207.5;340.3;0.0
8.3;207.5;332.3;0.0
8.3;208.0;358.0;0.0
8.3;238.8;72.5;0.0
8.3;238.8;0.4;132.0
9.1;238.8;0.4;128.0
8.3;208.4;0.5;128.0
8.3;208.4;0.0;0.0
5.8;0.0;0.0;0.0
0.0;0.0;0.0;0.0
0.0;0.0;0.0;0.0
0.0;0.0;0.0;0.0
