20.0;50.8;28.4;0.0
8.3;66.0;33.5;0.0
6.6;67.6;23.9;0.0
7.5;80.8;27.3;0.0
6.6;89.7;35.9;0.0
7.5;100.4;44.6;0.0
12.5;120.4;36.1;0.0
95.5;135.5;38.6;0.0
8.3;141.7;13.0;0.0
5.8;155.1;38.2;0.0
1.7;158.1;28.2;0.0
8.3;161.5;0.4;0.0
8.3;161.5;0.0;0.0
8.3;161.5;0.0;0.0
8.3;161.5;0.0;0.0
8.3;161.7;0.0;0.0
8.3;161.7;0.0;0.0
8.3;161.7;0.0;0.0
8.3;161.7;0.0;0.0
8.3;161.7;0.0;0.0
8.3;161.7;0.0;0.0
8.3;161.7;0.0;0.0
8.3;161.7;0.0;0.0
8.3;161.7;0.0;0.0
8.3;161.7;0.0;0.0
8.3;161.7;0.0;0.0
8.3;162.1;0.0;0.0
3.3;162.4;6.2;0.0
6.6;162.4;7.7;0.0
8.3;162.4;0.0;0.0
8.3;162.4;0.0;0.0
8.3;162.4;0.0;0.0
8.3;162.4;0.0;0.0
8.3;162.4;0.0;0.0
8.3;162.4;0.0;0.0
8.3;162.4;0.0;0.0
49.9;170.7;0.7;0.0
76.5;172.7;18.4;0.0
67.4;176.1;14.3;0.0
99.0;176.1;0.0;0.0
99.0;176.9;0.0;0.0
29.1;177.4;0.0;0.0
9.2;177.9;0.0;0.0
8.3;177.9;0.0;0.0
8.3;177.9;0.0;0.0
8.3;176.4;0.4;4.0
8.3;207.3;389.2;0.0
8.3;207.5;385.7;0.0
8.3;207.5;346.0;0.0
8.3;207.5;321.0;0.0
7.5;238.6;285.5;0.0
8.3;238.6;0.2;68.0
8.3;238.6;0.4;128.0
8.3;238.6;0.4;128.0
8.3;208.3;0.3;64.0
8.3;208.3;0.0;0.0
2.5;0.0;0.0;0.0
0.0;0.0;0.0;0.0
0.0;0.0;0.0;0.0
0.0;0.0;0.0;0.0
