5.8;51.9;34.5;0.0
8.3;65.1;25.8;0.0
5.8;75.1;23.5;0.0
8.3;84.5;27.6;0.0
6.6;95.0;43.7;0.0
5.8;104.6;42.1;0.0
38.3;126.6;40.0;0.0
72.2;137.1;23.8;0.0
7.5;144.2;22.8;0.0
3.3;155.7;30.6;0.0
3.3;160.2;27.4;0.0
8.3;161.6;0.4;0.0
8.3;161.6;0.0;0.0
8.3;161.7;0.0;0.0
8.3;161.7;0.0;0.0
8.3;161.7;0.0;0.0
8.3;161.7;0.0;0.0
8.3;161.7;0.0;0.0
8.3;161.7;0.0;0.0
8.3;161.7;0.0;0.0
8.3;161.7;0.0;0.0
8.3;161.7;0.0;0.0
8.3;161.7;0.0;0.0
8.3;161.7;0.0;0.0
9.1;161.7;0.0;0.0
8.3;161.7;0.0;0.0
8.3;162.2;0.0;0.0
4.2;162.4;3.4;0.0
5.8;162.5;6.5;0.0
8.3;162.5;0.0;0.0
8.3;162.5;0.0;0.0
8.3;162.5;0.0;0.0
8.3;162.5;0.0;0.0
8.3;162.5;0.0;0.0
8.3;162.5;0.0;0.0
8.3;162.5;0.0;0.0
62.4;174.9;1.3;0.0
60.7;177.6;20.8;0.0
98.2;180.2;5.6;0.0
99.8;180.5;0.0;0.0
99.0;181.1;0.0;0.0
8.3;181.6;0.0;0.0
8.3;182.1;0.0;0.0
8.3;182.1;0.0;0.0
8.3;182.1;0.0;0.0
8.3;181.8;0.4;4.0
7.5;211.7;603.1;0.0
8.3;211.7;331.4;0.0
8.3;211.7;339.8;0.0
8.3;211.7;356.7;0.0
8.3;243.0;99.4;0.0
8.3;243.0;0.4;132.0
8.3;243.0;0.4;128.0
8.3;243.0;0.2;64.0
8.3;212.7;0.3;64.0
7.5;0.0;0.0;0.0
0.0;0.0;0.0;0.0
0.0;0.0;0.0;0.0
0.0;0.0;0.0;0.0
0.0;0.0;0.0;0.0
