6.6;59.1;32.5;0.0
7.5;71.0;27.6;0.0
7.5;76.7;19.8;0.0
6.6;84.7;33.0;0.0
6.6;95.6;41.2;0.0
8.3;108.4;49.7;0.0
61.6;131.8;40.2;0.0
48.2;140.9;14.4;0.0
7.5;154.9;42.7;0.0
0.8;157.0;13.7;0.0
6.6;162.7;23.5;0.0
8.3;162.9;0.0;0.0
8.3;162.9;0.0;0.0
8.3;162.9;0.0;0.0
8.3;163.1;0.0;0.0
8.3;163.1;0.0;0.0
8.3;163.1;0.0;0.0
8.3;163.1;0.0;0.0
8.3;163.1;0.0;0.0
8.3;163.1;0.0;0.0
8.3;163.1;0.0;0.0
8.3;163.1;0.0;0.0
8.3;163.1;0.0;0.0
9.1;163.1;0.0;0.0
8.3;163.1;0.0;0.0
8.3;163.1;0.0;0.0
6.6;163.8;0.4;0.0
3.3;163.9;11.1;0.0
8.3;163.9;0.0;0.0
8.3;163.9;0.0;0.0
8.3;163.9;0.0;0.0
8.3;163.9;0.0;0.0
8.3;163.9;0.0;0.0
8.3;163.9;0.0;0.0
8.3;163.9;0.0;0.0
20.8;174.2;0.0;0.0
91.4;174.2;12.2;0.0
65.3;179.6;21.8;0.0
97.3;179.6;0.0;0.0
99.8;180.4;0.0;0.0
24.9;180.9;0.0;0.0
8.3;181.4;0.0;0.0
8.3;181.4;0.0;0.0
8.3;181.4;0.0;0.0
7.5;210.6;311.0;4.0
8.3;210.9;463.5;0.0
8.3;210.9;366.2;0.0
8.3;210.9;359.8;0.0
7.5;242.3;226.7;0.0
8.3;242.3;0.4;132.0
8.3;242.3;0.4;128.0
8.3;242.3;0.2;64.0
8.3;211.9;0.3;64.0
10.0;0.0;0.0;0.0
0.0;0.0;0.0;0.0
0.0;0.0;0.0;0.0
0.0;0.0;0.0;0.0
0.0;0.0;0.0;0.0
0.0;0.0;0.0;0.0
0.0;0.0;0.0;0.0
