6.6;52.0;14.6;0.0
8.3;60.5;20.2;0.0
8.3;66.5;9.7;0.0
8.3;71.5;13.8;0.0
6.6;71.8;15.9;0.0
7.5;80.2;10.2;0.0
9.1;86.0;19.3;0.0
7.5;91.9;26.3;0.0
7.5;97.8;25.4;0.0
7.5;104.9;26.4;0.0
8.3;112.5;33.6;0.0
53.2;133.4;12.1;0.0
54.9;143.6;30.0;0.0
8.3;146.5;1.2;0.0
7.5;152.2;21.2;0.0
9.1;163.7;28.6;0.0
0.0;164.0;12.1;0.0
4.2;168.2;21.7;0.0
8.3;169.1;0.4;0.0
8.3;169.1;0.0;0.0
8.3;169.9;0.0;0.0
8.3;170.0;0.0;0.0
8.3;170.5;0.0;0.0
9.2;170.5;0.0;0.0
8.3;170.5;0.0;0.0
8.3;171.2;0.0;0.0
2.5;171.2;7.5;0.0
6.6;171.4;4.5;0.0
8.3;171.4;0.0;0.0
9.1;171.4;0.0;0.0
7.5;171.4;0.0;0.0
8.3;171.4;0.0;0.0
9.1;171.4;0.0;0.0
8.3;171.4;0.0;0.0
34.9;177.8;0.0;0.0
93.2;179.8;1.1;0.0
6.6;180.3;23.4;0.0
61.5;185.5;14.9;0.0
90.7;183.4;0.1;0.0
95.7;183.4;0.0;0.0
96.4;183.4;0.0;0.0
