6.6;56.2;34.5;0.0
8.3;68.8;24.9;0.0
7.5;76.9;22.6;0.0
7.5;86.3;24.6;0.0
7.5;96.3;42.1;0.0
7.5;106.4;43.8;0.0
20.8;130.1;33.7;0.0
85.5;144.3;34.2;0.0
8.3;150.6;9.8;0.0
5.8;163.8;41.4;0.0
1.7;164.4;21.9;0.0
7.5;169.3;5.6;0.0
8.3;169.3;0.0;0.0
8.3;170.0;0.0;0.0
8.3;170.2;0.0;0.0
9.1;170.2;0.0;0.0
8.3;170.2;0.0;0.0
8.3;170.6;0.0;0.0
6.6;171.4;0.4;0.0
2.5;171.5;10.4;0.0
8.3;171.5;0.0;0.0
9.1;171.5;0.0;0.0
8.3;171.5;0.0;0.0
12.5;180.0;0.0;0.0
90.7;180.0;7.7;0.0
60.7;184.9;25.9;0.0
99.0;185.4;0.0;0.0
99.8;186.1;0.0;0.0
38.2;186.6;0.0;0.0
8.3;187.1;0.0;0.0
7.5;216.5;215.2;4.0
8.3;216.7;508.4;0.0
8.3;216.7;350.9;0.0
8.3;216.7;337.0;0.0
8.3;248.0;315.7;0.0
8.3;248.0;0.2;68.0
8.2;248.0;0.4;128.0
8.3;248.0;0.4;128.0
8.3;217.6;0.3;64.0
8.3;217.6;0.0;0.0
4.1;0.0;0.0;0.0
0.0;0.0;0.0;0.0
