14.1;51.7;24.9;0.0
6.6;65.6;28.2;0.0
7.5;76.9;26.4;0.0
8.3;71.8;18.0;0.0
8.3;79.4;24.0;0.0
5.8;88.5;37.3;0.0
7.5;98.2;38.4;0.0
7.5;106.6;34.1;0.0
74.9;128.6;20.6;0.0
34.1;138.1;21.0;0.0
8.3;143.2;9.8;0.0
7.5;157.0;41.5;0.0
1.7;157.6;23.0;0.0
7.5;162.5;7.0;0.0
8.3;162.5;0.0;0.0
8.3;163.2;0.0;0.0
8.3;163.4;0.0;0.0
9.2;163.4;0.0;0.0
8.3;163.4;0.0;0.0
9.1;163.8;0.0;0.0
8.3;163.8;0.0;0.0
6.7;164.7;0.4;0.0
2.5;164.8;9.9;0.0
8.3;164.9;0.0;0.0
21.6;189.2;0.0;0.0
94.1;189.2;5.6;0.0
49.8;194.1;31.4;0.0
90.7;194.6;0.0;0.0
99.8;194.6;0.0;0.0
99.0;195.5;0.0;0.0
24.9;196.0;0.0;0.0
8.3;196.5;0.0;0.0
7.5;194.9;0.4;4.0
8.3;225.9;321.7;0.0
9.1;226.0;404.0;0.0
8.3;226.0;338.6;0.0
8.3;226.0;340.4;0.0
9.1;257.2;319.1;0.0
7.5;257.2;0.0;0.0
8.3;257.2;0.6;196.0
8.3;257.2;0.4;128.0
8.3;226.9;0.3;64.0
