6.6;50.0;27.0;0.0
8.3;63.9;26.7;0.0
6.6;64.8;25.2;0.0
8.3;77.6;26.4;0.0
6.6;85.5;30.8;0.0
6.6;94.3;37.0;0.0
5.8;106.6;47.5;0.0
71.6;131.1;28.7;0.0
38.2;138.5;13.1;0.0
6.6;145.5;22.6;0.0
5.0;156.9;30.2;0.0
2.5;161.4;28.7;0.0
8.3;162.4;0.4;0.0
8.3;163.1;0.0;0.0
8.3;163.3;0.0;0.0
8.3;163.8;0.0;0.0
5.8;164.6;0.4;0.0
5.0;164.7;12.9;0.0
8.3;164.7;0.0;0.0
76.5;175.0;3.1;0.0
60.7;178.0;29.5;0.0
100.7;180.7;1.8;0.0
100.6;180.7;0.0;0.0
99.8;181.3;0.0;0.0
17.5;181.9;0.0;0.0
8.3;182.4;0.0;0.0
8.3;180.2;0.4;4.0
8.3;211.7;294.4;0.0
8.3;212.0;417.5;0.0
8.3;212.0;283.2;0.0
9.2;212.0;318.4;0.0
8.3;212.0;311.8;0.0
8.3;243.3;105.7;0.0
8.3;243.3;0.4;132.0
8.3;243.3;0.4;128.0
8.3;243.3;0.2;64.0
8.3;212.9;0.3;64.0
8.3;0.0;0.0;0.0
