8.3;54.9;20.2;0.0
7.5;64.9;15.7;0.0
8.3;72.6;19.2;0.0
6.6;68.1;17.3;0.0
8.3;77.5;22.3;0.0
7.5;81.4;18.6;0.0
7.5;89.3;26.8;0.0
8.3;95.6;30.0;0.0
7.5;106.8;40.5;0.0
71.5;129.0;28.1;0.0
37.4;136.5;13.5;0.0
8.3;141.5;9.8;0.0
6.6;153.5;37.5;0.0
2.5;155.6;17.6;0.0
6.6;160.6;16.9;0.0
8.3;160.6;0.0;0.0
8.3;161.4;0.0;0.0
8.3;161.5;0.0;0.0
9.1;161.5;0.0;0.0
8.3;161.5;0.0;0.0
8.3;162.0;0.0;0.0
9.1;162.0;0.0;0.0
8.3;162.0;0.0;0.0
5.8;162.8;0.4;0.0
3.3;162.8;12.3;0.0
8.3;162.8;0.0;0.0
85.9;191.2;3.1;0.0
48.2;197.4;33.4;0.0
99.0;196.5;0.0;0.0
98.2;196.5;0.0;0.0
100.6;196.5;0.0;0.0
84.7;197.3;0.0;0.0
7.5;197.8;0.0;0.0
8.3;198.3;0.0;0.0
