23.2;45.8;25.4;0.0
7.5;58.7;26.3;0.0
6.6;66.7;28.5;0.0
7.5;79.7;25.2;0.0
7.5;87.5;29.6;0.0
6.6;98.1;39.2;0.0
7.5;109.7;48.4;0.0
65.7;128.0;34.4;0.0
43.2;135.9;12.8;0.0
6.7;146.9;34.9;0.0
3.3;153.8;19.6;0.0
5.0;158.4;26.4;0.0
8.3;159.0;0.4;0.0
9.2;159.7;0.0;0.0
8.3;159.7;0.0;0.0
8.3;159.8;0.0;0.0
8.3;160.3;0.0;0.0
8.3;161.1;0.0;0.0
3.3;161.1;8.3;0.0
8.3;161.2;0.6;0.0
8.3;161.2;0.0;0.0
33.1;174.1;1.1;0.0
78.2;174.6;12.1;0.0
69.9;179.5;14.9;0.0
99.8;179.5;0.0;0.0
100.6;180.2;0.0;0.0
42.4;180.7;0.0;0.0
8.3;181.3;0.0;0.0
9.1;181.3;0.0;0.0
8.3;210.0;93.6;4.0
7.5;210.2;557.3;0.0
8.3;210.2;315.1;0.0
8.3;210.2;326.3;0.0
8.3;210.8;354.3;0.0
8.3;241.5;81.8;0.0
8.3;241.5;0.4;132.0
8.3;241.5;0.4;128.0
8.3;241.5;0.2;64.0
8.3;211.2;0.3;64.0
8.3;180.4;0.0;0.0
2.5;0.0;0.0;0.0
