7.5;46.1;20.1;0.0
7.5;59.2;27.0;0.0
8.3;69.0;20.2;0.0
7.5;71.3;22.0;0.0
8.3;80.8;24.6;0.0
6.6;90.2;39.7;0.0
7.5;100.8;45.2;0.0
17.4;121.1;34.6;0.0
92.3;135.0;34.8;0.0
8.3;140.8;9.8;0.0
6.6;154.8;41.1;0.0
0.8;155.1;14.4;0.0
5.8;159.6;18.3;0.0
8.3;160.2;0.4;0.0
8.3;161.0;0.0;0.0
8.3;161.1;0.0;0.0
8.3;161.6;0.0;0.0
9.1;162.1;0.0;0.0
4.2;162.4;2.2;0.0
5.0;162.5;9.4;0.0
8.3;162.5;0.0;0.0
9.1;162.5;0.0;0.0
8.3;162.5;0.0;0.0
71.5;170.8;0.0;0.0
71.5;171.4;1.3;0.0
3.3;172.9;49.1;0.0
64.0;176.6;2.2;0.0
97.5;176.8;0.0;0.0
99.3;176.8;0.0;0.0
97.3;176.8;0.0;0.0
101.0;177.7;0.0;0.0
31.5;178.2;0.0;0.0
8.3;178.7;0.0;0.0
