8.3;54.4;24.6;0.0
7.5;66.6;21.7;0.0
5.8;63.7;25.7;0.0
8.3;76.7;27.6;0.0
8.3;83.0;25.6;0.0
6.6;92.8;37.4;0.0
6.6;101.9;40.5;0.0
51.6;130.3;31.0;0.0
56.5;140.0;24.8;0.0
7.5;145.9;13.0;0.0
6.7;159.2;38.2;0.0
1.7;162.3;32.0;0.0
8.3;164.6;0.4;0.0
8.3;165.4;0.0;0.0
8.3;165.5;0.0;0.0
8.3;165.9;0.0;0.0
8.3;166.7;0.0;0.0
1.7;166.9;11.8;0.0
8.3;166.9;0.0;0.0
9.1;166.9;0.0;0.0
8.3;166.9;0.0;0.0
33.3;195.3;0.1;0.0
86.5;195.9;14.1;0.0
57.4;200.2;11.6;0.0
99.0;200.7;0.0;0.0
99.8;201.0;0.0;0.0
99.8;201.6;0.0;0.0
26.6;202.1;0.0;0.0
8.3;202.6;0.0;0.0
8.3;201.0;0.4;4.0
8.3;232.0;319.1;0.0
8.3;232.2;383.3;0.0
9.1;232.2;310.4;0.0
8.3;232.2;324.7;0.0
7.5;232.2;342.9;0.0
8.3;263.4;42.8;0.0
8.3;263.4;0.4;132.0
8.3;263.4;0.4;128.0
8.3;263.4;0.2;64.0
