6.6;44.7;19.0;0.0
7.5;58.1;24.5;0.0
8.3;69.8;23.0;0.0
6.6;76.6;22.7;0.0
8.3;88.6;23.0;0.0
7.5;94.3;24.2;0.0
6.7;103.9;35.6;0.0
7.5;112.8;39.0;0.0
38.3;135.2;32.1;0.0
71.5;146.0;30.0;0.0
7.5;151.7;9.8;0.0
7.5;165.7;41.4;0.0
0.8;166.0;25.4;0.0
7.5;170.7;6.1;0.0
8.3;171.5;0.0;0.0
8.3;171.6;0.0;0.0
7.5;171.6;0.0;0.0
8.3;171.6;0.0;0.0
8.3;172.1;0.0;0.0
9.1;172.1;0.0;0.0
8.3;172.1;0.0;0.0
8.3;173.0;0.0;0.0
2.5;173.0;10.8;0.0
7.5;173.1;0.0;0.0
8.3;173.1;0.0;0.0
49.1;179.4;0.0;0.0
93.2;179.4;3.1;0.0
25.8;184.0;39.2;0.0
96.6;183.0;0.1;0.0
99.8;183.0;0.0;0.0
99.0;184.9;0.0;0.0
56.5;186.0;0.0;0.0
9.2;186.5;0.0;0.0
8.3;186.5;0.0;0.0
9.1;186.5;0.0;0.0
8.3;184.8;0.3;4.0
8.3;215.7;418.4;0.0
8.3;215.9;369.5;0.0
8.3;215.9;329.3;0.0
