9.1;46.6;27.1;0.0
7.5;60.9;29.4;0.0
7.5;69.3;28.9;0.0
8.3;82.4;27.0;0.0
6.6;91.9;38.6;0.0
7.5;102.6;45.6;0.0
15.0;127.4;32.7;0.0
94.7;141.2;37.0;0.0
8.3;147.2;8.0;0.0
7.5;160.4;39.3;0.0
2.5;163.1;15.7;0.0
5.8;168.1;21.0;0.0
8.3;168.2;0.0;0.0
8.3;169.0;0.0;0.0
8.3;169.1;0.0;0.0
9.2;169.6;0.0;0.0
8.3;169.6;0.0;0.0
8.3;170.4;0.0;0.0
3.3;170.4;4.3;0.0
5.8;170.6;6.6;0.0
8.3;170.6;0.0;0.0
9.1;170.6;0.0;0.0
8.3;170.6;0.0;0.0
69.1;182.9;1.3;0.0
54.0;184.7;30.4;0.0
85.6;187.9;4.1;0.0
99.0;188.4;0.0;0.0
99.8;189.1;0.0;0.0
17.4;189.6;0.0;0.0
8.3;190.2;0.0;0.0
8.3;219.5;38.5;4.0
8.3;219.5;476.1;0.0
8.3;219.7;263.7;0.0
8.3;219.7;297.6;0.0
8.3;219.7;266.2;0.0
8.3;220.1;315.6;0.0
7.5;250.9;72.5;0.0
8.3;250.9;0.2;68.0
8.3;250.9;0.4;128.0
