19.9;44.6;28.0;0.0
7.5;58.3;27.7;0.0
6.6;66.6;29.1;0.0
8.3;79.1;25.2;0.0
8.3;85.7;25.8;0.0
6.6;95.6;38.2;0.0
6.6;107.6;48.6;0.0
64.1;124.0;34.7;0.0
45.7;131.8;12.4;0.0
8.3;142.6;35.3;0.0
2.5;149.5;22.5;0.0
5.0;154.1;22.7;0.0
8.3;154.9;0.4;0.0
8.3;155.6;0.0;0.0
8.3;155.8;0.0;0.0
8.3;156.2;0.0;0.0
7.5;156.2;0.0;0.0
9.1;156.2;0.0;0.0
8.3;156.2;0.0;0.0
8.3;157.1;0.0;0.0
2.5;157.1;4.7;0.0
6.6;157.2;6.3;0.0
8.3;157.2;0.0;0.0
53.3;173.6;1.3;0.0
65.5;176.0;23.7;0.0
96.2;178.9;1.9;0.0
94.0;179.7;0.0;0.0
78.2;180.2;0.0;0.0
9.1;180.2;0.0;0.0
8.3;180.7;0.0;0.0
7.5;179.1;0.4;4.0
8.3;210.0;480.0;0.0
8.3;210.2;329.4;0.0
8.3;210.2;324.1;0.0
8.3;210.2;323.0;0.0
8.3;241.6;272.1;0.0
8.3;241.6;0.2;68.0
8.3;241.6;0.4;128.0
8.3;211.2;0.3;64.0
9.1;211.2;0.0;0.0
4.2;0.0;0.0;0.0
0.0;0.0;0.0;0.0
