6.6;56.2;25.9;0.0
8.3;67.5;20.5;0.0
7.5;65.8;22.3;0.0
7.5;75.4;13.0;0.0
7.5;81.7;20.1;0.0
7.5;88.2;28.5;0.0
7.5;95.6;30.2;0.0
7.5;103.2;33.8;0.0
30.8;121.9;28.6;0.0
79.8;133.5;32.7;0.0
8.3;138.6;6.6;0.0
7.5;150.7;37.9;0.0
2.5;153.8;23.1;0.0
5.8;158.9;17.1;0.0
8.3;158.9;0.0;0.0
9.1;159.7;0.0;0.0
8.3;159.7;0.0;0.0
8.3;159.8;0.0;0.0
8.3;160.3;0.0;0.0
8.3;160.8;0.0;0.0
4.1;161.1;7.7;0.0
5.0;161.1;6.7;0.0
9.1;161.1;0.0;0.0
8.3;161.1;0.0;0.0
74.9;167.4;2.8;0.0
58.1;170.4;29.8;0.0
94.0;171.1;0.1;0.0
99.0;171.1;0.0;0.0
98.1;172.7;0.0;0.0
69.0;172.9;0.0;0.0
9.1;174.5;0.0;0.0
8.3;174.5;0.0;0.0
7.5;172.7;0.3;4.0
7.5;203.0;545.0;0.0
8.3;203.3;241.5;0.0
8.3;203.3;290.0;0.0
8.3;203.3;291.2;0.0
