26.6;48.7;25.3;0.0
6.6;62.1;26.2;0.0
6.7;66.4;31.4;0.0
8.3;79.6;26.8;0.0
6.6;88.1;25.4;0.0
7.5;96.3;40.0;0.0
7.5;107.1;44.6;0.0
56.6;128.3;30.4;0.0
52.3;136.9;16.7;0.0
7.5;144.0;22.8;0.0
5.0;155.5;30.2;0.0
2.5;158.5;26.9;0.0
8.3;160.6;0.4;0.0
8.3;161.3;0.0;0.0
7.5;161.3;0.0;0.0
8.3;161.3;0.0;0.0
9.2;161.5;0.0;0.0
8.3;161.5;0.0;0.0
9.1;162.0;0.0;0.0
8.3;162.0;0.0;0.0
8.3;162.9;0.0;0.0
2.5;162.9;13.5;0.0
8.3;163.0;0.0;0.0
17.5;195.3;0.0;0.0
93.2;197.3;9.2;0.0
57.2;200.5;25.9;0.0
99.8;201.0;0.0;0.0
99.8;202.8;0.0;0.0
79.0;200.9;0.0;0.0
8.3;202.4;0.0;0.0
9.1;202.4;0.0;0.0
8.3;200.7;0.3;4.0
8.3;231.6;266.6;0.0
8.3;231.8;460.7;0.0
8.3;231.8;349.4;0.0
8.3;231.8;345.0;0.0
8.3;263.0;306.9;0.0
8.3;263.0;0.2;68.0
8.3;263.0;0.4;128.0
7.5;263.0;0.4;128.0
8.3;232.7;0.3;64.0
