7.5;59.3;24.7;0.0
8.3;68.7;17.0;0.0
7.5;66.4;22.2;0.0
8.3;77.3;16.4;0.0
7.5;84.1;23.7;0.0
6.7;93.7;38.9;0.0
7.5;100.8;33.2;0.0
7.5;110.6;36.0;0.0
54.1;131.9;14.7;0.0
54.0;141.3;27.4;0.0
8.3;144.1;1.0;0.0
7.5;149.8;21.2;0.0
6.6;161.5;29.0;0.0
1.7;164.7;32.5;0.0
8.3;166.9;0.4;0.0
8.3;166.9;0.0;0.0
8.3;167.6;0.0;0.0
8.3;167.7;0.0;0.0
8.3;168.2;0.0;0.0
7.5;169.0;0.4;0.0
2.5;169.1;13.1;0.0
8.3;169.1;0.0;0.0
24.1;175.5;0.0;0.0
93.2;175.5;9.4;0.0
59.9;180.0;24.4;0.0
97.7;180.8;0.0;0.0
101.4;180.8;0.0;0.0
99.0;180.8;0.0;0.0
99.8;181.5;0.0;0.0
