5.8;44.2;19.3;0.0
8.3;57.7;24.1;0.0
7.5;67.2;20.5;0.0
6.6;65.9;20.3;0.0
8.3;78.8;26.2;0.0
7.5;86.1;26.0;0.0
8.3;94.3;36.4;0.0
5.8;103.1;38.9;0.0
30.8;127.3;25.8;0.0
72.3;138.4;30.4;0.0
9.1;143.0;6.2;0.0
7.5;154.5;36.1;0.0
2.5;158.8;17.3;0.0
5.8;163.8;20.2;0.0
8.3;163.9;0.0;0.0
8.3;164.6;0.0;0.0
8.3;164.7;0.0;0.0
8.3;164.8;0.0;0.0
8.3;165.2;0.0;0.0
8.3;166.0;0.0;0.0
2.5;166.0;3.7;0.0
5.8;166.1;6.0;0.0
8.3;166.1;0.0;0.0
55.5;174.6;0.7;0.0
73.2;174.8;13.9;0.0
49.9;184.6;21.5;0.0
96.5;178.5;0.1;0.0
100.6;178.5;0.0;0.0
98.9;178.5;0.0;0.0
97.3;178.7;0.0;0.0
100.0;180.4;0.0;0.0
9.9;181.4;0.0;0.0
8.3;182.0;0.0;0.0
