6.6;47.8;31.9;0.0
7.5;62.0;28.8;0.0
7.5;67.2;24.3;0.0
8.3;79.8;26.4;0.0
6.7;87.6;32.2;0.0
6.6;96.5;37.6;0.0
6.6;108.4;44.9;0.0
82.0;125.1;30.2;0.0
26.6;133.0;12.4;0.0
8.3;142.4;32.5;0.0
3.3;151.2;23.2;0.0
3.3;155.7;23.7;0.0
9.1;156.5;0.4;0.0
8.3;157.2;0.0;0.0
7.5;157.2;0.0;0.0
8.3;157.2;0.0;0.0
8.3;157.3;0.0;0.0
8.3;157.8;0.0;0.0
9.2;158.4;0.0;0.0
3.3;158.6;8.7;0.0
7.5;158.8;4.5;0.0
8.3;158.8;0.0;0.0
39.9;171.6;0.7;0.0
83.1;172.1;13.9;0.0
73.2;176.9;15.4;0.0
99.0;176.9;0.0;0.0
99.8;177.8;0.0;0.0
32.4;178.3;0.0;0.0
8.3;178.8;0.0;0.0
8.3;176.6;0.4;4.0
8.3;207.6;488.3;0.0
8.3;207.8;355.6;0.0
8.3;207.8;352.8;0.0
8.3;207.8;361.0;0.0
8.3;239.0;165.5;0.0
8.3;239.0;0.4;132.0
8.3;239.0;0.2;64.0
8.3;239.0;0.4;128.0
8.3;208.6;0.3;64.0
9.1;0.0;0.0;0.0
0.8;0.0;0.0;0.0
