5.8;53.3;34.8;0.0
8.3;66.7;27.7;0.0
6.6;69.8;22.8;0.0
8.3;79.3;24.6;0.0
5.8;88.9;41.7;0.0
7.5;99.3;43.2;0.0
20.0;124.9;35.7;0.0
88.0;137.8;33.2;0.0
7.5;143.8;15.8;0.0
8.3;158.3;34.0;0.0
4.1;159.6;2.3;0.0
0.0;159.6;0.0;0.0
0.0;159.6;0.0;0.0
0.0;159.6;0.0;0.0
0.0;159.6;0.0;0.0
0.0;159.6;0.0;0.0
0.0;159.6;0.0;0.0
0.0;159.6;0.8;0.0
0.0;159.6;0.0;0.0
0.0;159.6;0.0;0.0
0.0;159.6;0.0;0.0
0.0;159.6;0.0;0.0
0.0;159.6;0.0;0.0
0.0;159.6;0.0;0.0
0.0;159.6;0.0;0.0
0.0;159.6;0.0;0.0
0.0;159.6;0.0;0.0
0.0;159.6;0.0;0.0
0.0;159.8;0.9;0.0
0.0;159.8;0.0;0.0
0.0;159.8;0.0;0.0
0.0;159.8;0.0;0.0
0.0;159.8;0.4;0.0
0.0;159.8;0.0;0.0
0.0;159.8;0.0;0.0
0.0;159.8;0.0;0.0
8.3;160.0;0.4;0.0
8.3;160.2;0.0;0.0
8.3;160.2;0.0;0.0
8.3;160.2;0.0;0.0
7.5;160.2;0.0;0.0
8.3;160.2;0.0;0.0
10.0;162.3;1.3;0.0
3.3;162.8;0.1;0.0
0.0;162.8;0.0;0.0
0.0;162.8;0.0;0.0
0.0;162.8;0.0;0.0
0.0;162.8;0.0;0.0
0.0;162.8;0.0;0.0
0.0;162.8;0.0;0.0
0.0;162.8;1.8;0.0
0.0;162.8;0.0;0.0
0.0;162.8;0.0;0.0
0.0;162.8;0.0;0.0
6.6;161.7;1.2;4.0
7.5;193.8;283.4;0.0
8.3;194.1;778.5;0.0
8.3;194.4;620.0;0.0
9.1;194.4;355.9;0.0
9.2;194.4;358.1;0.0
