6.6;55.2;33.9;0.0
8.3;67.5;25.6;0.0
7.5;74.5;22.4;0.0
7.5;83.5;27.4;0.0
5.8;93.4;41.7;0.0
7.5;103.3;42.7;0.0
36.6;123.7;41.8;0.0
72.3;133.6;23.2;0.0
8.3;142.1;27.5;0.0
8.3;153.4;22.4;0.0
0.8;154.6;2.3;0.0
0.0;154.6;0.0;0.0
0.0;154.6;0.0;0.0
0.0;154.6;0.0;0.0
0.0;154.6;0.0;0.0
0.0;154.6;0.0;0.0
0.0;154.6;0.0;0.0
0.0;155.0;1.8;0.0
0.0;155.0;0.0;0.0
0.0;155.0;0.0;0.0
0.0;155.0;0.0;0.0
5.8;155.2;0.8;0.0
8.3;155.3;0.0;0.0
8.3;155.3;0.0;0.0
8.3;155.3;0.0;0.0
8.3;155.3;0.0;0.0
8.3;155.3;0.0;0.0
8.3;155.3;0.0;0.0
8.3;156.0;1.4;0.0
0.0;156.0;0.0;0.0
0.0;156.0;0.0;0.0
0.0;156.0;0.0;0.0
0.0;156.0;0.0;0.0
0.0;156.0;0.0;0.0
0.0;156.0;0.0;0.0
0.0;156.0;1.8;0.0
0.0;156.0;0.0;0.0
0.0;156.0;0.0;0.0
0.0;156.0;0.0;0.0
3.3;156.2;0.8;0.0
7.5;160.0;0.3;4.0
8.3;191.2;742.2;0.0
8.3;191.2;866.5;0.0
8.3;191.7;293.2;0.0
8.3;191.7;325.2;0.0
8.3;191.7;342.0;0.0
8.3;191.7;307.4;0.0
8.3;191.7;290.7;0.0
8.3;191.7;374.9;0.0
8.3;191.7;347.8;0.0
8.3;191.7;389.7;0.0
8.3;192.1;378.1;0.0
8.3;223.3;167.9;0.0
8.3;223.3;0.4;132.0
9.1;223.3;0.8;256.0
8.3;223.3;0.2;64.0
8.3;193.0;0.3;64.0
8.3;0.0;0.0;0.0
0.0;0.0;0.0;0.0
0.0;0.0;0.0;0.0
