6.6;59.6;35.4;0.0
7.5;72.4;27.7;0.0
8.3;82.1;22.3;0.0
7.5;90.7;35.4;0.0
7.5;101.8;41.0;0.0
6.6;111.0;41.5;0.0
46.6;134.0;34.2;0.0
63.1;143.8;22.0;0.0
6.6;153.1;30.1;0.0
8.3;163.8;19.6;0.0
1.7;164.7;2.3;0.0
0.0;164.7;0.0;0.0
0.0;164.7;0.0;0.0
0.0;164.7;0.0;0.0
0.0;164.7;0.0;0.0
0.0;164.7;0.0;0.0
0.0;164.7;0.0;0.0
0.0;164.9;1.7;0.0
0.0;164.9;0.0;0.0
0.0;164.9;0.0;0.0
0.0;164.9;0.0;0.0
5.8;165.1;0.9;0.0
8.3;165.3;0.0;0.0
8.3;165.3;0.0;0.0
9.1;165.3;0.0;0.0
8.3;165.3;0.0;0.0
8.3;165.3;0.0;0.0
8.3;165.3;0.0;0.0
8.3;165.4;1.4;0.0
3.3;165.9;0.0;0.0
0.0;165.9;0.0;0.0
0.0;165.9;0.0;0.0
0.0;165.9;0.0;0.0
0.0;165.9;0.0;0.0
0.0;165.9;0.0;0.0
0.0;165.9;0.0;0.0
0.0;165.9;1.8;0.0
0.0;165.9;0.0;0.0
0.0;165.9;0.0;0.0
0.0;165.9;0.6;0.0
8.3;169.2;0.5;4.0
8.3;201.2;442.3;0.0
8.3;201.2;844.1;0.0
8.3;201.5;497.9;0.0
8.3;201.5;350.7;0.0
8.3;202.0;330.2;0.0
8.3;202.0;357.4;0.0
8.3;202.0;243.6;0.0
8.3;202.0;336.5;0.0
8.3;202.0;324.6;0.0
8.3;202.0;378.4;0.0
8.3;202.0;371.0;0.0
9.1;202.0;389.2;0.0
8.3;233.3;7.5;0.0
8.3;233.3;0.6;196.0
7.5;233.3;0.6;192.0
8.3;203.0;0.5;132.0
8.3;203.0;0.0;0.0
6.6;0.0;0.0;0.0
0.0;0.0;0.0;0.0
