6.6;50.1;34.9;0.0
7.5;63.4;26.2;0.0
6.6;70.7;23.4;0.0
8.3;79.6;30.0;0.0
5.8;91.2;47.1;0.0
7.5;101.3;44.0;0.0
54.9;122.4;34.2;0.0
55.7;132.1;21.1;0.0
6.6;143.4;35.3;0.0
8.3;153.0;16.3;0.0
0.0;153.0;0.3;0.0
0.0;153.0;0.0;0.0
0.0;153.0;0.0;0.0
0.0;153.0;0.0;0.0
0.0;153.0;0.0;0.0
0.0;153.0;0.0;0.0
0.0;153.0;0.0;0.0
0.0;153.3;1.7;0.0
0.0;153.3;0.0;0.0
0.0;153.3;0.0;0.0
0.0;153.3;0.0;0.0
0.0;153.3;0.4;0.0
0.0;153.3;0.0;0.0
5.8;153.4;0.5;0.0
8.3;153.6;0.0;0.0
8.3;153.6;0.0;0.0
8.3;153.6;0.0;0.0
8.3;153.6;0.0;0.0
8.3;153.6;0.0;0.0
8.3;153.6;0.0;0.0
8.3;154.0;1.4;0.0
0.8;154.3;0.0;0.0
0.0;154.3;0.0;0.0
0.0;154.3;0.0;0.0
0.0;154.3;0.0;0.0
0.0;154.3;0.0;0.0
0.0;154.3;0.0;0.0
0.0;154.3;0.0;0.0
0.8;154.3;1.8;0.0
0.0;154.3;0.0;0.0
0.0;154.3;0.0;0.0
1.7;154.5;0.8;0.0
8.3;156.1;0.3;4.0
8.3;187.4;659.4;0.0
8.3;187.5;861.7;0.0
8.3;187.8;368.6;0.0
8.3;187.8;348.6;0.0
8.3;188.2;367.3;0.0
8.3;188.2;266.3;0.0
8.3;188.2;293.6;0.0
9.1;188.2;376.6;0.0
8.3;188.2;374.0;0.0
8.3;188.2;367.7;0.0
8.3;188.2;354.6;0.0
8.3;219.6;235.0;0.0
8.3;219.6;0.2;68.0
8.3;219.6;0.8;256.0
8.3;219.6;0.4;128.0
8.3;189.3;0.5;68.0
8.3;158.8;0.0;0.0
