11.6;51.7;32.5;0.0
8.3;66.3;29.1;0.0
5.8;72.3;23.4;0.0
8.3;82.3;25.0;0.0
6.6;91.7;39.7;0.0
6.6;102.3;45.2;0.0
20.0;118.9;34.5;0.0
89.0;132.4;34.4;0.0
8.3;138.7;13.0;0.0
8.3;153.2;36.8;0.0
3.3;154.4;2.3;0.0
0.0;154.4;0.0;0.0
0.0;154.4;0.0;0.0
0.0;154.4;0.0;0.0
0.0;154.4;0.0;0.0
0.0;154.4;0.0;0.0
0.0;154.4;0.0;0.0
0.0;154.7;1.7;0.0
0.0;154.7;0.0;0.0
0.0;154.7;0.0;0.0
0.0;154.7;0.0;0.0
5.0;154.9;0.9;0.0
8.3;155.1;0.0;0.0
8.3;155.1;0.0;0.0
8.3;155.1;0.0;0.0
8.3;155.1;0.0;0.0
8.3;155.1;0.0;0.0
8.3;155.1;0.0;0.0
8.3;155.2;1.4;0.0
0.8;155.7;0.0;0.0
0.0;155.7;0.0;0.0
0.0;155.7;0.0;0.0
0.0;155.7;0.0;0.0
0.0;155.7;0.0;0.0
0.0;155.7;0.0;0.0
0.0;155.7;0.0;0.0
0.8;155.7;1.7;0.0
0.0;155.7;0.0;0.0
0.0;155.7;0.0;0.0
1.7;156.0;0.9;0.0
8.3;159.9;0.3;4.0
8.3;191.0;618.9;0.0
8.3;191.0;752.2;0.0
8.3;191.3;414.0;0.0
8.3;191.3;340.8;0.0
8.3;191.8;357.6;0.0
8.3;191.8;361.2;0.0
8.3;191.8;229.6;0.0
8.3;191.8;370.6;0.0
7.5;191.8;379.2;0.0
8.3;191.8;381.2;0.0
8.3;191.8;382.2;0.0
8.3;223.0;190.9;0.0
8.3;223.0;0.2;68.0
8.3;223.0;0.8;256.0
8.3;223.0;0.2;64.0
8.3;192.8;0.5;72.0
8.3;0.0;0.0;0.0
0.8;0.0;0.0;0.0
0.0;0.0;0.0;0.0
