6.6;60.9;34.1;0.0
7.5;73.5;25.6;0.0
6.6;83.2;22.4;0.0
8.3;91.8;27.2;0.0
6.6;101.5;40.1;0.0
5.8;111.6;42.7;0.0
27.5;133.4;34.1;0.0
83.0;145.4;32.7;0.0
7.5;151.4;13.0;0.0
8.3;165.9;36.8;0.0
3.3;167.1;2.3;0.0
0.0;167.1;0.0;0.0
0.0;167.1;0.0;0.0
0.0;167.1;0.0;0.0
0.0;167.1;0.0;0.0
0.0;167.1;0.0;0.0
0.0;167.1;0.0;0.0
0.8;167.2;1.8;0.0
0.0;167.2;0.0;0.0
0.0;167.2;0.0;0.0
0.0;167.2;0.0;0.0
0.0;167.2;0.4;0.0
3.3;167.5;0.5;0.0
8.3;167.6;0.0;0.0
8.3;167.6;0.0;0.0
8.3;167.6;0.0;0.0
8.3;167.6;0.0;0.0
8.3;167.6;0.0;0.0
8.3;167.6;0.0;0.0
8.3;167.8;1.4;0.0
1.7;168.3;0.0;0.0
0.0;168.3;0.0;0.0
0.0;168.3;0.0;0.0
0.0;168.3;0.0;0.0
0.0;168.3;0.0;0.0
0.0;168.3;0.0;0.0
0.0;168.3;0.0;0.0
0.0;168.3;1.8;0.0
0.0;168.3;0.0;0.0
0.0;168.3;0.0;0.0
0.8;168.5;0.8;0.0
7.5;169.9;0.3;4.0
8.3;201.3;568.3;0.0
7.5;201.5;844.8;0.0
8.3;201.8;411.0;0.0
8.3;201.8;344.8;0.0
8.3;202.3;358.0;0.0
8.3;202.3;332.6;0.0
9.1;202.3;252.8;0.0
8.3;202.3;365.6;0.0
8.3;202.3;382.6;0.0
8.3;202.3;392.4;0.0
8.3;202.3;372.0;0.0
8.3;233.5;153.5;0.0
8.3;233.5;0.4;132.0
8.3;233.5;0.6;192.0
8.3;233.5;0.4;128.0
8.3;203.3;0.5;68.0
8.3;203.3;0.0;0.0
1.7;0.0;0.0;0.0
