12.5;59.8;33.5;0.0
6.7;72.9;26.8;0.0
7.5;69.9;23.3;0.0
7.5;79.0;27.6;0.0
6.6;89.2;41.5;0.0
6.6;99.3;43.1;0.0
30.8;124.3;36.5;0.0
76.4;135.2;28.7;0.0
7.5;142.2;20.6;0.0
7.5;155.6;29.2;0.0
2.5;156.8;2.3;0.0
0.0;156.8;0.0;0.0
0.0;156.8;0.0;0.0
0.0;156.8;0.0;0.0
0.0;156.8;0.0;0.0
0.0;156.8;0.0;0.0
0.0;156.8;0.0;0.0
0.0;157.0;1.7;0.0
0.0;157.0;0.0;0.0
0.0;157.0;0.0;0.0
0.0;157.0;0.0;0.0
4.1;157.3;0.8;0.0
8.3;157.4;0.0;0.0
8.3;157.4;0.0;0.0
9.1;157.4;0.0;0.0
8.3;157.4;0.0;0.0
8.3;157.4;0.0;0.0
8.3;157.4;0.0;0.0
9.2;159.6;1.4;0.0
0.0;160.1;0.0;0.0
0.0;160.1;0.0;0.0
0.0;160.1;0.0;0.0
0.0;160.1;0.0;0.0
0.0;160.1;0.0;0.0
0.0;160.1;0.0;0.0
0.0;160.1;0.0;0.0
0.0;160.1;1.7;0.0
0.0;160.1;0.0;0.0
0.0;160.1;0.0;0.0
0.8;160.1;0.8;0.0
7.5;163.3;0.3;4.0
8.3;195.2;419.0;0.0
8.3;195.3;857.7;0.0
8.3;195.8;494.8;0.0
8.3;195.8;346.7;0.0
8.3;195.8;348.7;0.0
8.3;195.8;360.8;0.0
8.3;195.8;214.6;0.0
8.3;195.8;364.1;0.0
8.3;195.8;377.7;0.0
8.3;195.8;374.2;0.0
7.5;195.8;372.2;0.0
8.3;227.4;246.1;0.0
8.3;227.4;0.2;68.0
8.3;227.4;0.8;256.0
8.3;227.4;0.2;64.0
8.3;197.1;0.5;72.0
8.3;166.6;0.0;0.0
1.7;0.0;0.0;0.0
0.0;0.0;0.0;0.0
