6.6;50.8;34.8;0.0
6.6;62.4;26.5;0.0
7.5;72.8;21.4;0.0
7.5;81.8;37.2;0.0
7.5;92.9;41.0;0.0
6.7;105.6;52.6;0.0
69.1;128.8;35.7;0.0
39.8;137.4;13.6;0.0
8.3;152.4;43.2;0.0
5.8;155.4;2.7;0.0
0.0;155.4;0.0;0.0
0.0;155.4;0.0;0.0
0.0;155.4;0.0;0.0
0.0;155.4;0.0;0.0
0.0;155.4;0.0;0.0
0.0;155.4;0.0;0.0
0.0;155.4;0.0;0.0
0.0;155.5;1.8;0.0
0.0;155.5;0.0;0.0
0.0;155.5;0.0;0.0
0.0;155.5;0.4;0.0
7.5;155.7;0.4;0.0
8.3;155.9;0.0;0.0
8.3;155.9;0.0;0.0
8.3;155.9;0.0;0.0
9.1;155.9;0.0;0.0
8.3;155.9;0.0;0.0
7.5;155.9;0.0;0.0
8.3;156.1;1.4;0.0
0.8;156.6;0.0;0.0
0.0;156.6;0.0;0.0
0.0;156.6;0.0;0.0
0.0;156.6;0.0;0.0
0.0;156.6;0.0;0.0
0.0;156.6;0.0;0.0
0.0;156.6;0.0;0.0
0.8;156.6;1.7;0.0
0.0;156.6;0.0;0.0
0.0;156.6;0.0;0.0
1.7;156.8;0.9;0.0
7.5;158.2;0.3;4.0
8.3;189.7;609.6;0.0
9.1;189.8;839.8;0.0
8.3;190.3;396.5;0.0
7.5;190.3;322.6;0.0
8.3;190.3;303.6;0.0
8.3;190.3;333.2;0.0
8.3;190.3;251.0;0.0
9.2;190.3;358.6;0.0
8.3;190.3;358.8;0.0
8.3;190.3;372.0;0.0
8.3;190.3;374.9;0.0
8.3;190.3;384.0;0.0
8.3;222.0;16.0;0.0
8.3;222.0;0.6;196.0
8.3;222.0;0.8;256.0
8.3;191.6;0.5;72.0
8.3;191.6;0.0;0.0
5.0;0.0;0.0;0.0
0.0;0.0;0.0;0.0
