32.4;43.7;27.4;0.0
7.5;59.6;29.4;0.0
6.6;69.8;31.8;0.0
7.5;83.5;26.8;0.0
6.6;90.3;26.8;0.0
6.6;99.3;37.6;0.0
6.6;112.3;51.1;0.0
70.7;134.7;36.4;0.0
37.4;142.9;11.4;0.0
7.5;157.9;43.2;0.0
7.5;160.8;2.7;0.0
0.0;160.8;0.0;0.0
0.0;160.8;0.0;0.0
0.0;160.8;0.0;0.0
0.0;160.8;0.0;0.0
0.0;160.8;0.0;0.0
0.0;160.8;0.0;0.0
0.0;160.8;0.0;0.0
0.0;160.9;1.7;0.0
0.0;160.9;0.0;0.0
0.0;160.9;0.0;0.0
0.0;160.9;0.4;0.0
7.5;161.1;0.4;0.0
8.3;161.3;0.0;0.0
8.3;161.3;0.0;0.0
9.1;161.3;0.0;0.0
8.3;161.3;0.0;0.0
8.3;161.3;0.0;0.0
8.3;161.3;0.0;0.0
7.5;162.0;1.4;0.0
0.0;162.0;0.0;0.0
0.0;162.0;0.0;0.0
0.0;162.0;0.0;0.0
0.0;162.0;0.0;0.0
0.0;162.0;0.0;0.0
0.0;162.0;0.0;0.0
0.0;162.0;1.7;0.0
0.0;162.0;0.0;0.0
0.0;162.0;0.0;0.0
0.0;162.0;0.0;0.0
4.2;162.3;0.9;0.0
7.5;197.0;24.6;4.0
8.3;197.2;832.0;0.0
8.3;197.2;801.1;0.0
8.3;197.7;281.1;0.0
8.3;197.7;348.4;0.0
8.3;197.7;348.4;0.0
8.3;197.7;253.2;0.0
8.3;197.7;332.0;0.0
8.3;197.7;366.4;0.0
7.5;197.7;370.0;0.0
8.3;197.7;380.9;0.0
8.3;197.7;351.0;0.0
9.1;229.3;181.6;0.0
8.3;229.3;0.2;68.0
8.3;229.3;0.8;256.0
8.3;229.3;0.2;64.0
8.3;199.0;0.5;68.0
8.3;199.1;0.0;0.0
2.5;0.0;0.0;0.0
