5.0;49.0;35.3;0.0
9.1;62.6;28.3;0.0
6.6;71.4;22.5;0.0
7.5;80.8;24.6;0.0
5.8;90.8;42.3;0.0
8.3;101.1;43.6;0.0
21.6;120.3;34.1;0.0
86.4;133.1;33.8;0.0
8.3;139.5;13.0;0.0
7.5;154.1;36.9;0.0
3.3;155.3;2.3;0.0
0.0;155.3;0.0;0.0
0.0;155.3;0.0;0.0
0.0;155.3;0.0;0.0
0.0;155.3;0.0;0.0
0.0;155.3;0.0;0.0
0.0;155.3;0.0;0.0
0.0;155.5;1.7;0.0
0.0;155.5;0.0;0.0
0.0;155.5;0.0;0.0
0.0;155.5;0.0;0.0
0.0;155.5;0.4;0.0
0.0;155.5;0.0;0.0
0.0;155.5;0.0;0.0
0.0;155.5;0.0;0.0
0.0;155.5;0.0;0.0
2.5;155.7;0.4;0.0
8.3;155.9;0.0;0.0
8.3;155.9;0.0;0.0
8.3;155.9;0.0;0.0
8.3;155.9;0.0;0.0
8.3;155.9;0.0;0.0
8.3;155.9;0.0;0.0
7.5;156.6;1.4;0.0
0.0;156.6;0.0;0.0
0.0;156.6;0.0;0.0
0.0;156.6;0.0;0.0
0.0;156.6;0.0;0.0
0.0;156.6;0.0;0.0
0.0;156.6;0.0;0.0
0.0;156.6;1.8;0.0
0.0;156.6;0.0;0.0
0.0;156.6;0.0;0.0
0.0;156.6;0.0;0.0
2.5;156.9;1.0;0.0
8.3;160.5;0.3;4.0
8.3;191.8;644.4;0.0
8.3;191.8;845.8;0.0
8.3;192.6;362.3;0.0
8.3;192.6;347.4;0.0
8.3;192.6;352.8;0.0
8.3;192.6;306.2;0.0
8.3;192.6;277.7;0.0
8.3;192.6;373.3;0.0
9.1;192.6;368.0;0.0
9.2;192.6;345.4;0.0
8.3;192.6;324.8;0.0
8.3;223.8;229.7;0.0
8.3;224.1;0.2;68.0
8.3;224.1;0.8;256.0
