6.6;63.3;33.1;0.0
7.5;75.1;28.0;0.0
6.6;83.1;19.6;0.0
7.5;91.0;30.0;0.0
5.8;101.4;42.4;0.0
7.5;111.0;40.8;0.0
42.4;132.0;33.7;0.0
65.5;142.8;27.0;0.0
7.5;152.2;31.1;0.0
9.1;162.5;18.5;0.0
0.8;163.4;2.3;0.0
0.0;163.4;0.0;0.0
0.0;163.4;0.0;0.0
0.0;163.4;0.0;0.0
0.0;163.4;0.0;0.0
0.0;163.4;0.0;0.0
0.0;163.4;0.0;0.0
0.0;163.6;1.7;0.0
0.0;163.6;0.0;0.0
0.0;163.6;0.0;0.0
0.0;163.6;0.0;0.0
5.0;163.8;1.0;0.0
8.3;164.0;0.0;0.0
8.3;164.0;0.0;0.0
8.3;164.0;0.0;0.0
8.3;164.0;0.0;0.0
8.3;164.0;0.0;0.0
8.3;164.0;0.0;0.0
9.2;164.3;1.4;0.0
0.0;164.6;0.0;0.0
0.0;164.6;0.0;0.0
0.0;164.6;0.0;0.0
0.0;164.6;0.0;0.0
0.0;164.6;0.0;0.0
0.0;164.6;0.0;0.0
0.0;164.6;0.0;0.0
0.0;164.6;1.7;0.0
0.0;164.6;0.0;0.0
0.0;164.6;0.0;0.0
1.7;164.9;0.8;0.0
8.3;168.5;0.3;4.0
8.3;199.8;568.7;0.0
8.3;199.8;771.8;0.0
8.3;200.6;476.2;0.0
8.3;200.6;347.1;0.0
8.3;200.6;363.5;0.0
8.3;200.6;359.5;0.0
8.3;200.6;234.3;0.0
8.3;200.6;370.8;0.0
8.3;200.6;389.3;0.0
9.1;200.6;372.1;0.0
8.3;200.6;360.4;0.0
8.3;231.8;257.9;0.0
8.3;231.8;0.2;68.0
8.3;232.1;0.6;192.0
8.3;232.1;0.6;192.0
8.3;201.6;0.3;44.0
8.3;201.6;0.0;0.0
2.5;0.0;0.0;0.0
0.0;0.0;0.0;0.0
