19.1;49.2;33.6;0.0
7.5;62.9;29.0;0.0
7.5;70.8;24.3;0.0
7.5;79.6;31.4;0.0
5.0;90.4;43.5;0.0
7.5;100.3;43.0;0.0
52.4;121.0;41.3;0.0
56.5;131.2;18.5;0.0
7.5;143.6;39.7;0.0
8.3;150.8;10.7;0.0
0.0;150.8;0.1;0.0
0.0;150.8;0.0;0.0
0.0;150.8;0.0;0.0
0.0;150.8;0.0;0.0
0.0;150.8;0.0;0.0
0.0;150.8;0.0;0.0
0.0;150.8;0.0;0.0
0.0;151.1;1.9;0.0
0.0;151.1;0.0;0.0
0.0;151.1;0.0;0.0
0.0;151.1;0.0;0.0
7.5;151.3;0.8;0.0
8.3;151.4;0.0;0.0
8.3;151.4;0.0;0.0
8.3;151.4;0.0;0.0
8.3;151.4;0.0;0.0
8.3;151.4;0.0;0.0
8.3;151.4;0.0;0.0
8.3;152.1;1.4;0.0
0.0;152.1;0.0;0.0
0.0;152.1;0.0;0.0
0.0;152.1;0.0;0.0
0.0;152.1;0.0;0.0
0.0;152.1;0.0;0.0
0.0;152.1;0.0;0.0
0.0;152.1;1.8;0.0
0.0;152.1;0.0;0.0
0.0;152.1;0.0;0.0
0.0;152.1;0.0;0.0
2.5;152.4;0.8;0.0
8.3;161.1;0.3;4.0
8.3;187.4;798.6;0.0
8.3;187.4;852.3;0.0
8.3;187.8;287.8;0.0
8.3;187.8;351.8;0.0
8.3;187.8;358.0;0.0
8.3;187.8;240.6;0.0
8.3;187.8;356.9;0.0
8.3;187.8;370.4;0.0
9.2;187.8;337.1;0.0
8.3;187.8;392.0;0.0
8.3;187.8;372.0;0.0
8.3;219.4;153.5;0.0
8.3;219.4;0.4;132.0
8.3;219.4;0.6;192.0
8.3;219.4;0.4;128.0
8.3;189.1;0.3;32.0
8.3;0.0;0.0;0.0
0.0;0.0;0.0;0.0
0.0;0.0;0.0;0.0
