18.3;44.3;32.2;0.0
7.5;60.1;30.8;0.0
7.5;69.6;23.4;0.0
7.5;79.4;23.6;0.0
5.8;88.3;36.1;0.0
7.5;98.8;44.8;0.0
10.8;121.2;34.7;0.0
97.2;137.5;39.6;0.0
8.3;144.2;9.8;0.0
6.6;158.9;40.1;0.0
5.8;160.1;2.3;0.0
0.0;160.1;0.0;0.0
0.0;160.1;0.0;0.0
0.0;160.1;0.0;0.0
0.0;160.1;0.0;0.0
0.0;160.1;0.0;0.0
0.0;160.1;0.0;0.0
0.8;160.3;1.8;0.0
0.0;160.3;0.0;0.0
0.0;160.3;0.0;0.0
0.0;160.3;0.0;0.0
0.0;160.3;0.4;0.0
0.0;160.3;0.3;0.0
8.3;160.5;0.2;0.0
8.3;160.6;0.0;0.0
8.3;160.6;0.0;0.0
8.3;160.6;0.0;0.0
8.3;160.6;0.0;0.0
8.3;160.6;0.0;0.0
8.3;160.6;0.0;0.0
8.3;160.8;1.4;0.0
0.8;161.4;0.0;0.0
0.0;161.4;0.0;0.0
0.0;161.4;0.0;0.0
0.0;161.4;0.0;0.0
0.0;161.4;0.0;0.0
0.0;161.4;0.0;0.0
0.0;161.4;0.0;0.0
0.0;161.4;1.7;0.0
0.0;161.4;0.0;0.0
0.0;161.4;0.0;0.0
0.0;161.4;0.4;0.0
0.0;161.4;0.0;0.0
0.0;161.4;0.0;0.0
0.0;161.4;0.0;0.0
3.3;161.7;0.4;0.0
8.3;165.4;0.3;4.0
8.3;196.7;594.2;0.0
7.5;196.7;832.5;0.0
8.3;197.4;423.4;0.0
8.3;197.4;345.1;0.0
8.3;197.4;342.4;0.0
8.3;197.4;350.5;0.0
8.3;197.4;246.4;0.0
8.3;197.4;366.5;0.0
8.3;197.4;354.1;0.0
8.3;197.4;367.5;0.0
8.3;197.4;384.4;0.0
8.3;228.6;270.0;0.0
8.3;228.6;0.2;68.0
