7.5;58.7;33.8;0.0
6.6;70.5;26.9;0.0
7.5;82.6;21.6;0.0
7.5;90.4;32.8;0.0
5.8;101.6;41.6;0.0
8.3;110.9;40.4;0.0
47.4;135.1;41.2;0.0
62.3;144.3;18.1;0.0
7.5;155.8;35.9;0.0
8.3;165.0;15.7;0.0
0.0;165.0;0.3;0.0
0.0;165.0;0.0;0.0
0.0;165.0;0.0;0.0
0.0;165.0;0.0;0.0
0.0;165.0;0.0;0.0
0.0;165.0;0.0;0.0
0.0;165.0;0.0;0.0
0.0;165.1;1.7;0.0
0.0;165.1;0.0;0.0
0.0;165.1;0.0;0.0
0.0;165.1;0.0;0.0
0.0;165.1;0.4;0.0
7.5;165.3;0.5;0.0
8.3;165.4;0.0;0.0
8.3;165.4;0.0;0.0
8.3;165.4;0.0;0.0
8.3;165.4;0.0;0.0
8.3;165.4;0.0;0.0
8.3;165.4;0.0;0.0
9.1;166.2;1.4;0.0
0.0;166.2;0.0;0.0
0.0;166.2;0.0;0.0
0.0;166.2;0.0;0.0
0.0;166.2;0.0;0.0
0.0;166.2;0.0;0.0
0.0;166.2;0.0;0.0
0.0;166.2;1.5;0.0
0.0;166.2;0.2;0.0
0.0;166.2;0.0;0.0
0.0;166.2;0.0;0.0
1.7;166.4;0.9;0.0
8.3;170.2;0.3;4.0
7.5;201.4;643.9;0.0
9.2;201.4;835.5;0.0
8.3;201.7;377.7;0.0
8.3;201.7;365.1;0.0
8.3;201.7;363.9;0.0
8.3;202.2;286.6;0.0
8.3;202.2;308.8;0.0
8.3;202.2;370.6;0.0
8.3;202.2;374.5;0.0
8.3;202.2;378.2;0.0
8.3;202.2;380.1;0.0
7.5;233.4;190.9;0.0
8.3;233.4;0.4;132.0
8.3;233.4;0.6;192.0
8.3;233.4;0.4;128.0
8.3;203.1;0.5;68.0
8.3;172.6;0.0;0.0
1.7;0.0;0.0;0.0
