7.5;53.7;32.5;0.0
6.6;65.0;26.8;0.0
7.5;75.3;20.3;0.0
7.5;82.7;32.8;0.0
6.6;93.0;38.8;0.0
7.5;102.7;40.6;0.0
43.3;122.5;31.4;0.0
66.5;133.8;29.1;0.0
6.6;139.8;19.4;0.0
8.3;153.9;30.4;0.0
4.2;155.0;2.3;0.0
0.0;155.0;0.0;0.0
0.0;155.0;0.0;0.0
0.0;155.0;0.0;0.0
0.0;155.0;0.0;0.0
0.0;155.0;0.0;0.0
0.0;155.0;0.0;0.0
0.0;155.4;1.7;0.0
0.0;155.4;0.0;0.0
0.0;155.4;0.0;0.0
0.0;155.4;0.0;0.0
3.3;155.6;1.0;0.0
8.3;155.7;0.0;0.0
8.3;155.7;0.0;0.0
9.2;155.7;0.0;0.0
7.5;155.7;0.0;0.0
8.3;155.7;0.0;0.0
8.3;155.7;0.0;0.0
8.3;155.9;1.4;0.0
3.3;156.4;0.0;0.0
0.0;156.4;0.0;0.0
0.0;156.4;0.0;0.0
0.0;156.4;0.0;0.0
0.0;156.4;0.0;0.0
0.0;156.4;0.0;0.0
0.0;156.4;0.0;0.0
0.0;156.4;1.8;0.0
0.0;156.4;0.0;0.0
0.0;156.4;0.0;0.0
0.0;156.4;0.4;0.0
6.6;157.3;0.7;4.0
8.3;189.7;352.4;0.0
9.2;189.7;833.7;0.0
8.3;190.0;515.8;0.0
8.3;190.0;304.8;0.0
8.3;190.0;355.6;0.0
8.3;190.4;326.4;0.0
8.3;190.4;202.6;0.0
8.3;190.4;358.0;0.0
7.5;190.4;368.8;0.0
8.3;190.4;378.6;0.0
8.3;190.4;382.6;0.0
8.3;190.4;387.6;0.0
8.3;221.7;9.1;0.0
8.3;221.7;0.6;196.0
8.3;221.7;0.6;192.0
8.3;191.4;0.5;68.0
8.3;191.4;0.0;0.0
6.6;0.0;0.0;0.0
0.0;0.0;0.0;0.0
