9.1;50.2;31.4;0.0
7.5;65.7;31.4;0.0
6.6;76.0;23.2;0.0
8.3;86.9;25.8;0.0
5.8;96.6;41.7;0.0
8.3;107.2;44.4;0.0
22.5;133.5;33.3;0.0
86.4;146.6;34.4;0.0
8.3;153.0;9.8;0.0
7.5;167.7;40.1;0.0
4.2;168.9;2.3;0.0
0.0;168.9;0.0;0.0
0.0;168.9;0.0;0.0
0.0;168.9;0.0;0.0
0.0;168.9;0.0;0.0
0.0;168.9;0.0;0.0
0.0;168.9;0.0;0.0
0.0;168.9;0.8;0.0
0.0;169.3;1.0;0.0
0.0;169.3;0.0;0.0
0.0;169.3;0.0;0.0
1.7;169.5;0.8;0.0
8.3;169.6;0.0;0.0
8.3;169.6;0.0;0.0
9.1;169.6;0.0;0.0
8.3;169.6;0.0;0.0
8.3;169.6;0.0;0.0
8.3;169.6;0.0;0.0
8.3;169.6;0.0;0.0
6.6;172.3;1.4;0.0
0.0;172.3;0.0;0.0
0.0;172.3;0.0;0.0
0.0;172.3;0.0;0.0
0.0;172.3;0.0;0.0
0.0;172.3;0.0;0.0
0.0;172.3;0.0;0.0
0.0;172.3;1.8;0.0
0.0;172.3;0.0;0.0
0.0;172.3;0.0;0.0
0.0;172.3;0.0;0.0
5.0;170.6;0.8;0.0
8.3;203.3;112.5;4.0
8.3;203.6;822.0;0.0
8.3;203.9;741.0;0.0
8.3;204.4;322.3;0.0
8.3;204.4;346.0;0.0
8.3;204.4;343.1;0.0
8.3;204.4;217.7;0.0
8.3;204.4;368.2;0.0
8.3;204.4;343.6;0.0
9.1;204.4;338.2;0.0
8.3;204.4;359.7;0.0
8.3;204.4;376.2;0.0
8.3;235.5;232.8;0.0
8.3;235.8;0.2;68.0
8.3;235.8;0.8;256.0
8.3;235.8;0.4;128.0
8.3;205.3;0.3;60.0
8.3;205.3;0.0;0.0
1.7;0.0;0.0;0.0
