6.6;50.9;33.2;0.0
8.3;66.1;30.2;0.0
5.8;72.2;23.4;0.0
9.1;82.3;25.0;0.0
5.8;92.6;43.7;0.0
7.5;102.7;43.7;0.0
31.6;123.9;37.0;0.0
79.0;135.1;29.4;0.0
6.6;140.7;14.2;0.0
8.3;155.2;35.7;0.0
5.0;156.3;2.3;0.0
0.0;156.3;0.0;0.0
0.0;156.3;0.0;0.0
0.0;156.3;0.0;0.0
0.0;156.3;0.0;0.0
0.0;156.3;0.0;0.0
0.0;156.3;0.0;0.0
0.0;156.7;1.8;0.0
0.0;156.7;0.0;0.0
0.0;156.7;0.0;0.0
0.0;156.7;0.0;0.0
3.3;156.9;1.0;0.0
8.3;157.1;0.0;0.0
8.3;157.1;0.0;0.0
8.3;157.1;0.0;0.0
8.3;157.1;0.0;0.0
8.3;157.1;0.0;0.0
8.3;157.1;0.0;0.0
8.3;157.2;1.4;0.0
3.3;157.7;0.0;0.0
0.0;157.7;0.0;0.0
0.0;157.7;0.0;0.0
0.0;157.7;0.0;0.0
0.0;157.7;0.0;0.0
0.0;157.7;0.0;0.0
0.0;157.7;0.0;0.0
0.0;157.7;1.7;0.0
0.0;157.7;0.0;0.0
0.0;157.7;0.0;0.0
0.0;157.7;0.6;0.0
7.5;160.6;0.5;4.0
8.3;192.7;202.7;0.0
9.2;193.0;765.0;0.0
8.3;193.2;707.7;0.0
8.3;193.8;309.3;0.0
8.3;193.8;344.4;0.0
8.3;193.8;365.9;0.0
8.3;193.8;238.9;0.0
8.3;193.8;370.7;0.0
8.3;193.8;347.0;0.0
8.3;193.8;362.3;0.0
8.3;193.8;384.2;0.0
8.3;193.8;377.7;0.0
8.3;225.0;147.8;0.0
8.3;225.2;0.4;132.0
8.3;225.2;0.8;256.0
8.3;225.2;0.2;64.0
8.3;194.8;0.5;68.0
9.1;0.0;0.0;0.0
0.0;0.0;0.0;0.0
