12.5;53.6;29.8;0.0
7.5;68.3;28.1;0.0
5.8;69.3;31.4;0.0
7.5;82.9;26.8;0.0
8.3;90.8;32.2;0.0
5.8;100.5;42.0;0.0
7.5;112.0;41.3;0.0
89.0;133.5;32.8;0.0
18.3;143.6;15.4;0.0
8.3;158.6;44.5;0.0
0.8;158.7;17.8;0.0
7.5;163.6;15.2;0.0
7.5;163.7;0.0;0.0
8.3;164.5;0.0;0.0
8.3;164.5;0.0;0.0
8.3;164.6;0.0;0.0
8.3;164.6;0.0;0.0
8.3;164.6;0.0;0.0
8.3;164.6;0.0;0.0
8.3;164.6;0.0;0.0
9.2;164.6;0.0;0.0
8.3;164.6;0.0;0.0
8.3;165.1;0.0;0.0
8.3;165.1;0.0;0.0
8.3;165.1;0.0;0.0
8.3;165.1;0.0;0.0
8.3;165.1;0.0;0.0
8.3;165.1;0.0;0.0
8.3;165.6;0.0;0.0
2.5;166.0;8.5;0.0
7.5;166.0;3.6;0.0
8.3;166.0;0.0;0.0
8.3;166.0;0.0;0.0
8.3;166.0;0.0;0.0
8.3;166.0;0.0;0.0
8.3;166.0;0.0;0.0
8.3;166.0;0.0;0.0
8.3;166.0;0.0;0.0
67.4;173.0;1.3;0.0
70.7;179.3;30.9;0.0
99.0;178.7;0.0;0.0
99.8;178.7;0.0;0.0
99.8;179.3;0.0;0.0
38.2;179.9;0.0;0.0
9.1;180.4;0.0;0.0
8.3;180.4;0.0;0.0
8.3;180.4;0.0;0.0
7.5;180.4;0.0;0.0
8.3;209.1;325.8;4.0
8.3;209.3;460.4;0.0
8.3;209.3;357.4;0.0
8.3;209.3;355.9;0.0
8.3;240.5;231.3;0.0
9.1;240.5;0.2;68.0
8.3;240.5;0.4;128.0
8.3;240.5;0.4;128.0
8.3;210.1;0.3;64.0
8.3;179.1;0.0;0.0
1.7;0.0;0.0;0.0
0.0;0.0;0.0;0.0
