6.6;63.3;33.8;0.0
7.5;73.5;26.5;0.0
7.5;80.4;20.5;0.0
7.5;87.7;34.2;0.0
7.5;98.6;39.4;0.0
5.8;108.7;43.0;0.0
54.9;131.0;33.5;0.0
55.7;140.5;21.0;0.0
7.5;148.6;25.7;0.0
4.2;159.4;30.7;0.0
4.1;164.1;25.3;0.0
7.5;164.9;0.4;0.0
8.3;165.7;0.0;0.0
9.1;165.7;0.0;0.0
8.3;165.8;0.0;0.0
8.3;165.8;0.0;0.0
8.3;165.8;0.0;0.0
7.5;165.8;0.0;0.0
8.3;165.8;0.0;0.0
8.3;165.8;0.0;0.0
9.1;166.3;0.0;0.0
8.3;166.3;0.0;0.0
8.3;166.3;0.0;0.0
8.3;166.3;0.0;0.0
9.1;166.3;0.0;0.0
8.3;166.3;0.0;0.0
7.5;166.3;0.0;0.0
8.3;166.3;0.0;0.0
6.6;167.1;0.4;0.0
2.5;167.2;9.6;0.0
8.3;167.3;0.0;0.0
8.3;167.3;0.0;0.0
9.2;167.3;0.0;0.0
8.3;167.3;0.0;0.0
8.3;167.3;0.0;0.0
8.3;167.3;0.0;0.0
8.3;167.3;0.0;0.0
17.5;173.3;0.0;0.0
90.7;173.6;9.7;0.0
63.2;177.5;21.1;0.0
97.3;177.5;0.0;0.0
99.0;179.2;0.0;0.0
47.4;180.2;0.0;0.0
8.3;180.7;0.0;0.0
9.2;180.7;0.0;0.0
8.3;180.7;0.0;0.0
8.3;180.7;0.0;0.0
6.6;212.4;219.3;4.0
8.3;212.6;508.1;0.0
9.2;212.6;349.4;0.0
8.3;212.6;345.4;0.0
8.3;244.0;306.1;0.0
8.3;244.0;0.2;68.0
8.3;244.0;0.4;128.0
7.5;244.0;0.4;128.0
8.3;213.6;0.3;64.0
8.3;213.7;0.0;0.0
4.1;0.0;0.0;0.0
0.0;0.0;0.0;0.0
0.0;0.0;0.0;0.0
