6.6;48.5;30.9;0.0
8.3;61.1;25.4;0.0
6.6;71.0;22.9;0.0
8.3;82.5;26.2;0.0
6.6;91.5;36.0;0.0
7.5;100.5;42.8;0.0
7.1;110.6;34.9;0.0
94.1;135.9;31.8;0.0
14.1;145.5;16.4;0.0
7.5;159.7;41.5;0.0
1.7;161.2;16.3;0.0
5.0;166.2;21.2;0.0
8.3;166.3;0.0;0.0
8.3;167.1;0.0;0.0
8.3;167.1;0.0;0.0
8.3;167.2;0.0;0.0
8.3;167.2;0.0;0.0
8.3;167.2;0.0;0.0
8.3;167.7;0.0;0.0
9.1;167.7;0.0;0.0
8.3;167.7;0.0;0.0
8.3;167.7;0.0;0.0
8.3;167.7;0.0;0.0
8.3;167.7;0.0;0.0
8.3;167.7;0.0;0.0
8.3;167.7;0.0;0.0
8.3;167.7;0.0;0.0
8.3;167.7;0.0;0.0
8.3;167.7;0.0;0.0
8.3;167.7;0.0;0.0
8.3;168.4;0.0;0.0
2.5;168.4;0.4;0.0
0.8;168.4;8.8;0.0
7.5;168.6;2.2;0.0
8.3;168.6;0.0;0.0
8.3;168.6;0.0;0.0
8.3;168.6;0.0;0.0
8.3;168.6;0.0;0.0
8.3;168.6;0.0;0.0
8.3;168.6;0.0;0.0
8.3;168.6;0.0;0.0
63.2;187.0;1.3;0.0
59.1;189.0;23.2;0.0
97.3;190.5;2.8;0.0
99.0;190.5;0.0;0.0
100.6;190.4;0.0;0.0
66.5;191.4;0.0;0.0
8.3;192.0;0.0;0.0
8.3;192.0;0.0;0.0
8.3;192.0;0.0;0.0
8.3;192.0;0.0;0.0
7.5;189.5;0.3;4.0
8.3;220.4;489.9;0.0
8.3;220.6;337.0;0.0
8.3;220.6;334.4;0.0
8.3;220.6;352.2;0.0
8.3;251.8;209.7;0.0
8.3;251.8;0.2;68.0
8.3;251.8;0.4;128.0
8.3;251.8;0.4;128.0
