6.7;63.6;33.2;0.0
7.5;75.7;25.3;0.0
5.8;81.0;21.3;0.0
9.1;90.4;26.6;0.0
5.8;100.9;43.3;0.0
6.6;110.9;43.7;0.0
34.1;133.9;36.3;0.0
75.7;145.2;28.1;0.0
7.5;154.3;28.7;0.0
3.3;164.1;24.6;0.0
3.3;168.8;27.9;0.0
9.1;169.3;0.4;0.0
8.3;170.0;0.0;0.0
8.3;170.0;0.0;0.0
8.3;170.2;0.0;0.0
8.3;170.2;0.0;0.0
8.3;170.2;0.0;0.0
8.3;170.2;0.0;0.0
8.3;170.2;0.0;0.0
8.3;170.2;0.0;0.0
8.3;170.2;0.0;0.0
8.3;170.6;0.0;0.0
8.3;170.6;0.0;0.0
8.3;170.6;0.0;0.0
9.2;170.6;0.0;0.0
8.3;170.6;0.0;0.0
8.3;170.6;0.0;0.0
8.3;170.6;0.0;0.0
8.3;171.5;0.0;0.0
1.7;171.6;10.8;0.0
8.3;171.6;0.0;0.0
8.3;171.6;0.0;0.0
8.3;171.6;0.0;0.0
8.3;171.6;0.0;0.0
8.3;171.6;0.0;0.0
8.3;171.6;0.0;0.0
8.3;171.6;0.0;0.0
8.3;171.6;0.0;0.0
91.5;174.4;3.1;0.0
62.4;182.1;30.2;0.0
99.0;179.7;0.0;0.0
99.8;179.7;0.0;0.0
94.8;180.5;0.0;0.0
8.3;181.0;0.0;0.0
8.3;181.6;0.0;0.0
8.3;181.6;0.0;0.0
8.3;181.6;0.0;0.0
7.5;179.5;0.4;4.0
9.1;210.3;591.2;0.0
8.3;210.8;324.5;0.0
8.3;210.8;339.8;0.0
8.3;210.8;367.3;0.0
8.3;241.9;103.4;0.0
9.1;241.9;0.4;132.0
8.3;241.9;0.4;128.0
8.3;211.4;0.5;128.0
8.3;211.4;0.0;0.0
5.8;0.0;0.0;0.0
0.0;0.0;0.0;0.0
0.0;0.0;0.0;0.0
