6.6;65.3;33.7;0.0
8.3;75.6;26.2;0.0
6.6;82.6;23.4;0.0
7.5;90.3;32.7;0.0
7.5;101.0;40.0;0.0
6.6;113.1;50.8;0.0
65.6;134.8;31.4;0.0
42.4;143.2;13.9;0.0
7.5;152.4;32.3;0.0
4.2;161.1;24.1;0.0
4.2;165.7;23.4;0.0
8.3;166.3;0.4;0.0
8.3;167.1;0.0;0.0
8.3;167.1;0.0;0.0
8.3;167.2;0.0;0.0
8.3;167.2;0.0;0.0
8.3;167.2;0.0;0.0
8.3;167.2;0.0;0.0
8.3;167.7;0.0;0.0
9.1;167.7;0.0;0.0
8.3;167.7;0.0;0.0
8.3;167.7;0.0;0.0
8.3;167.7;0.0;0.0
8.3;167.7;0.0;0.0
8.3;167.7;0.0;0.0
8.3;167.7;0.0;0.0
8.3;167.7;0.0;0.0
8.3;167.7;0.0;0.0
5.0;168.5;2.2;0.0
5.8;168.6;8.3;0.0
8.3;168.6;0.0;0.0
8.3;168.6;0.0;0.0
8.3;168.6;0.0;0.0
8.3;168.6;0.0;0.0
8.3;168.6;0.0;0.0
8.3;168.6;0.0;0.0
8.3;168.6;0.0;0.0
43.1;172.9;1.2;0.0
70.7;174.6;21.5;0.0
88.2;176.7;5.5;0.0
90.7;176.7;0.0;0.0
96.5;178.5;0.0;0.0
37.4;179.5;0.0;0.0
8.3;180.0;0.0;0.0
8.3;180.0;0.0;0.0
8.3;180.0;0.0;0.0
8.3;178.2;0.3;4.0
8.3;209.0;467.7;0.0
8.3;209.3;368.0;0.0
8.3;209.3;345.4;0.0
8.3;209.3;333.6;0.0
8.3;240.6;212.1;0.0
8.3;240.6;0.2;68.0
8.3;240.6;0.4;128.0
8.3;240.6;0.4;128.0
9.1;210.2;0.3;64.0
8.3;179.2;0.0;0.0
1.7;0.0;0.0;0.0
0.0;0.0;0.0;0.0
0.0;0.0;0.0;0.0
