15.0;48.7;29.0;0.0
7.5;62.7;28.9;0.0
5.8;68.7;28.9;0.0
7.5;82.5;26.8;0.0
6.6;90.0;30.4;0.0
7.5;99.2;37.8;0.0
5.8;111.3;47.3;0.0
74.1;130.6;32.0;0.0
34.1;139.7;14.2;0.0
6.6;154.5;43.9;0.0
3.3;156.0;13.8;0.0
6.6;160.9;18.9;0.0
8.3;160.9;0.0;0.0
8.3;161.7;0.0;0.0
8.3;161.9;0.0;0.0
8.3;161.9;0.0;0.0
8.3;161.9;0.0;0.0
8.3;161.9;0.0;0.0
8.3;162.4;0.0;0.0
8.3;162.4;0.0;0.0
8.3;162.4;0.0;0.0
8.3;162.4;0.0;0.0
8.3;162.4;0.0;0.0
8.3;162.4;0.0;0.0
8.3;162.4;0.0;0.0
8.3;162.4;0.0;0.0
8.3;162.5;0.0;0.0
8.3;162.5;0.0;0.0
8.3;163.0;0.0;0.0
1.7;163.3;7.7;0.0
7.5;163.3;2.2;0.0
8.3;163.3;0.0;0.0
8.3;163.3;0.0;0.0
8.3;163.3;0.0;0.0
8.3;163.3;0.0;0.0
8.3;163.3;0.0;0.0
8.3;163.3;0.0;0.0
8.3;163.3;0.0;0.0
72.4;173.7;4.3;0.0
60.7;180.0;31.3;0.0
99.0;178.8;0.0;0.0
99.8;178.8;0.0;0.0
94.8;179.6;0.0;0.0
9.2;180.1;0.0;0.0
8.3;180.6;0.0;0.0
8.3;180.6;0.0;0.0
8.3;180.6;0.0;0.0
8.3;184.2;0.4;4.0
8.3;210.2;597.7;0.0
8.3;210.2;353.6;0.0
8.3;210.2;361.2;0.0
8.3;210.7;340.6;0.0
8.3;241.4;72.5;0.0
8.3;241.4;0.4;132.0
8.3;241.4;0.4;128.0
8.3;211.1;0.5;128.0
8.3;211.1;0.0;0.0
5.8;0.0;0.0;0.0
0.0;0.0;0.0;0.0
0.0;0.0;0.0;0.0
