5.8;57.2;34.6;0.0
8.3;72.4;29.4;0.0
6.6;79.1;23.5;0.0
8.3;89.2;28.8;0.0
6.6;100.5;47.5;0.0
6.6;110.8;44.4;0.0
53.4;134.7;39.8;0.0
54.8;144.4;18.5;0.0
7.5;154.6;34.3;0.0
4.2;162.3;23.3;0.0
5.8;167.0;23.4;0.0
7.5;167.5;0.0;0.0
8.3;168.2;0.0;0.0
8.3;168.2;0.0;0.0
8.3;168.4;0.0;0.0
9.1;168.4;0.0;0.0
8.3;168.4;0.0;0.0
8.3;168.4;0.0;0.0
8.3;168.4;0.0;0.0
8.3;168.4;0.0;0.0
8.3;168.8;0.0;0.0
8.3;168.8;0.0;0.0
8.3;168.8;0.0;0.0
8.3;168.8;0.0;0.0
8.3;168.8;0.0;0.0
8.3;168.8;0.0;0.0
8.3;168.8;0.0;0.0
8.3;169.4;0.0;0.0
3.3;169.7;5.2;0.0
6.6;169.8;3.8;0.0
8.3;169.8;0.0;0.0
8.3;169.8;0.0;0.0
9.1;169.8;0.0;0.0
8.3;169.8;0.0;0.0
8.3;169.8;0.0;0.0
8.3;169.8;0.0;0.0
8.3;169.8;0.0;0.0
72.3;174.2;5.3;0.0
78.2;179.2;21.3;0.0
99.8;179.7;0.0;0.0
99.8;180.4;0.0;0.0
65.7;181.0;0.0;0.0
8.3;181.0;0.0;0.0
8.3;181.5;0.0;0.0
7.5;181.5;0.0;0.0
8.3;181.5;0.0;0.0
8.3;180.0;0.4;4.0
8.3;211.0;591.6;0.0
9.1;211.0;325.3;0.0
8.3;211.0;344.1;0.0
8.3;211.0;373.9;0.0
8.3;242.2;92.5;0.0
8.3;242.2;0.4;132.0
8.3;242.2;0.4;128.0
8.3;242.2;0.2;64.0
8.3;211.9;0.3;64.0
5.8;0.0;0.0;0.0
0.0;0.0;0.0;0.0
0.0;0.0;0.0;0.0
0.0;0.0;0.0;0.0
