34.9;41.5;22.8;0.0
6.6;55.6;28.3;0.0
7.5;65.3;24.6;0.0
7.5;72.3;19.1;0.0
8.3;80.0;30.1;0.0
5.0;90.6;42.1;0.0
7.5;100.0;40.4;0.0
32.5;123.6;27.4;0.0
78.2;136.3;33.9;0.0
8.3;142.3;9.8;0.0
5.8;156.4;41.5;0.0
0.8;156.6;11.7;0.0
7.5;161.4;15.4;0.0
8.3;161.5;0.0;0.0
8.3;162.3;0.0;0.0
8.3;162.3;0.0;0.0
8.3;162.4;0.0;0.0
8.3;162.4;0.0;0.0
8.3;162.4;0.0;0.0
8.3;162.4;0.0;0.0
8.3;162.4;0.0;0.0
8.3;162.4;0.0;0.0
8.3;162.4;0.0;0.0
8.3;162.8;0.0;0.0
8.3;162.8;0.0;0.0
8.3;162.8;0.0;0.0
8.3;162.8;0.0;0.0
8.3;162.8;0.0;0.0
8.3;162.8;0.0;0.0
8.3;163.4;0.0;0.0
3.3;163.8;4.1;0.0
6.6;163.9;7.3;0.0
8.3;163.9;0.0;0.0
8.3;163.9;0.0;0.0
8.3;163.9;0.0;0.0
8.3;163.9;0.0;0.0
8.3;163.9;0.0;0.0
9.1;163.9;0.0;0.0
8.3;163.9;0.0;0.0
69.1;180.2;1.3;0.0
62.3;182.2;22.6;0.0
95.6;183.9;3.6;0.0
98.1;183.9;0.0;0.0
99.7;185.7;0.0;0.0
34.0;186.7;0.0;0.0
8.3;187.2;0.0;0.0
8.3;187.2;0.0;0.0
8.3;187.2;0.0;0.0
8.3;184.9;0.0;0.0
8.3;216.4;331.1;4.0
8.3;216.6;444.9;0.0
8.3;216.6;361.6;0.0
8.3;216.6;341.4;0.0
8.3;247.8;251.7;0.0
8.3;247.8;0.2;68.0
8.3;247.8;0.4;128.0
8.3;247.8;0.4;128.0
8.3;217.6;0.3;64.0
8.3;186.5;0.0;0.0
1.7;0.0;0.0;0.0
