13.3;51.0;27.6;0.0
8.3;64.6;26.9;0.0
6.6;63.5;29.4;0.0
7.5;77.2;26.8;0.0
7.5;84.9;31.0;0.0
6.7;94.0;39.4;0.0
6.6;105.9;45.1;0.0
81.5;131.4;33.8;0.0
28.3;139.6;11.0;0.0
7.5;153.4;41.3;0.0
2.5;156.4;18.1;0.0
6.6;161.2;18.9;0.0
8.3;161.3;0.0;0.0
8.3;162.1;0.0;0.0
8.3;162.1;0.0;0.0
8.3;162.2;0.0;0.0
8.3;162.2;0.0;0.0
8.3;162.2;0.0;0.0
8.3;162.8;0.0;0.0
7.5;162.8;0.0;0.0
9.1;162.8;0.0;0.0
8.3;162.8;0.0;0.0
8.3;162.8;0.0;0.0
8.3;162.8;0.0;0.0
9.1;162.8;0.0;0.0
8.3;162.8;0.0;0.0
8.3;162.8;0.0;0.0
8.3;162.8;0.0;0.0
8.3;162.8;0.0;0.0
4.2;163.6;2.4;0.0
5.8;163.7;7.8;0.0
8.3;163.7;0.0;0.0
8.3;163.7;0.0;0.0
8.3;163.7;0.0;0.0
8.3;163.7;0.0;0.0
8.3;163.7;0.0;0.0
8.3;163.7;0.0;0.0
8.3;163.7;0.0;0.0
54.1;194.0;1.3;0.0
66.5;196.8;21.2;0.0
94.0;199.4;4.4;0.0
99.8;199.4;0.0;0.0
92.4;200.2;0.0;0.0
35.8;200.8;0.0;0.0
8.3;201.3;0.0;0.0
8.3;201.3;0.0;0.0
8.3;201.3;0.0;0.0
8.3;199.6;0.4;4.0
8.3;230.6;356.3;0.0
8.3;230.7;440.1;0.0
8.3;230.7;367.7;0.0
8.3;231.3;370.8;0.0
8.3;262.0;191.9;0.0
8.3;262.0;0.4;132.0
8.3;262.0;0.4;128.0
8.3;262.0;0.2;64.0
9.2;231.7;0.3;64.0
7.5;0.0;0.0;0.0
0.0;0.0;0.0;0.0
0.0;0.0;0.0;0.0
