7.5;63.3;31.2;0.0
6.6;71.2;30.4;0.0
8.3;85.7;29.8;0.0
5.8;93.5;28.0;0.0
6.6;102.7;39.8;0.0
7.5;115.2;47.9;0.0
69.9;133.5;29.1;0.0
36.6;143.0;15.3;0.0
8.3;157.4;43.3;0.0
1.7;159.7;15.6;0.0
5.8;164.7;19.3;0.0
8.3;164.8;0.0;0.0
8.3;165.6;0.0;0.0
8.3;165.6;0.0;0.0
8.3;165.7;0.0;0.0
8.3;165.7;0.0;0.0
8.3;165.7;0.0;0.0
7.5;166.2;0.0;0.0
8.3;166.2;0.0;0.0
8.3;166.2;0.0;0.0
8.3;166.2;0.0;0.0
8.3;166.2;0.0;0.0
8.3;166.2;0.0;0.0
8.3;166.2;0.0;0.0
8.3;166.2;0.0;0.0
8.3;166.2;0.0;0.0
8.3;166.2;0.0;0.0
8.3;166.7;0.0;0.0
4.2;167.1;6.3;0.0
5.8;167.2;4.3;0.0
8.3;167.2;0.0;0.0
8.3;167.2;0.0;0.0
8.3;167.2;0.0;0.0
9.2;167.2;0.0;0.0
8.3;167.2;0.0;0.0
8.3;167.2;0.0;0.0
8.3;167.2;0.0;0.0
51.6;173.6;1.3;0.0
63.2;175.0;25.1;0.0
85.7;178.9;7.5;0.0
99.8;179.7;0.0;0.0
79.8;180.2;0.0;0.0
8.3;180.2;0.0;0.0
8.3;180.7;0.0;0.0
8.3;180.7;0.0;0.0
8.3;180.7;0.0;0.0
8.3;202.7;0.4;4.0
8.3;210.1;625.5;0.0
8.3;210.1;355.0;0.0
8.3;210.1;350.2;0.0
9.1;210.6;367.0;0.0
8.3;241.3;33.3;0.0
8.3;241.3;0.6;196.0
8.3;241.3;0.4;128.0
8.3;211.0;0.3;64.0
8.3;211.0;0.0;0.0
5.0;0.0;0.0;0.0
0.0;0.0;0.0;0.0
0.0;0.0;0.0;0.0
0.0;0.0;0.0;0.0
