7.5;66.4;33.2;0.0
7.5;78.1;24.7;0.0
6.6;88.6;21.2;0.0
8.3;96.8;27.0;0.0
5.0;106.9;40.3;0.0
6.6;116.9;42.7;0.0
25.8;138.8;34.1;0.0
85.7;150.7;32.7;0.0
5.8;156.8;17.2;0.0
6.6;170.2;35.8;0.0
2.5;175.0;26.7;0.0
8.3;175.6;0.4;0.0
8.3;176.4;0.0;0.0
8.3;176.4;0.0;0.0
8.3;176.5;0.0;0.0
9.2;176.5;0.0;0.0
8.3;176.5;0.0;0.0
8.3;176.5;0.0;0.0
8.3;176.5;0.0;0.0
8.3;176.5;0.0;0.0
8.3;176.5;0.0;0.0
8.3;177.0;0.0;0.0
8.3;177.0;0.0;0.0
8.3;177.0;0.0;0.0
8.3;177.0;0.0;0.0
8.3;177.0;0.0;0.0
8.3;177.0;0.0;0.0
8.3;177.0;0.0;0.0
8.3;177.7;0.0;0.0
2.5;177.9;10.9;0.0
8.3;177.9;0.0;0.0
8.3;177.9;0.0;0.0
9.1;177.9;0.0;0.0
8.3;177.9;0.0;0.0
8.3;177.9;0.0;0.0
8.3;177.9;0.0;0.0
8.3;177.9;0.0;0.0
8.3;177.9;0.0;0.0
80.7;180.3;1.3;0.0
66.5;184.9;24.7;0.0
94.8;183.9;0.1;0.0
94.0;183.9;0.0;0.0
99.0;185.8;0.0;0.0
74.0;186.8;0.0;0.0
8.3;187.4;0.0;0.0
8.3;187.4;0.0;0.0
8.3;187.4;0.0;0.0
8.3;187.4;0.0;0.0
9.1;216.6;228.6;4.0
8.3;216.8;514.8;0.0
8.3;216.8;358.4;0.0
8.3;216.8;346.5;0.0
8.3;248.0;280.6;0.0
8.3;248.0;0.2;68.0
8.3;248.0;0.4;128.0
8.3;248.0;0.4;128.0
8.3;217.7;0.3;64.0
8.3;217.2;0.0;0.0
1.7;0.0;0.0;0.0
0.0;0.0;0.0;0.0
