5.8;50.9;28.0;0.0
8.3;65.8;30.4;0.0
6.6;68.8;26.9;0.0
8.3;81.9;27.0;0.0
5.8;90.4;35.7;0.0
7.5;101.4;44.2;0.0
10.8;119.9;34.9;0.0
98.9;136.2;40.4;0.0
8.3;142.7;9.8;0.0
6.6;156.4;41.2;0.0
0.8;156.6;15.9;0.0
6.6;161.5;14.5;0.0
8.3;161.5;0.0;0.0
8.3;162.2;0.0;0.0
8.3;162.4;0.0;0.0
8.3;162.4;0.0;0.0
8.3;162.4;0.0;0.0
8.3;162.4;0.0;0.0
8.3;162.4;0.0;0.0
8.3;162.4;0.0;0.0
8.3;162.4;0.0;0.0
8.3;162.8;0.0;0.0
7.5;162.8;0.0;0.0
9.1;162.8;0.0;0.0
8.3;162.8;0.0;0.0
8.3;163.0;0.0;0.0
8.3;163.0;0.0;0.0
8.3;163.0;0.0;0.0
8.3;163.8;0.3;0.0
2.5;163.8;13.8;0.0
8.3;163.9;0.0;0.0
8.3;163.9;0.0;0.0
7.5;163.9;0.0;0.0
9.1;163.9;0.0;0.0
8.3;163.9;0.0;0.0
8.3;163.9;0.0;0.0
8.3;163.9;0.0;0.0
8.3;163.9;0.0;0.0
89.9;172.2;12.3;0.0
67.4;176.0;23.9;0.0
99.8;176.0;0.0;0.0
99.0;177.8;0.0;0.0
57.4;178.9;0.0;0.0
8.3;179.4;0.0;0.0
8.3;179.4;0.0;0.0
8.3;179.4;0.0;0.0
8.3;179.4;0.0;0.0
7.5;208.5;216.3;4.0
8.3;208.7;512.1;0.0
8.3;208.7;362.4;0.0
8.3;208.7;346.6;0.0
8.3;240.0;292.7;0.0
8.3;240.0;0.2;68.0
9.1;240.0;0.4;128.0
8.3;240.0;0.4;128.0
8.3;209.7;0.3;64.0
7.5;209.6;0.0;0.0
2.5;0.0;0.0;0.0
0.0;0.0;0.0;0.0
0.0;0.0;0.0;0.0
