7.5;63.5;32.9;0.0
7.5;74.8;27.0;0.0
6.6;74.8;19.1;0.0
8.3;83.1;34.2;0.0
5.8;94.3;42.0;0.0
7.5;103.6;40.8;0.0
49.9;130.2;32.9;0.0
59.9;140.4;24.0;0.0
6.6;149.1;27.5;0.0
4.2;159.2;29.3;0.0
4.2;163.8;30.7;0.0
9.1;164.2;0.4;0.0
8.3;164.9;0.0;0.0
8.3;165.1;0.0;0.0
8.3;165.1;0.0;0.0
8.3;165.1;0.0;0.0
8.3;165.1;0.0;0.0
8.3;165.1;0.0;0.0
8.3;165.6;0.0;0.0
8.3;165.6;0.0;0.0
8.3;165.6;0.0;0.0
8.3;165.6;0.0;0.0
8.3;165.6;0.0;0.0
8.3;165.6;0.0;0.0
8.3;165.6;0.0;0.0
8.3;165.7;0.0;0.0
8.3;165.7;0.0;0.0
8.3;165.7;0.0;0.0
8.3;166.6;0.4;0.0
2.5;166.6;13.4;0.0
8.3;166.6;0.0;0.0
8.3;166.6;0.0;0.0
8.3;166.6;0.0;0.0
8.3;166.6;0.0;0.0
8.3;166.6;0.0;0.0
8.3;166.6;0.0;0.0
8.3;166.6;0.0;0.0
8.3;166.6;0.0;0.0
71.6;171.0;5.9;0.0
74.9;174.8;32.3;0.0
99.6;176.7;0.0;0.0
99.8;176.7;0.0;0.0
94.8;177.3;0.0;0.0
8.3;177.8;0.0;0.0
8.3;178.3;0.0;0.0
8.3;178.3;0.0;0.0
8.3;178.3;0.0;0.0
8.3;177.0;0.4;4.0
8.3;207.9;596.9;0.0
8.3;207.9;329.1;0.0
8.3;207.9;338.1;0.0
8.3;207.9;352.6;0.0
8.3;239.0;112.5;0.0
8.3;239.0;0.4;132.0
8.3;239.0;0.4;128.0
8.3;239.0;0.2;64.0
8.3;208.7;0.3;64.0
6.6;0.0;0.0;0.0
0.0;0.0;0.0;0.0
0.0;0.0;0.0;0.0
