15.0;41.9;31.1;0.0
8.3;55.3;26.9;0.0
6.6;64.3;26.5;0.0
8.3;78.0;27.6;0.0
5.8;86.6;36.2;0.0
7.5;96.0;43.0;0.0
7.5;106.1;34.9;0.0
94.9;134.2;41.4;0.0
15.0;140.5;10.0;0.0
7.5;154.1;41.4;0.0
0.8;155.0;26.1;0.0
7.5;159.6;4.2;0.0
8.3;160.4;0.0;0.0
8.3;160.4;0.0;0.0
8.3;160.5;0.0;0.0
8.3;160.5;0.0;0.0
8.3;160.5;0.0;0.0
8.3;160.5;0.0;0.0
8.3;161.0;0.0;0.0
8.3;161.0;0.0;0.0
8.3;161.0;0.0;0.0
8.3;161.0;0.0;0.0
8.3;161.0;0.0;0.0
8.3;161.0;0.0;0.0
8.3;161.0;0.0;0.0
8.3;161.0;0.0;0.0
8.3;161.0;0.0;0.0
8.3;161.0;0.0;0.0
6.7;161.8;2.2;0.0
4.1;161.9;8.6;0.0
8.3;161.9;0.0;0.0
8.3;161.9;0.0;0.0
9.1;161.9;0.0;0.0
8.3;161.9;0.0;0.0
8.3;161.9;0.0;0.0
8.3;161.9;0.0;0.0
8.3;161.9;0.0;0.0
49.1;182.3;1.3;0.0
79.0;184.9;16.1;0.0
96.5;187.8;12.4;0.0
100.7;188.6;0.0;0.0
60.7;189.1;0.0;0.0
8.3;189.6;0.0;0.0
8.3;189.6;0.0;0.0
8.3;189.6;0.0;0.0
8.3;188.1;0.4;4.0
8.3;219.0;472.0;0.0
8.3;219.2;356.7;0.0
8.3;219.2;365.2;0.0
9.1;219.6;347.8;0.0
8.3;250.4;185.7;0.0
8.3;250.4;0.4;132.0
8.3;250.4;0.4;128.0
8.3;250.4;0.2;64.0
8.3;220.1;0.3;64.0
8.3;0.0;0.0;0.0
0.0;0.0;0.0;0.0
0.0;0.0;0.0;0.0
0.0;0.0;0.0;0.0
0.0;0.0;0.0;0.0
