9.2;50.4;28.8;0.0
6.6;64.2;26.5;0.0
7.5;64.5;31.4;0.0
7.5;77.8;26.6;0.0
6.6;85.9;33.0;0.0
7.5;95.5;42.0;0.0
7.5;106.7;40.5;0.0
88.2;132.3;33.6;0.0
20.8;141.4;14.2;0.0
8.3;156.0;42.8;0.0
0.8;156.9;4.0;0.0
2.5;160.1;28.2;0.0
7.5;162.4;0.4;0.0
8.3;163.1;0.0;0.0
8.3;163.1;0.0;0.0
9.1;163.2;0.0;0.0
8.3;163.2;0.0;0.0
8.3;163.2;0.0;0.0
9.2;163.8;0.0;0.0
8.3;163.8;0.0;0.0
8.3;163.8;0.0;0.0
8.3;163.8;0.0;0.0
7.5;163.8;0.0;0.0
8.3;163.8;0.0;0.0
8.3;163.8;0.0;0.0
8.3;163.8;0.0;0.0
8.3;163.8;0.0;0.0
8.3;163.8;0.0;0.0
8.3;164.2;0.0;0.0
4.2;164.5;2.2;0.0
5.0;164.6;9.9;0.0
8.3;164.6;0.0;0.0
8.3;164.6;0.0;0.0
9.1;164.6;0.0;0.0
8.3;164.6;0.0;0.0
8.3;164.6;0.0;0.0
8.3;164.6;0.0;0.0
9.1;164.6;0.0;0.0
44.0;174.9;1.0;0.0
68.1;175.4;31.8;0.0
77.2;178.3;11.0;0.0
99.8;178.5;0.0;0.0
99.0;178.5;0.0;0.0
99.8;180.4;0.0;0.0
9.1;181.9;0.0;0.0
8.3;181.9;0.0;0.0
8.3;181.9;0.0;0.0
8.3;181.9;0.0;0.0
8.3;196.9;0.3;4.0
8.3;211.4;622.3;0.0
8.3;211.4;342.3;0.0
8.3;211.4;340.1;0.0
8.3;211.9;366.2;0.0
8.3;242.7;50.5;0.0
8.3;242.7;0.6;196.0
8.3;242.7;0.4;128.0
8.3;212.3;0.3;60.0
8.3;212.4;0.0;0.0
6.7;0.0;0.0;0.0
0.0;0.0;0.0;0.0
