6.6;61.7;32.1;0.0
7.5;73.3;27.4;0.0
7.5;80.7;24.3;0.0
8.3;87.7;29.6;0.0
5.8;98.3;39.6;0.0
5.8;108.1;42.7;0.0
44.9;136.3;30.2;0.0
62.2;146.9;26.0;0.0
8.3;155.9;29.5;0.0
3.3;165.4;25.4;0.0
5.8;170.0;25.8;0.0
8.3;170.8;0.4;0.0
8.3;171.5;0.0;0.0
8.3;171.5;0.0;0.0
8.3;171.6;0.0;0.0
8.3;171.6;0.0;0.0
8.3;171.6;0.0;0.0
8.3;172.2;0.0;0.0
8.3;172.2;0.0;0.0
8.3;172.2;0.0;0.0
8.3;172.2;0.0;0.0
8.3;172.2;0.0;0.0
8.3;172.2;0.0;0.0
8.3;172.2;0.0;0.0
8.3;172.2;0.0;0.0
8.3;172.2;0.0;0.0
9.1;172.2;0.0;0.0
8.3;172.2;0.0;0.0
5.0;173.0;0.4;0.0
4.1;173.1;13.3;0.0
8.3;173.1;0.0;0.0
8.3;173.1;0.0;0.0
8.3;173.1;0.0;0.0
8.3;173.1;0.0;0.0
8.3;173.1;0.0;0.0
8.3;173.1;0.0;0.0
8.3;173.1;0.0;0.0
20.8;179.4;0.0;0.0
91.5;180.0;7.0;0.0
8.3;184.5;32.8;0.0
8.3;185.0;0.0;0.0
8.3;185.8;0.0;0.0
8.3;185.8;0.0;0.0
9.1;185.8;0.0;0.0
67.4;184.8;0.1;0.0
99.0;184.8;0.3;4.0
61.5;215.9;173.5;0.0
8.3;216.1;476.6;0.0
8.3;216.1;309.8;0.0
8.3;216.1;351.8;0.0
8.3;216.1;349.8;0.0
8.3;247.4;65.3;0.0
8.3;247.4;0.4;132.0
8.3;247.4;0.4;128.0
8.3;217.0;0.5;128.0
8.3;217.1;0.0;0.0
6.6;0.0;0.0;0.0
0.0;0.0;0.0;0.0
0.0;0.0;0.0;0.0
0.0;0.0;0.0;0.0
