6.6;52.6;34.3;0.0
8.3;66.4;27.7;0.0
5.8;74.2;23.1;0.0
7.5;84.2;25.0;0.0
5.8;93.3;38.1;0.0
8.3;103.8;45.2;0.0
14.1;119.2;31.7;0.0
94.8;134.3;38.8;0.0
8.3;140.7;13.0;0.0
5.0;154.3;38.3;0.0
1.7;154.7;24.0;0.0
6.6;159.5;8.6;0.0
8.3;160.2;0.0;0.0
8.3;160.2;0.0;0.0
8.3;160.2;0.0;0.0
8.3;160.4;0.0;0.0
8.3;160.4;0.0;0.0
8.3;160.4;0.0;0.0
8.3;160.4;0.0;0.0
8.3;160.4;0.0;0.0
9.1;160.9;0.0;0.0
8.3;160.9;0.0;0.0
8.3;160.9;0.0;0.0
8.3;160.9;0.0;0.0
8.3;160.9;0.0;0.0
8.3;160.9;0.0;0.0
8.3;160.9;0.0;0.0
8.3;160.9;0.0;0.0
8.3;160.9;0.0;0.0
5.0;161.7;2.4;0.0
5.8;161.8;10.3;0.0
8.3;161.8;0.0;0.0
8.3;161.8;0.0;0.0
8.3;161.8;0.0;0.0
8.3;161.8;0.0;0.0
8.3;161.8;0.0;0.0
8.3;161.8;0.0;0.0
8.3;161.8;0.0;0.0
57.0;172.1;1.3;0.0
59.9;177.2;33.8;0.0
95.7;175.6;0.1;0.0
99.8;175.6;0.0;0.0
93.9;177.4;0.0;0.0
8.3;179.0;0.0;0.0
8.3;179.0;0.0;0.0
8.3;179.0;0.0;0.0
8.3;179.0;0.0;0.0
8.3;177.4;0.3;4.0
7.5;208.3;592.2;0.0
8.3;208.3;315.6;0.0
9.1;208.3;362.4;0.0
8.3;208.7;366.5;0.0
8.3;239.5;92.5;0.0
8.3;239.5;0.4;132.0
8.3;239.5;0.4;128.0
8.3;209.1;0.5;128.0
8.3;209.1;0.0;0.0
6.6;0.0;0.0;0.0
0.0;0.0;0.0;0.0
0.0;0.0;0.0;0.0
