14.1;46.6;29.3;0.0
6.6;60.9;31.7;0.0
6.6;69.6;26.2;0.0
8.3;83.1;27.6;0.0
6.6;91.5;35.7;0.0
7.5;101.3;43.1;0.0
6.6;111.5;35.3;0.0
96.5;134.1;37.6;0.0
12.5;143.8;13.6;0.0
7.5;158.0;41.6;0.0
0.8;158.0;7.9;0.0
5.0;162.6;23.1;0.0
8.3;163.4;0.4;0.0
8.3;164.1;0.0;0.0
8.3;164.1;0.0;0.0
8.3;164.2;0.0;0.0
8.3;164.2;0.0;0.0
8.3;164.2;0.0;0.0
8.3;164.2;0.0;0.0
9.1;164.2;0.0;0.0
8.3;164.2;0.0;0.0
8.3;164.2;0.0;0.0
8.3;164.7;0.0;0.0
8.3;164.7;0.0;0.0
8.3;164.7;0.0;0.0
8.3;164.7;0.0;0.0
8.3;164.7;0.0;0.0
8.3;164.7;0.0;0.0
8.3;165.5;0.0;0.0
2.5;165.5;10.2;0.0
8.3;165.7;0.0;0.0
8.3;165.7;0.0;0.0
8.3;165.7;0.0;0.0
8.3;165.7;0.0;0.0
8.3;165.7;0.0;0.0
8.3;165.7;0.0;0.0
8.3;165.7;0.0;0.0
8.3;165.7;0.0;0.0
74.9;178.1;5.3;0.0
69.9;183.0;21.8;0.0
99.9;183.5;0.0;0.0
99.0;184.0;0.0;0.0
74.8;184.9;0.0;0.0
8.3;184.9;0.0;0.0
8.3;185.4;0.0;0.0
8.3;185.4;0.0;0.0
8.3;185.4;0.0;0.0
9.1;214.8;100.1;4.0
8.3;215.0;574.9;0.0
8.3;215.0;370.9;0.0
8.3;215.0;346.7;0.0
8.3;246.2;335.4;0.0
8.3;246.2;0.4;0.0
8.3;246.2;0.6;196.0
8.3;246.2;0.4;128.0
8.3;215.9;0.3;64.0
8.3;215.9;0.0;0.0
4.1;0.0;0.0;0.0
0.0;0.0;0.0;0.0
0.0;0.0;0.0;0.0
