6.6;61.0;35.3;0.0
7.5;72.9;27.6;0.0
7.5;82.0;19.8;0.0
6.6;90.2;35.0;0.0
7.5;102.1;43.2;0.0
7.5;115.6;54.0;0.0
70.7;135.2;31.9;0.0
38.2;144.0;12.6;0.0
8.3;159.7;46.6;0.0
0.8;160.5;10.8;0.0
5.0;164.9;22.1;0.0
8.3;165.6;0.4;0.0
8.3;166.3;0.0;0.0
8.3;166.3;0.0;0.0
8.3;166.5;0.0;0.0
9.1;166.5;0.0;0.0
8.3;166.5;0.0;0.0
8.3;166.5;0.0;0.0
8.3;166.5;0.0;0.0
8.3;166.5;0.0;0.0
8.3;166.5;0.0;0.0
8.3;166.9;0.0;0.0
8.3;166.9;0.0;0.0
8.3;166.9;0.0;0.0
8.3;166.9;0.0;0.0
8.3;166.9;0.0;0.0
8.3;166.9;0.0;0.0
8.3;167.8;0.0;0.0
1.7;167.9;10.2;0.0
8.3;167.9;0.0;0.0
8.3;167.9;0.0;0.0
8.3;167.9;0.0;0.0
8.3;167.9;0.0;0.0
8.3;167.9;0.0;0.0
8.3;167.9;0.0;0.0
8.3;167.9;0.0;0.0
10.0;170.3;0.0;0.0
90.7;174.3;6.9;0.0
20.8;177.3;29.4;0.0
87.3;180.0;0.0;0.0
98.2;180.6;0.0;0.0
44.1;181.1;0.0;0.0
8.3;181.6;0.0;0.0
8.3;181.6;0.0;0.0
8.3;181.6;0.0;0.0
7.5;179.9;0.4;4.0
8.3;210.9;380.3;0.0
8.3;211.0;419.6;0.0
8.3;211.0;364.6;0.0
8.3;211.4;342.7;0.0
8.3;242.1;221.4;0.0
8.3;242.1;0.2;68.0
8.3;242.1;0.4;128.0
8.3;242.1;0.4;128.0
8.3;211.9;0.3;64.0
8.3;0.0;0.0;0.0
0.8;0.0;0.0;0.0
0.0;0.0;0.0;0.0
0.0;0.0;0.0;0.0
0.0;0.0;0.0;0.0
