12.5;47.6;29.5;0.0
7.5;61.9;29.0;0.0
7.5;66.2;24.2;0.0
8.3;79.3;27.0;0.0
6.6;87.4;35.8;0.0
6.6;97.1;42.0;0.0
7.5;107.6;36.7;0.0
99.0;133.7;41.2;0.0
10.8;140.1;9.8;0.0
8.3;154.9;40.1;0.0
6.6;156.2;2.3;0.0
0.0;156.2;0.0;0.0
0.0;156.2;0.0;0.0
0.0;156.2;0.0;0.0
0.0;156.2;0.0;0.0
0.0;156.2;0.0;0.0
0.0;156.2;0.0;0.0
0.0;156.2;0.0;0.0
0.8;156.3;1.8;0.0
0.0;156.3;0.0;0.0
0.0;156.3;0.0;0.0
0.0;156.3;0.0;0.0
0.0;156.3;0.4;0.0
0.0;156.3;0.0;0.0
0.0;156.3;0.0;0.0
0.0;156.6;1.4;0.0
7.5;156.7;0.0;0.0
9.1;156.7;0.0;0.0
8.3;156.7;0.0;0.0
8.3;156.7;0.0;0.0
8.3;157.0;1.2;0.0
5.0;157.6;0.3;0.0
0.0;157.6;0.0;0.0
0.0;157.6;0.0;0.0
0.0;157.6;0.0;0.0
0.0;157.6;0.0;0.0
0.0;157.6;0.0;0.0
0.0;157.6;0.0;0.0
0.8;157.6;1.7;0.0
0.0;157.6;0.0;0.0
0.0;157.6;0.0;0.0
0.0;157.6;0.0;0.0
0.0;157.6;0.4;0.0
0.0;157.6;0.0;0.0
0.0;157.6;0.0;0.0
0.8;157.8;1.4;0.0
7.5;160.8;0.3;4.0
8.3;192.1;670.4;0.0
8.3;192.7;398.7;0.0
8.3;192.7;344.6;0.0
8.3;192.7;353.8;0.0
8.3;192.7;373.8;0.0
8.3;224.4;298.1;0.0
8.3;224.4;0.2;68.0
8.3;224.4;0.6;192.0
8.3;224.4;0.4;128.0
8.3;194.1;0.3;56.0
8.3;194.1;0.0;0.0
1.7;0.0;0.0;0.0
0.0;0.0;0.0;0.0
