19.1;41.3;26.8;0.0
6.6;55.2;28.5;0.0
7.5;64.9;24.0;0.0
6.6;73.0;17.2;0.0
9.1;81.5;27.0;0.0
6.6;91.4;41.5;0.0
6.6;101.3;42.9;0.0
33.3;124.1;34.6;0.0
75.6;135.7;30.2;0.0
7.5;143.2;22.8;0.0
8.3;155.8;27.1;0.0
5.8;157.0;2.3;0.0
0.0;157.0;0.0;0.0
0.0;157.0;0.0;0.0
0.0;157.0;0.0;0.0
0.0;157.0;0.0;0.0
0.0;157.0;0.0;0.0
0.0;157.0;0.0;0.0
0.0;157.0;0.0;0.0
0.0;157.1;1.7;0.0
0.0;157.1;0.0;0.0
0.0;157.1;0.0;0.0
0.0;157.1;1.0;0.0
0.0;157.1;0.0;0.0
0.0;157.1;0.0;0.0
0.0;157.1;0.0;0.0
4.2;157.5;1.0;0.0
8.3;157.5;0.0;0.0
8.3;157.5;0.0;0.0
8.3;157.5;0.0;0.0
9.1;157.5;0.0;0.0
6.6;158.4;1.5;0.0
0.0;158.4;0.0;0.0
0.0;158.4;0.0;0.0
0.0;158.4;0.0;0.0
0.0;158.4;0.0;0.0
0.0;158.4;0.0;0.0
0.0;158.4;0.0;0.0
0.0;158.4;1.7;0.0
0.0;158.4;0.0;0.0
0.0;158.4;0.0;0.0
0.0;158.4;0.0;0.0
0.0;158.4;0.4;0.0
0.0;158.4;0.0;0.0
0.0;158.4;0.0;0.0
0.8;158.7;1.4;0.0
8.3;161.9;0.3;4.0
8.3;193.0;649.7;0.0
8.3;193.2;405.8;0.0
8.3;193.7;369.3;0.0
8.3;193.7;371.9;0.0
8.3;193.7;361.2;0.0
8.3;225.0;282.1;0.0
8.3;225.3;0.2;68.0
8.3;225.3;0.7;212.0
8.3;225.3;0.3;108.0
10.0;194.8;0.3;56.0
8.3;164.3;0.0;0.0
0.8;0.0;0.0;0.0
0.0;0.0;0.0;0.0
