6.6;55.4;33.8;0.0
8.3;70.2;29.2;0.0
6.6;78.1;23.8;0.0
8.3;87.5;25.8;0.0
5.8;98.9;48.5;0.0
7.5;109.8;46.6;0.0
54.1;135.6;45.7;0.0
56.5;145.2;15.0;0.0
6.6;160.3;44.7;0.0
8.3;162.9;2.0;0.0
2.5;164.1;2.3;0.0
0.0;164.1;0.0;0.0
0.0;164.1;0.0;0.0
0.0;164.1;0.0;0.0
0.0;164.1;0.0;0.0
0.0;164.1;0.0;0.0
0.0;164.1;0.0;0.0
0.8;164.4;1.8;0.0
0.0;164.4;0.0;0.0
0.0;164.4;0.0;0.0
0.0;164.4;0.0;0.0
0.0;164.4;0.4;0.0
0.0;164.4;0.0;0.0
0.0;164.4;0.0;0.0
0.0;164.4;0.0;0.0
6.6;164.8;1.4;0.0
8.3;164.8;0.0;0.0
8.3;164.8;0.0;0.0
8.3;164.8;0.0;0.0
8.3;164.8;0.0;0.0
5.8;167.6;1.5;0.0
0.0;167.6;0.0;0.0
0.0;167.6;0.0;0.0
0.0;167.6;0.0;0.0
0.0;167.6;0.0;0.0
0.0;167.6;0.0;0.0
0.0;167.6;0.0;0.0
0.0;167.6;1.7;0.0
0.0;167.6;0.0;0.0
0.0;167.6;0.0;0.0
0.0;167.6;0.0;0.0
0.0;167.6;1.0;0.0
0.0;167.6;0.0;0.0
0.0;167.6;0.0;0.0
0.0;167.6;0.0;0.0
6.6;168.6;1.1;4.0
8.3;200.2;379.4;0.0
8.3;200.7;572.8;0.0
8.3;200.7;353.7;0.0
8.3;200.7;349.4;0.0
7.5;200.7;354.2;0.0
8.3;217.6;382.9;0.0
8.3;232.4;1.6;0.0
8.3;232.4;0.7;228.0
9.2;232.4;0.5;160.0
8.3;202.2;0.3;44.0
8.3;202.2;0.0;0.0
4.1;0.0;0.0;0.0
0.0;0.0;0.0;0.0
0.0;0.0;0.0;0.0
