23.3;43.4;26.6;0.0
6.6;58.8;29.9;0.0
6.6;68.4;28.5;0.0
8.3;83.0;29.6;0.0
5.8;90.8;27.8;0.0
7.5;100.0;39.6;0.0
6.6;112.7;48.9;0.0
75.7;131.0;34.8;0.0
33.2;139.6;13.0;0.0
7.5;155.4;43.4;0.0
8.3;156.4;0.4;0.0
2.5;157.5;2.3;0.0
0.0;157.5;0.0;0.0
0.0;157.5;0.0;0.0
0.0;157.5;0.0;0.0
0.0;157.5;0.0;0.0
0.0;157.5;0.0;0.0
0.0;157.5;0.0;0.0
0.0;157.6;1.8;0.0
0.0;157.6;0.0;0.0
0.0;157.6;0.0;0.0
0.0;157.6;0.0;0.0
0.0;157.6;0.4;0.0
0.0;157.6;0.0;0.0
0.0;157.6;0.0;0.0
0.0;157.6;0.0;0.0
0.0;157.6;0.0;0.0
0.0;157.6;0.7;0.0
0.0;157.6;0.0;0.0
0.0;157.6;0.0;0.0
2.5;158.0;0.7;0.0
8.3;158.0;0.0;0.0
8.3;158.0;0.0;0.0
8.3;158.0;0.0;0.0
8.3;158.0;0.0;0.0
8.3;158.3;1.5;0.0
2.5;158.9;0.0;0.0
0.0;158.9;0.0;0.0
0.0;158.9;0.0;0.0
0.0;158.9;0.0;0.0
0.0;158.9;0.0;0.0
0.0;158.9;0.0;0.0
0.0;158.9;0.0;0.0
0.8;158.9;1.8;0.0
0.0;158.9;0.0;0.0
0.0;158.9;0.0;0.0
0.0;158.9;0.4;0.0
0.0;158.9;0.0;0.0
0.0;158.9;0.0;0.0
0.0;158.9;0.0;0.0
0.0;159.2;1.6;0.0
8.3;162.2;0.3;4.0
8.3;193.4;598.6;0.0
8.3;193.9;441.3;0.0
8.3;193.9;365.4;0.0
8.3;193.9;359.0;0.0
8.3;193.9;385.4;0.0
8.3;225.7;244.3;0.0
8.3;225.7;0.2;68.0
8.3;225.7;0.6;192.0
