27.4;47.4;29.7;0.0
7.5;63.0;32.0;0.0
6.6;69.8;21.9;0.0
8.3;83.0;27.0;0.0
5.8;91.3;35.8;0.0
6.7;101.1;43.6;0.0
9.2;118.6;35.1;0.0
99.0;135.7;41.2;0.0
9.2;142.0;15.8;0.0
8.3;156.4;34.1;0.0
7.5;157.8;2.3;0.0
0.0;157.8;0.0;0.0
0.0;157.8;0.0;0.0
0.0;157.8;0.0;0.0
0.0;157.8;0.0;0.0
0.0;157.8;0.0;0.0
0.0;157.8;0.0;0.0
0.0;157.8;0.0;0.0
0.0;157.9;1.7;0.0
0.0;157.9;0.0;0.0
0.0;157.9;0.0;0.0
0.0;157.9;0.4;0.0
0.0;157.9;0.0;0.0
0.0;157.9;0.0;0.0
0.0;157.9;0.0;0.0
2.5;158.3;1.4;0.0
8.3;158.3;0.0;0.0
8.3;158.3;0.0;0.0
8.3;158.3;0.0;0.0
8.3;158.3;0.0;0.0
8.3;158.5;1.5;0.0
3.3;159.2;0.0;0.0
0.0;159.2;0.0;0.0
0.0;159.2;0.0;0.0
0.0;159.2;0.0;0.0
0.0;159.2;0.0;0.0
0.0;159.2;0.0;0.0
0.0;159.2;0.0;0.0
0.8;159.2;1.7;0.0
0.0;159.2;0.0;0.0
0.0;159.2;0.0;0.0
0.0;159.2;0.4;0.0
0.0;159.2;0.0;0.0
0.0;159.2;0.0;0.0
0.0;159.2;0.0;0.0
3.3;159.5;1.3;0.0
7.5;191.6;101.4;4.0
8.3;192.1;737.5;0.0
8.3;192.1;353.0;0.0
8.3;192.4;354.5;0.0
8.3;192.4;356.5;0.0
8.3;192.4;387.9;0.0
8.3;223.7;149.5;0.0
8.3;224.0;0.4;132.0
8.3;224.0;0.6;192.0
8.3;224.0;0.2;64.0
8.3;193.6;0.3;56.0
6.6;0.0;0.0;0.0
0.0;0.0;0.0;0.0
0.0;0.0;0.0;0.0
