6.6;67.3;34.5;0.0
7.5;77.6;26.2;0.0
7.5;81.6;24.5;0.0
6.7;88.3;29.5;0.0
6.7;98.7;38.0;0.0
6.7;107.9;40.4;0.0
46.6;128.9;34.9;0.0
62.2;139.3;24.2;0.0
7.5;147.8;28.3;0.0
9.1;159.1;21.7;0.0
5.0;160.3;2.3;0.0
0.0;160.3;0.0;0.0
0.0;160.3;0.0;0.0
0.0;160.3;0.0;0.0
0.0;160.3;0.0;0.0
0.0;160.3;0.0;0.0
0.0;160.3;0.0;0.0
0.0;160.3;0.0;0.0
0.0;160.5;1.8;0.0
0.0;160.5;0.0;0.0
0.0;160.5;0.0;0.0
0.0;160.5;0.4;0.0
0.0;160.5;0.0;0.0
0.0;160.5;0.0;0.0
0.0;160.5;0.0;0.0
4.1;160.9;1.5;0.0
9.1;160.9;0.0;0.0
8.3;160.9;0.0;0.0
8.3;160.9;0.0;0.0
8.3;160.9;0.0;0.0
8.3;165.2;1.5;0.0
0.8;163.8;0.0;0.0
0.0;163.8;0.0;0.0
0.0;163.8;0.0;0.0
0.0;163.8;0.0;0.0
0.0;163.8;0.0;0.0
0.0;163.8;0.0;0.0
0.0;163.8;0.0;0.0
0.8;163.8;1.8;0.0
0.0;163.8;0.0;0.0
0.0;163.8;0.0;0.0
0.0;163.8;0.0;0.0
0.0;163.8;0.0;0.0
0.0;163.8;0.0;0.0
0.0;163.8;0.0;0.0
3.3;164.0;1.9;0.0
8.3;194.0;243.4;4.0
8.3;194.9;637.0;0.0
8.3;194.9;351.2;0.0
7.5;194.9;376.1;0.0
8.3;194.9;366.2;0.0
8.3;194.9;390.8;0.0
8.3;226.6;78.6;0.0
8.3;226.6;0.6;196.0
8.3;226.6;0.6;192.0
8.3;196.3;0.3;56.0
9.1;196.3;0.0;0.0
4.2;0.0;0.0;0.0
0.0;0.0;0.0;0.0
0.0;0.0;0.0;0.0
