8.3;54.6;31.0;0.0
6.6;69.1;31.3;0.0
6.6;71.3;26.6;0.0
7.5;84.8;26.8;0.0
6.6;92.4;30.6;0.0
6.6;101.8;39.8;0.0
6.6;113.7;45.1;0.0
79.9;134.7;40.1;0.0
29.9;141.9;11.0;0.0
7.5;156.8;40.0;0.0
9.2;157.4;0.4;0.0
2.5;158.5;2.3;0.0
0.0;158.5;0.0;0.0
0.0;158.5;0.0;0.0
0.0;158.5;0.0;0.0
0.0;158.5;0.0;0.0
0.0;158.5;0.0;0.0
0.0;158.5;0.0;0.0
0.0;158.6;1.7;0.0
0.0;158.6;0.0;0.0
0.0;158.6;0.0;0.0
0.0;158.6;0.0;0.0
0.0;158.6;0.4;0.0
0.0;158.6;0.0;0.0
0.0;158.6;0.0;0.0
0.0;158.6;0.8;0.0
8.3;159.0;0.6;0.0
8.3;159.0;0.0;0.0
8.3;159.0;0.0;0.0
8.3;159.0;0.0;0.0
8.3;159.3;1.2;0.0
5.0;159.9;0.3;0.0
0.0;159.9;0.0;0.0
0.0;159.9;0.0;0.0
0.0;159.9;0.0;0.0
0.0;159.9;0.0;0.0
0.0;159.9;0.0;0.0
0.0;159.9;0.0;0.0
0.0;159.9;1.7;0.0
0.0;159.9;0.0;0.0
0.0;159.9;0.0;0.0
0.0;159.9;0.0;0.0
0.0;159.9;1.0;0.0
0.0;159.9;0.0;0.0
0.0;159.9;0.0;0.0
0.8;160.2;0.7;0.0
8.3;163.6;0.3;4.0
8.3;194.6;699.9;0.0
9.1;195.0;356.0;0.0
8.3;195.0;348.0;0.0
8.3;195.0;370.1;0.0
8.3;195.3;379.5;0.0
8.3;226.6;286.5;0.0
8.3;226.9;0.2;68.0
8.3;226.9;0.8;256.0
8.3;226.9;0.2;64.0
8.3;196.5;0.3;56.0
8.3;165.9;0.0;0.0
0.8;0.0;0.0;0.0
0.0;0.0;0.0;0.0
