6.6;48.2;34.1;0.0
8.3;61.8;27.6;0.0
7.5;70.9;24.8;0.0
6.6;78.8;30.1;0.0
6.6;89.4;42.1;0.0
6.6;98.6;40.4;0.0
39.9;120.7;31.1;0.0
68.1;132.2;30.2;0.0
7.5;140.2;24.6;0.0
8.3;152.3;25.3;0.0
6.6;153.4;2.3;0.0
0.0;153.4;0.0;0.0
0.0;153.4;0.0;0.0
0.0;153.4;0.0;0.0
0.0;153.4;0.0;0.0
0.0;153.4;0.0;0.0
0.0;153.4;0.0;0.0
0.0;153.4;0.0;0.0
0.0;153.7;1.7;0.0
0.0;153.7;0.0;0.0
0.0;153.7;0.0;0.0
0.0;153.7;0.4;0.0
0.0;153.7;0.7;0.0
0.0;153.7;0.0;0.0
0.0;153.7;0.0;0.0
0.0;153.7;0.0;0.0
5.8;154.1;0.8;0.0
8.3;154.1;0.0;0.0
8.3;154.1;0.0;0.0
8.3;154.1;0.0;0.0
10.0;154.4;1.4;0.0
4.2;154.9;0.1;0.0
0.0;154.9;0.0;0.0
0.0;154.9;0.0;0.0
0.0;154.9;0.0;0.0
0.0;154.9;0.0;0.0
0.0;154.9;0.0;0.0
0.0;154.9;0.0;0.0
0.0;154.9;1.8;0.0
0.0;154.9;0.0;0.0
0.0;154.9;0.0;0.0
0.0;154.9;0.0;0.0
0.0;154.9;0.4;0.0
0.0;154.9;0.0;0.0
0.0;154.9;0.0;0.0
2.5;155.2;1.3;0.0
7.5;191.4;74.4;4.0
8.3;191.6;744.3;0.0
8.3;192.0;330.9;0.0
8.3;192.0;365.8;0.0
8.3;192.0;368.0;0.0
8.3;192.0;393.1;0.0
8.3;223.7;119.6;0.0
8.3;223.7;0.4;132.0
8.3;223.7;0.6;192.0
8.3;193.5;0.5;112.0
8.3;193.5;0.0;0.0
6.6;0.0;0.0;0.0
0.0;0.0;0.0;0.0
0.0;0.0;0.0;0.0
