24.1;47.7;32.1;0.0
7.5;63.5;32.4;0.0
6.6;65.7;22.7;0.0
8.3;77.2;26.9;0.0
5.8;85.4;34.3;0.0
6.6;94.2;40.6;0.0
7.5;104.9;37.3;0.0
94.0;127.5;41.6;0.0
15.8;133.9;12.6;0.0
7.5;148.3;37.3;0.0
8.3;149.6;2.0;0.0
0.0;149.6;0.3;0.0
0.0;149.6;0.0;0.0
0.0;149.6;0.0;0.0
0.0;149.6;0.0;0.0
0.0;149.6;0.0;0.0
0.0;149.6;0.0;0.0
0.0;149.6;0.0;0.0
0.8;149.8;1.8;0.0
0.0;149.8;0.0;0.0
0.0;149.8;0.0;0.0
0.0;149.8;0.0;0.0
0.0;149.8;0.4;0.0
0.0;149.8;0.0;0.0
0.0;149.8;0.0;0.0
0.8;150.1;1.4;0.0
8.3;150.1;0.0;0.0
8.3;150.1;0.0;0.0
8.3;150.1;0.0;0.0
8.3;150.1;0.0;0.0
8.3;150.4;1.5;0.0
2.5;151.1;0.0;0.0
0.0;151.1;0.0;0.0
0.0;151.1;0.0;0.0
0.0;151.1;0.0;0.0
0.0;151.1;0.0;0.0
0.0;151.1;0.0;0.0
0.0;151.1;0.0;0.0
0.0;151.1;1.8;0.0
0.0;151.1;0.0;0.0
0.0;151.1;0.0;0.0
0.0;151.1;0.4;0.0
0.0;151.1;0.0;0.0
0.0;151.1;0.0;0.0
0.0;151.1;0.0;0.0
0.0;151.1;0.0;0.0
5.0;151.3;1.4;0.0
7.5;185.6;282.7;4.0
8.3;186.2;610.3;0.0
8.3;186.2;363.8;0.0
8.3;186.2;353.8;0.0
8.3;186.2;366.2;0.0
8.3;186.2;393.4;0.0
8.3;217.9;71.9;0.0
9.1;217.9;0.6;196.0
8.3;217.9;0.6;192.0
8.3;187.6;0.3;52.0
8.3;187.6;0.0;0.0
5.8;0.0;0.0;0.0
0.0;0.0;0.0;0.0
