8.3;50.1;31.0;0.0
8.3;65.6;31.2;0.0
5.8;71.6;23.4;0.0
7.5;82.5;25.8;0.0
6.6;91.5;36.9;0.0
7.5;102.3;47.2;0.0
18.7;122.9;34.9;0.0
89.7;136.8;34.8;0.0
8.3;143.0;13.0;0.0
7.5;157.5;36.9;0.0
8.3;158.8;2.0;0.0
0.0;158.8;0.3;0.0
0.0;158.8;0.0;0.0
0.0;158.8;0.0;0.0
0.0;158.8;0.0;0.0
0.0;158.8;0.0;0.0
0.0;158.8;0.0;0.0
0.0;158.8;0.0;0.0
0.8;158.9;1.8;0.0
0.0;158.9;0.0;0.0
0.0;158.9;0.0;0.0
0.0;158.9;0.0;0.0
0.0;158.9;1.0;0.0
0.0;158.9;0.0;0.0
0.0;158.9;0.0;0.0
0.8;159.3;0.7;0.0
8.3;159.3;0.0;0.0
8.3;159.3;0.0;0.0
8.3;159.3;0.0;0.0
8.3;159.3;0.0;0.0
9.1;159.6;1.5;0.0
2.5;160.2;0.0;0.0
0.0;160.2;0.0;0.0
0.0;160.2;0.0;0.0
0.0;160.2;0.0;0.0
0.0;160.2;0.0;0.0
0.0;160.2;0.0;0.0
0.0;160.2;0.0;0.0
0.0;160.2;1.7;0.0
0.0;160.2;0.0;0.0
0.0;160.2;0.0;0.0
0.0;160.2;0.4;0.0
0.0;160.2;0.0;0.0
0.0;160.2;0.0;0.0
0.0;160.2;0.0;0.0
4.1;160.5;1.4;0.0
7.5;192.5;179.1;4.0
8.3;193.2;684.7;0.0
8.3;193.2;346.0;0.0
8.3;193.2;370.2;0.0
8.3;193.2;367.0;0.0
8.3;193.2;360.0;0.0
8.3;225.0;87.3;0.0
8.3;225.0;0.6;196.0
8.3;225.0;0.4;128.0
8.3;225.0;0.2;64.0
8.3;194.7;0.3;48.0
7.5;0.0;0.0;0.0
0.0;0.0;0.0;0.0
0.0;0.0;0.0;0.0
