17.4;45.5;34.1;0.0
7.5;60.2;29.1;0.0
6.6;66.6;22.1;0.0
8.3;77.5;24.4;0.0
7.5;84.6;29.6;0.0
6.6;92.7;33.2;0.0
6.6;103.4;42.9;0.0
60.7;124.7;39.0;0.0
49.9;133.1;12.6;0.0
7.5;145.9;40.9;0.0
8.3;151.3;7.4;0.0
2.5;152.4;2.3;0.0
0.0;152.4;0.0;0.0
0.0;152.4;0.0;0.0
0.0;152.4;0.0;0.0
0.0;152.4;0.0;0.0
0.0;152.4;0.0;0.0
0.0;152.4;0.0;0.0
0.0;152.5;1.7;0.0
0.0;152.5;0.0;0.0
0.0;152.5;0.0;0.0
0.0;152.5;0.0;0.0
0.0;152.5;0.4;0.0
0.0;152.5;0.0;0.0
0.0;152.5;0.0;0.0
0.0;152.5;0.0;0.0
0.0;152.5;0.0;0.0
7.5;152.9;1.3;0.0
9.2;152.9;0.0;0.0
7.5;152.9;0.0;0.0
8.3;152.9;0.0;0.0
8.3;153.2;0.8;0.0
6.6;153.8;0.7;0.0
0.0;153.8;0.0;0.0
0.0;153.8;0.0;0.0
0.0;153.8;0.0;0.0
0.0;153.8;0.0;0.0
0.0;153.8;0.0;0.0
0.0;153.8;0.0;0.0
0.0;153.8;1.7;0.0
0.0;153.8;0.0;0.0
0.0;153.8;0.0;0.0
0.0;153.8;0.0;0.0
0.0;153.8;0.4;0.0
0.0;153.8;0.0;0.0
0.0;153.8;0.0;0.0
0.0;153.8;0.0;0.0
5.8;154.7;2.0;4.0
8.3;186.3;450.2;0.0
8.3;186.8;521.1;0.0
8.3;186.8;353.6;0.0
8.3;186.8;357.1;0.0
8.3;186.8;380.3;0.0
8.3;218.5;334.1;0.0
8.3;218.5;0.0;0.0
8.3;218.5;0.8;260.0
8.3;218.5;0.4;132.0
8.3;188.2;0.3;52.0
8.3;188.3;0.0;0.0
5.0;0.0;0.0;0.0
