6.6;51.2;32.2;0.0
6.6;64.7;28.1;0.0
6.6;70.4;22.5;0.0
8.3;79.9;25.2;0.0
6.6;90.3;43.7;0.0
6.6;100.4;42.5;0.0
26.6;121.7;38.5;0.0
82.3;132.8;28.5;0.0
7.5;140.4;22.8;0.0
8.3;153.3;27.1;0.0
6.6;154.5;2.3;0.0
0.0;154.5;0.0;0.0
0.0;154.5;0.0;0.0
0.0;154.5;0.0;0.0
0.0;154.5;0.0;0.0
0.0;154.5;0.0;0.0
0.0;154.5;0.0;0.0
0.0;154.5;0.0;0.0
0.0;154.9;1.8;0.0
0.0;154.9;0.0;0.0
0.0;154.9;0.0;0.0
0.0;154.9;0.4;0.0
0.0;154.9;0.0;0.0
0.0;154.9;0.0;0.0
0.0;154.9;0.0;0.0
3.3;155.3;1.6;0.0
8.3;155.3;0.0;0.0
8.3;155.3;0.0;0.0
8.3;155.3;0.0;0.0
8.3;155.3;0.0;0.0
8.3;155.6;1.5;0.0
1.7;156.2;0.0;0.0
0.0;156.2;0.0;0.0
0.0;156.2;0.0;0.0
0.0;156.2;0.0;0.0
0.0;156.2;0.0;0.0
0.0;156.2;0.0;0.0
0.0;156.2;0.0;0.0
0.8;156.2;1.8;0.0
0.0;156.2;0.0;0.0
0.0;156.2;0.0;0.0
0.0;156.2;0.4;0.0
0.0;156.2;0.0;0.0
0.0;156.2;0.0;0.0
0.0;156.2;0.0;0.0
3.3;156.4;1.5;0.0
8.3;190.5;171.2;4.0
7.5;190.9;669.6;0.0
8.3;191.3;304.0;0.0
8.3;191.3;329.4;0.0
8.3;191.3;352.6;0.0
8.3;191.3;386.0;0.0
9.1;222.9;228.7;0.0
8.3;222.9;0.2;68.0
8.3;222.9;0.8;256.0
8.3;222.9;0.2;64.0
8.3;192.6;0.3;52.0
8.3;162.2;0.0;0.0
1.7;0.0;0.0;0.0
0.0;0.0;0.0;0.0
