14.9;45.0;28.4;0.0
8.3;61.1;35.5;0.0
5.8;71.0;25.1;0.0
8.3;82.0;25.8;0.0
5.8;91.3;39.7;0.0
8.3;102.0;45.2;0.0
21.6;120.0;34.1;0.0
85.7;134.2;34.8;0.0
8.3;140.5;13.0;0.0
7.5;155.3;36.9;0.0
6.7;156.4;2.3;0.0
0.0;156.4;0.0;0.0
0.0;156.4;0.0;0.0
0.0;156.4;0.0;0.0
0.0;156.4;0.0;0.0
0.0;156.4;0.0;0.0
0.0;156.4;0.0;0.0
0.0;156.4;0.0;0.0
0.0;156.7;1.7;0.0
0.0;156.7;0.0;0.0
0.0;156.7;0.0;0.0
0.0;156.7;0.4;0.0
0.0;156.7;0.0;0.0
0.0;156.7;0.0;0.0
0.0;156.7;0.0;0.0
2.5;157.1;1.5;0.0
8.3;157.1;0.0;0.0
8.3;157.1;0.0;0.0
8.3;157.1;0.0;0.0
8.3;157.1;0.0;0.0
8.3;157.4;1.5;0.0
1.7;158.0;0.0;0.0
0.0;158.0;0.0;0.0
0.0;158.0;0.0;0.0
0.0;158.0;0.0;0.0
0.0;158.0;0.0;0.0
0.0;158.0;0.0;0.0
0.8;158.0;1.9;0.0
0.0;158.0;0.0;0.0
0.0;158.0;0.0;0.0
0.0;158.0;0.0;0.0
0.0;158.0;0.4;0.0
0.0;158.0;0.0;0.0
0.0;158.0;0.0;0.0
0.0;158.0;0.0;0.0
5.0;158.6;1.7;4.0
8.3;192.7;385.4;0.0
8.3;193.1;553.1;0.0
8.3;193.1;360.3;0.0
8.3;193.1;357.3;0.0
8.3;193.1;372.8;0.0
8.3;222.0;364.7;0.0
8.3;224.8;1.6;0.0
8.3;224.8;0.8;260.0
8.3;224.8;0.4;128.0
8.3;194.6;0.3;64.0
8.3;194.6;0.0;0.0
5.0;0.0;0.0;0.0
0.0;0.0;0.0;0.0
0.0;0.0;0.0;0.0
