6.6;60.8;34.0;0.0
7.5;72.5;25.3;0.0
6.6;75.0;22.3;0.0
8.3;82.9;29.7;0.0
5.8;93.5;42.7;0.0
6.6;103.2;41.0;0.0
43.3;129.9;41.4;0.0
66.4;138.7;19.1;0.0
7.5;148.5;31.5;0.0
8.3;158.8;18.5;0.0
4.2;159.9;2.3;0.0
0.0;159.9;0.0;0.0
0.0;159.9;0.0;0.0
0.0;159.9;0.0;0.0
0.0;159.9;0.0;0.0
0.0;159.9;0.0;0.0
0.0;159.9;0.0;0.0
0.0;159.9;0.8;0.0
0.0;160.2;1.0;0.0
0.0;160.2;0.0;0.0
0.0;160.2;0.0;0.0
0.0;160.2;1.0;0.0
0.0;160.2;0.0;0.0
0.0;160.2;0.0;0.0
0.0;160.2;0.0;0.0
4.2;160.6;0.9;0.0
8.3;160.6;0.0;0.0
8.3;160.6;0.0;0.0
8.3;160.6;0.0;0.0
8.3;160.6;0.0;0.0
8.3;160.9;1.5;0.0
0.8;161.5;0.0;0.0
0.0;161.5;0.0;0.0
0.0;161.5;0.0;0.0
0.0;161.5;0.0;0.0
0.0;161.5;0.0;0.0
0.0;161.5;0.0;0.0
0.0;161.5;0.8;0.0
0.0;161.5;0.9;0.0
0.0;161.5;0.0;0.0
0.0;161.5;0.0;0.0
0.0;161.5;0.4;0.0
0.0;161.5;0.0;0.0
0.0;161.5;0.0;0.0
0.0;161.5;0.0;0.0
2.5;161.7;1.4;0.0
7.5;193.8;49.5;4.0
8.3;194.2;769.4;0.0
8.3;194.6;315.1;0.0
8.3;194.6;328.5;0.0
8.3;194.6;334.5;0.0
9.1;194.6;393.4;0.0
8.3;226.3;206.3;0.0
8.3;226.6;0.2;68.0
8.3;226.6;0.8;256.0
8.3;226.6;0.2;64.0
9.1;196.1;0.3;44.0
8.3;0.0;0.0;0.0
0.0;0.0;0.0;0.0
0.0;0.0;0.0;0.0
