11.6;50.4;31.4;0.0
7.5;65.8;30.8;0.0
6.6;75.9;23.1;0.0
7.5;85.9;25.0;0.0
5.8;95.1;38.9;0.0
7.5;105.8;45.6;0.0
20.8;126.8;37.7;0.0
88.2;138.0;31.6;0.0
8.3;144.1;9.8;0.0
8.3;159.1;40.1;0.0
8.3;159.2;0.0;0.0
0.8;160.2;2.3;0.0
0.0;160.2;0.0;0.0
0.0;160.2;0.0;0.0
0.0;160.2;0.0;0.0
0.0;160.2;0.0;0.0
0.0;160.2;0.0;0.0
0.0;160.2;0.0;0.0
0.8;160.3;1.7;0.0
0.0;160.3;0.0;0.0
0.0;160.3;0.0;0.0
0.0;160.3;0.0;0.0
0.0;160.3;0.4;0.0
0.0;160.3;0.0;0.0
0.0;160.3;0.0;0.0
0.8;160.6;1.3;0.0
8.3;160.7;0.0;0.0
8.3;160.7;0.0;0.0
8.3;160.7;0.0;0.0
8.3;160.7;0.0;0.0
8.3;161.0;0.0;0.0
5.0;163.6;1.5;0.0
0.0;163.6;0.0;0.0
0.0;163.6;0.0;0.0
0.0;163.6;0.0;0.0
0.0;163.6;0.0;0.0
0.0;163.6;0.0;0.0
0.0;163.6;0.0;0.0
0.0;163.6;1.8;0.0
0.0;163.6;0.0;0.0
0.0;163.6;0.0;0.0
0.0;163.6;0.0;0.0
0.0;163.6;0.4;0.0
0.0;163.6;0.0;0.0
0.0;163.6;0.0;0.0
0.0;163.9;1.3;0.0
8.3;164.9;0.3;4.0
8.3;196.2;656.4;0.0
8.3;196.6;398.5;0.0
8.3;196.6;358.4;0.0
8.3;196.6;321.4;0.0
8.3;196.6;323.0;0.0
7.5;224.1;378.9;0.0
8.3;228.4;1.6;0.0
8.3;228.6;0.8;260.0
8.3;228.6;0.4;128.0
8.3;198.2;0.3;52.0
8.3;198.2;0.0;0.0
5.0;0.0;0.0;0.0
0.0;0.0;0.0;0.0
