7.5;52.8;32.3;0.0
8.3;64.5;23.3;0.0
6.6;69.4;23.2;0.0
7.5;78.8;24.6;0.0
6.7;88.5;41.7;0.0
7.5;98.6;42.6;0.0
13.3;118.1;31.1;0.0
96.4;132.7;38.4;0.0
8.3;139.4;11.2;0.0
7.5;154.1;38.7;0.0
8.3;155.3;2.0;0.0
0.0;155.3;0.3;0.0
0.0;155.3;0.0;0.0
0.0;155.3;0.0;0.0
0.0;155.3;0.0;0.0
0.0;155.3;0.0;0.0
0.0;155.3;0.0;0.0
0.0;155.3;0.0;0.0
0.0;155.5;1.8;0.0
0.0;155.5;0.0;0.0
0.0;155.5;0.0;0.0
0.0;155.5;0.0;0.0
0.0;155.5;0.4;0.0
0.0;155.5;0.0;0.0
0.0;155.5;0.0;0.0
0.8;155.8;1.3;0.0
8.3;155.9;0.0;0.0
8.3;155.9;0.0;0.0
8.3;155.9;0.0;0.0
8.3;155.9;0.0;0.0
8.3;156.2;1.2;0.0
5.0;156.7;0.3;0.0
0.0;156.7;0.0;0.0
0.0;156.7;0.0;0.0
0.0;156.7;0.0;0.0
0.0;156.7;0.0;0.0
0.0;156.7;0.0;0.0
0.0;156.7;0.0;0.0
0.0;156.7;1.7;0.0
0.0;156.7;0.0;0.0
0.0;156.7;0.0;0.0
0.0;156.7;0.0;0.0
0.0;156.7;1.0;0.0
0.0;156.7;0.0;0.0
0.0;156.7;0.0;0.0
0.8;157.0;0.8;0.0
7.5;160.4;0.3;4.0
10.0;191.4;762.5;0.0
8.3;192.0;346.6;0.0
8.3;192.0;364.0;0.0
8.3;192.0;368.4;0.0
7.5;192.0;377.4;0.0
8.3;223.6;221.1;0.0
8.3;223.6;0.2;68.0
8.3;223.6;0.8;256.0
8.3;223.6;0.2;64.0
8.3;193.4;0.3;56.0
9.1;0.0;0.0;0.0
0.8;0.0;0.0;0.0
0.0;0.0;0.0;0.0
