24.9;40.4;26.3;0.0
5.8;56.3;30.6;0.0
6.6;63.8;28.5;0.0
8.3;77.7;27.6;0.0
7.5;84.5;27.0;0.0
6.6;95.6;43.4;0.0
6.6;108.1;47.9;0.0
78.2;126.7;37.6;0.0
32.4;135.8;10.6;0.0
6.6;151.0;42.9;0.0
8.3;151.6;0.4;0.0
2.5;152.8;2.3;0.0
0.0;152.8;0.0;0.0
0.0;152.8;0.0;0.0
0.0;152.8;0.0;0.0
0.0;152.8;0.0;0.0
0.0;152.8;0.0;0.0
0.0;152.8;0.0;0.0
0.0;152.9;1.7;0.0
0.0;152.9;0.0;0.0
0.0;152.9;0.0;0.0
0.0;152.9;0.0;0.0
0.0;152.9;0.4;0.0
0.0;152.9;0.0;0.0
0.0;152.9;0.0;0.0
0.0;152.9;0.0;0.0
0.0;152.9;0.0;0.0
0.0;152.9;0.0;0.0
0.0;152.9;0.0;0.0
0.0;152.9;0.0;0.0
3.3;153.3;1.3;0.0
8.3;153.3;0.0;0.0
8.3;153.3;0.0;0.0
8.3;153.3;0.0;0.0
8.3;153.3;0.0;0.0
8.3;153.6;1.5;0.0
0.0;154.3;0.0;0.0
0.0;154.3;0.0;0.0
0.0;154.3;0.0;0.0
0.0;154.3;0.0;0.0
0.0;154.3;0.0;0.0
0.0;154.3;0.0;0.0
0.0;154.3;0.2;0.0
0.0;154.3;1.6;0.0
0.0;154.3;0.0;0.0
0.0;154.3;0.0;0.0
0.0;154.3;1.1;0.0
0.0;154.3;0.0;0.0
0.0;154.3;0.0;0.0
0.0;154.3;0.0;0.0
5.0;154.5;0.8;0.0
7.5;188.7;282.1;4.0
8.3;189.2;583.5;0.0
8.3;189.2;315.6;0.0
8.3;189.2;349.6;0.0
8.3;189.2;369.5;0.0
8.3;189.6;382.8;0.0
8.3;220.8;154.8;0.0
8.3;221.1;0.2;68.0
8.3;221.1;0.8;256.0
