5.8;60.5;29.1;0.0
8.3;73.3;26.4;0.0
5.8;74.2;20.1;0.0
9.1;87.3;26.6;0.0
6.6;94.5;29.8;0.0
7.5;103.1;36.0;0.0
6.6;113.5;40.9;0.0
41.6;136.8;18.4;0.0
67.4;148.0;31.6;0.0
8.3;154.5;9.8;0.0
9.2;169.1;40.1;0.0
8.3;169.7;0.0;0.0
0.8;170.6;2.3;0.0
0.0;170.6;0.0;0.0
0.0;170.6;0.0;0.0
0.0;170.6;0.0;0.0
0.0;170.6;0.0;0.0
0.0;170.6;0.0;0.0
0.0;170.6;0.0;0.0
0.0;170.8;1.7;0.0
0.0;170.8;0.0;0.0
0.0;170.8;0.0;0.0
0.0;170.8;0.0;0.0
0.0;170.8;0.4;0.0
0.0;170.8;0.0;0.0
0.0;170.8;0.0;0.0
0.0;170.8;0.0;0.0
2.5;171.2;1.5;0.0
8.3;171.2;0.0;0.0
8.3;171.2;0.0;0.0
8.3;171.2;0.0;0.0
8.3;171.2;0.0;0.0
8.3;173.4;1.5;0.0
2.5;174.0;0.0;0.0
0.0;174.0;0.0;0.0
0.0;174.0;0.0;0.0
0.0;174.0;0.0;0.0
0.0;174.0;0.0;0.0
0.0;174.0;0.0;0.0
0.0;174.0;0.0;0.0
1.7;174.0;1.8;0.0
0.0;174.0;0.0;0.0
0.0;174.0;0.0;0.0
0.0;174.0;1.1;0.0
0.0;174.0;0.0;0.0
0.0;174.0;0.0;0.0
0.0;174.0;0.0;0.0
2.5;174.3;0.7;0.0
7.5;204.5;23.4;4.0
8.3;204.7;769.3;0.0
8.3;205.1;312.6;0.0
8.3;205.1;349.1;0.0
9.2;205.1;326.2;0.0
8.3;205.1;330.5;0.0
8.3;236.9;285.0;0.0
8.3;236.9;0.2;68.0
8.3;236.9;0.8;256.0
8.3;236.9;0.2;64.0
8.3;206.6;0.3;64.0
8.3;206.6;0.0;0.0
