6.6;48.3;32.2;0.0
7.5;62.2;28.1;0.0
5.8;69.4;22.3;0.0
8.3;80.4;25.8;0.0
5.8;89.4;36.3;0.0
7.5;99.6;44.6;0.0
10.0;115.4;32.0;0.0
98.9;132.4;40.9;0.0
9.1;138.9;13.0;0.0
6.6;153.3;36.9;0.0
9.2;154.6;2.2;0.0
0.0;154.6;0.1;0.0
0.0;154.6;0.0;0.0
0.0;154.6;0.0;0.0
0.0;154.6;0.0;0.0
0.0;154.6;0.0;0.0
0.0;154.6;0.0;0.0
0.0;154.6;0.0;0.0
0.0;154.8;1.7;0.0
0.0;154.8;0.0;0.0
0.0;154.8;0.0;0.0
0.0;154.8;0.0;0.0
0.0;154.8;0.4;0.0
0.0;154.8;0.0;0.0
0.0;154.8;0.0;0.0
0.0;154.8;0.2;0.0
7.5;155.1;1.4;0.0
8.3;155.1;0.0;0.0
8.3;155.1;0.0;0.0
8.3;155.1;0.0;0.0
8.3;155.1;0.0;0.0
5.8;156.0;1.5;0.0
0.0;156.0;0.0;0.0
0.0;156.0;0.0;0.0
0.0;156.0;0.0;0.0
0.0;156.0;0.0;0.0
0.0;156.0;0.0;0.0
0.0;156.0;0.0;0.0
0.8;156.0;1.8;0.0
0.0;156.0;0.0;0.0
0.0;156.0;0.0;0.0
0.0;156.0;0.0;0.0
0.0;156.0;0.4;0.0
0.0;156.0;0.0;0.0
0.0;156.0;0.0;0.0
0.0;156.0;0.0;0.0
7.5;159.2;1.7;4.0
8.3;190.6;595.4;0.0
8.3;191.0;424.8;0.0
8.3;191.0;359.1;0.0
8.3;191.0;353.4;0.0
8.3;191.0;326.0;0.0
8.3;191.0;286.6;0.0
8.3;222.8;47.5;0.0
8.3;222.8;0.4;132.0
8.3;222.8;0.6;192.0
8.3;222.8;0.2;64.0
8.3;192.5;0.3;44.0
8.3;192.5;0.0;0.0
5.8;0.0;0.0;0.0
