6.6;40.8;14.2;0.0
6.6;50.6;15.2;0.0
8.3;59.2;18.3;0.0
8.3;65.0;11.5;0.0
7.5;70.8;16.1;0.0
7.5;69.2;10.4;0.0
9.1;74.8;6.3;0.0
7.5;80.5;16.1;0.0
8.3;83.0;5.7;0.0
7.5;85.8;17.7;0.0
7.5;92.5;20.6;0.0
8.3;97.2;21.0;0.0
7.5;103.3;26.2;0.0
8.3;108.8;18.9;0.0
8.3;111.1;9.2;0.0
80.6;126.2;10.5;0.0
26.6;130.6;15.4;0.0
8.3;137.9;15.8;0.0
8.3;139.8;0.6;0.0
8.3;144.1;9.2;0.0
7.5;152.8;30.9;0.0
3.3;157.6;10.5;0.0
0.0;157.6;0.0;0.0
0.0;157.6;1.8;0.0
0.0;157.6;0.0;0.0
0.0;157.7;4.0;0.0
0.8;157.7;2.3;0.0
0.0;157.7;0.3;0.0
0.0;157.7;2.4;0.0
0.0;157.7;5.3;0.0
0.0;157.7;4.5;0.0
0.0;157.7;0.4;0.0
0.0;158.0;7.0;0.0
0.0;158.0;1.7;0.0
0.8;158.0;4.6;0.0
0.0;158.0;3.1;0.0
0.0;158.0;3.0;0.0
0.0;158.3;3.0;0.0
0.0;158.3;3.2;0.0
5.0;160.4;1.1;0.0
8.3;161.2;0.4;0.0
8.3;161.4;0.0;0.0
8.3;161.9;0.0;0.0
8.3;161.9;0.0;0.0
8.3;161.9;0.0;0.0
8.3;161.9;0.0;0.0
8.9;161.9;0.0;0.0
8.3;161.9;0.0;0.0
8.3;161.9;0.0;0.0
8.3;161.9;0.0;0.0
8.3;161.9;0.0;0.0
8.3;162.4;0.0;0.0
8.3;162.4;0.0;0.0
8.3;162.4;0.0;0.0
8.3;162.4;0.0;0.0
8.3;162.4;0.0;0.0
8.3;162.4;0.0;0.0
8.3;162.4;0.0;0.0
8.3;162.4;0.0;0.0
8.3;162.4;0.0;0.0
