8.3;33.5;14.2;0.0
6.6;43.6;15.8;0.0
8.3;52.9;21.9;0.0
8.3;61.1;17.6;0.0
6.6;61.4;16.8;0.0
8.3;67.9;8.5;0.0
8.3;74.3;18.1;0.0
8.3;76.7;4.6;0.0
7.5;79.6;19.0;0.0
7.5;87.1;25.0;0.0
7.5;91.2;17.8;0.0
8.3;98.1;29.5;0.0
7.5;104.8;22.8;0.0
86.5;113.4;6.8;0.0
28.2;123.3;30.8;0.0
8.3;128.9;4.2;0.0
7.5;133.8;15.4;0.0
8.3;144.5;29.1;0.0
1.7;147.4;6.6;0.0
0.0;147.4;0.0;0.0
0.0;147.4;0.0;0.0
0.0;147.4;0.0;0.0
0.0;147.4;0.0;0.0
0.0;147.4;0.0;0.0
0.0;147.4;0.0;0.0
0.0;147.4;0.0;0.0
0.0;147.4;0.0;0.0
0.0;147.4;0.0;0.0
0.0;147.4;0.0;0.0
0.0;147.4;0.0;0.0
0.8;147.4;1.8;0.0
0.0;147.5;1.2;0.0
0.0;147.5;0.5;0.0
0.0;147.5;3.1;0.0
0.0;147.5;0.0;0.0
0.0;147.5;0.1;0.0
0.0;147.5;6.5;0.0
0.0;147.5;1.2;0.0
0.0;147.5;2.4;0.0
0.0;147.5;0.0;0.0
0.0;147.5;5.7;0.0
0.0;147.5;0.0;0.0
0.0;147.7;5.9;0.0
0.8;147.7;2.5;0.0
0.0;147.7;2.5;0.0
0.0;147.7;3.4;0.0
0.0;147.7;2.4;0.0
0.0;148.0;2.9;0.0
0.0;148.0;3.8;0.0
5.0;150.8;1.6;0.0
8.3;151.1;0.0;0.0
8.3;151.6;0.0;0.0
8.3;151.6;0.0;0.0
8.3;151.8;0.0;0.0
8.3;151.8;0.0;0.0
8.3;151.8;0.0;0.0
8.3;151.8;0.0;0.0
8.3;151.8;0.0;0.0
8.3;151.8;0.0;0.0
8.3;151.8;0.0;0.0
