8.3;52.6;24.0;0.0
7.5;60.0;10.4;0.0
8.3;64.7;14.2;0.0
7.5;70.3;17.1;0.0
9.2;77.9;8.3;0.0
7.5;84.6;20.2;0.0
8.3;91.9;31.1;0.0
7.5;97.7;24.6;0.0
7.5;102.5;23.2;0.0
7.5;107.5;19.4;0.0
23.6;118.7;21.0;0.0
83.9;126.1;20.1;0.0
11.6;133.8;15.8;0.0
7.5;137.4;5.6;0.0
8.3;141.8;17.2;0.0
6.6;153.2;28.5;0.0
0.0;153.2;0.0;0.0
0.0;153.2;1.8;0.0
0.0;153.5;4.1;0.0
0.0;153.5;2.1;0.0
0.0;153.5;1.2;0.0
0.0;153.5;0.0;0.0
0.8;153.5;6.4;0.0
0.0;153.5;7.5;0.0
0.0;153.5;0.8;0.0
0.0;153.5;1.7;0.0
0.0;153.7;6.6;0.0
0.0;153.7;1.6;0.0
0.0;153.7;0.0;0.0
0.0;153.7;3.2;0.0
0.0;153.7;5.3;0.0
0.0;154.0;1.7;0.0
0.8;154.0;1.4;0.0
0.0;154.0;2.3;0.0
0.0;154.0;2.1;0.0
7.5;157.2;0.7;0.0
8.3;157.4;0.0;0.0
8.3;157.9;0.0;0.0
8.3;157.9;0.0;0.0
8.3;157.9;0.0;0.0
8.3;158.1;0.0;0.0
8.3;158.1;0.0;0.0
8.3;158.1;0.0;0.0
8.3;158.1;0.0;0.0
8.3;158.1;0.0;0.0
8.3;158.1;0.0;0.0
8.3;158.1;0.0;0.0
8.3;158.5;0.0;0.0
8.3;158.5;0.0;0.0
8.3;158.5;0.0;0.0
8.3;158.5;0.0;0.0
8.3;158.5;0.0;0.0
8.3;158.5;0.0;0.0
8.3;158.5;0.0;0.0
8.3;158.5;0.0;0.0
8.3;158.5;0.0;0.0
8.3;158.5;0.0;0.0
5.0;159.1;0.4;0.0
0.0;159.2;0.0;0.0
0.0;159.2;4.9;0.0
