7.5;45.3;7.8;0.0
6.6;48.1;7.0;0.0
8.3;56.6;10.6;0.0
8.3;61.9;15.1;0.0
8.3;68.9;10.2;0.0
7.5;74.5;14.1;0.0
7.5;73.3;11.1;0.0
7.5;78.7;9.5;0.0
7.5;83.7;7.0;0.0
8.3;88.8;17.4;0.0
8.3;90.9;5.1;0.0
8.3;94.2;18.5;0.0
6.6;99.6;15.4;0.0
9.1;101.0;8.4;0.0
7.5;104.0;12.2;0.0
8.3;106.1;10.4;0.0
7.5;110.8;19.0;0.0
8.3;115.8;17.1;0.0
22.5;128.1;10.6;0.0
84.7;135.9;10.2;0.0
8.3;146.3;30.2;0.0
8.3;147.6;0.0;0.0
7.5;152.2;9.6;0.0
8.3;155.9;16.9;0.0
7.5;166.5;24.8;0.0
0.0;166.5;0.0;0.0
0.0;166.5;0.0;0.0
0.0;166.5;1.9;0.0
0.0;166.7;1.5;0.0
0.0;166.7;3.1;0.0
0.0;166.7;0.9;0.0
0.0;166.7;0.0;0.0
0.0;166.7;5.7;0.0
0.0;166.7;3.6;0.0
0.0;166.7;1.9;0.0
0.0;166.7;0.0;0.0
0.8;166.9;6.7;0.0
0.0;166.9;3.0;0.0
0.0;166.9;0.5;0.0
0.0;166.9;3.6;0.0
0.0;166.9;6.1;0.0
0.0;167.2;3.2;0.0
0.0;167.2;4.0;0.0
1.7;168.8;2.9;0.0
8.3;170.4;0.4;0.0
8.3;170.4;0.0;0.0
8.3;170.4;0.0;0.0
8.3;170.9;0.0;0.0
8.3;170.9;0.0;0.0
8.3;170.9;0.0;0.0
8.3;170.9;0.0;0.0
6.6;171.2;0.0;0.0
8.3;171.2;0.0;0.0
8.3;171.4;0.0;0.0
8.3;171.4;0.0;0.0
8.3;171.4;0.0;0.0
8.3;171.4;0.0;0.0
8.3;171.4;0.0;0.0
8.3;171.4;0.0;0.0
8.3;171.4;0.0;0.0
