7.5;46.2;17.2;0.0
8.3;55.0;20.7;0.0
7.5;63.5;18.2;0.0
7.5;68.8;19.2;0.0
8.3;77.2;10.0;0.0
7.5;83.2;18.2;0.0
8.3;89.6;26.4;0.0
8.3;96.4;29.2;0.0
7.5;103.5;30.8;0.0
8.3;111.3;27.7;0.0
70.4;120.8;11.4;0.0
34.8;126.2;19.2;0.0
8.3;131.7;11.0;0.0
8.3;133.3;0.2;0.0
9.2;137.5;9.4;0.0
7.5;143.0;24.3;0.0
4.2;151.5;17.3;0.0
0.0;151.5;0.0;0.0
0.0;151.5;0.0;0.0
0.0;151.5;1.8;0.0
0.0;151.5;0.0;0.0
0.0;151.5;0.0;0.0
0.8;151.9;8.8;0.0
0.0;151.9;4.2;0.0
0.0;151.9;5.9;0.0
0.0;152.1;11.6;0.0
0.0;154.6;12.2;0.0
9.1;155.7;0.4;0.0
8.3;155.7;0.0;0.0
8.3;156.3;0.0;0.0
8.3;156.3;0.0;0.0
8.3;156.3;0.0;0.0
8.3;156.3;0.0;0.0
8.3;156.4;0.0;0.0
8.2;156.4;0.0;0.0
8.3;156.4;0.0;0.0
8.3;156.4;0.0;0.0
8.3;156.4;0.0;0.0
8.3;156.4;0.0;0.0
8.3;156.4;0.0;0.0
8.3;156.4;0.0;0.0
8.3;156.5;0.0;0.0
8.3;156.5;0.0;0.0
8.3;156.5;0.0;0.0
8.3;156.5;0.0;0.0
8.3;156.7;0.0;0.0
8.3;156.7;0.0;0.0
8.3;156.7;0.0;0.0
8.3;156.7;0.0;0.0
8.3;156.7;0.0;0.0
6.6;157.3;0.4;0.0
0.0;157.3;0.0;0.0
0.0;157.3;0.0;0.0
0.0;157.3;1.8;0.0
0.0;157.3;0.0;0.0
0.0;157.3;0.0;0.0
0.0;157.3;0.0;0.0
0.8;157.3;3.9;0.0
0.0;157.3;0.3;0.0
0.0;157.3;4.1;0.0
