7.5;55.6;25.7;0.0
8.3;63.6;15.8;0.0
6.6;69.2;15.7;0.0
8.3;68.9;9.2;0.0
7.5;73.9;5.1;0.0
8.3;81.3;20.1;0.0
7.5;83.8;4.9;0.0
8.3;86.1;15.7;0.0
7.5;92.4;19.0;0.0
7.5;97.2;21.6;0.0
8.3;104.2;30.7;0.0
7.5;111.3;25.2;0.0
81.9;123.0;18.2;0.0
34.9;128.4;19.6;0.0
8.3;133.1;3.8;0.0
8.3;138.0;9.8;0.0
7.5;146.3;30.7;0.0
4.2;151.7;10.8;0.0
0.0;151.7;0.0;0.0
0.0;151.7;1.8;0.0
0.0;151.7;0.0;0.0
0.0;152.1;3.4;0.0
0.0;152.1;1.8;0.0
0.0;152.1;3.0;0.0
0.0;152.1;1.2;0.0
0.8;152.1;3.5;0.0
0.0;152.1;3.0;0.0
0.0;152.1;2.5;0.0
0.0;152.3;3.3;0.0
0.0;152.3;1.6;0.0
0.0;152.3;0.0;0.0
0.8;152.3;6.8;0.0
0.0;152.3;2.0;0.0
0.0;152.3;2.7;0.0
0.0;152.3;1.7;0.0
0.0;152.6;3.0;0.0
0.0;152.6;3.4;0.0
0.0;152.6;0.0;0.0
0.0;152.6;2.2;0.0
5.8;155.9;1.2;0.0
8.3;156.0;0.0;0.0
8.3;156.5;0.0;0.0
8.3;156.5;0.0;0.0
8.3;156.5;0.0;0.0
8.3;156.7;0.0;0.0
8.3;156.9;0.0;0.0
8.3;156.9;0.0;0.0
8.3;156.9;0.0;0.0
8.3;157.1;0.0;0.0
8.3;157.1;0.0;0.0
8.3;157.1;0.0;0.0
8.3;157.1;0.0;0.0
8.3;157.1;0.0;0.0
8.3;157.1;0.0;0.0
8.3;157.1;0.0;0.0
8.3;157.1;0.0;0.0
8.3;157.1;0.0;0.0
9.1;157.1;0.0;0.0
8.3;157.1;0.0;0.0
8.3;157.1;0.0;0.0
