6.6;43.8;13.5;0.0
8.3;53.5;16.1;0.0
7.5;63.2;18.4;0.0
8.3;70.8;17.8;0.0
8.3;67.4;13.0;0.0
7.5;71.3;5.9;0.0
8.3;73.8;2.6;0.0
8.3;75.3;1.6;0.0
8.3;76.9;2.9;0.0
9.1;77.9;1.6;0.0
8.3;78.6;3.5;0.0
7.5;79.3;6.1;0.0
8.3;80.5;3.4;0.0
8.3;81.6;2.2;0.0
8.3;81.9;0.4;0.0
8.3;82.7;1.0;0.0
8.2;83.3;1.9;0.0
8.3;84.4;6.4;0.0
7.5;87.3;14.7;0.0
7.5;91.7;13.4;0.0
7.5;93.2;7.6;0.0
8.3;94.7;6.6;0.0
7.5;95.7;4.8;0.0
9.1;97.0;4.2;0.0
7.5;98.1;5.6;0.0
8.3;100.5;12.6;0.0
8.3;104.0;12.5;0.0
8.3;108.8;15.8;0.0
12.5;120.4;8.4;0.0
93.9;129.1;11.4;0.0
11.6;136.5;26.0;0.0
8.3;140.1;3.8;0.0
8.3;142.9;3.0;0.0
8.3;146.0;10.0;0.0
7.5;152.9;24.1;0.0
6.6;159.4;14.1;0.0
0.0;159.4;0.1;0.0
0.0;159.4;0.0;0.0
0.0;159.4;0.0;0.0
0.8;159.4;1.8;0.0
0.0;159.4;3.0;0.0
0.0;159.5;1.3;0.0
0.0;159.5;0.7;0.0
0.0;159.5;0.0;0.0
0.0;159.5;4.4;0.0
0.0;159.5;2.9;0.0
0.0;159.5;2.1;0.0
0.0;159.5;0.0;0.0
0.0;159.5;0.4;0.0
0.8;159.5;3.8;0.0
0.0;159.5;0.0;0.0
0.0;159.5;1.3;0.0
0.0;159.5;3.1;0.0
0.0;159.5;0.4;0.0
0.0;159.5;1.4;0.0
0.0;159.8;1.5;0.0
0.0;159.8;1.5;0.0
0.0;159.8;1.5;0.0
0.0;159.8;1.4;0.0
0.0;159.8;0.5;0.0
