7.5;40.4;12.7;0.0
8.3;50.7;19.0;0.0
7.5;58.3;13.2;0.0
8.3;66.0;18.2;0.0
6.6;72.3;17.2;0.0
8.3;80.1;17.0;0.0
8.3;85.3;15.5;0.0
6.6;93.8;34.3;0.0
8.3;99.8;25.1;0.0
8.3;105.6;27.7;0.0
7.5;111.9;19.7;0.0
51.6;125.5;11.4;0.0
58.1;130.8;19.2;0.0
8.3;137.5;11.0;0.0
8.3;141.6;7.1;0.0
7.5;146.6;21.4;0.0
5.8;156.4;22.8;0.0
0.0;156.4;0.0;0.0
0.0;156.4;0.0;0.0
0.0;156.4;1.8;0.0
0.0;156.7;2.5;0.0
0.0;156.7;4.8;0.0
0.8;156.7;6.1;0.0
0.0;157.0;13.3;0.0
0.8;157.2;12.6;0.0
3.3;160.1;0.8;0.0
8.3;160.7;0.4;0.0
8.3;161.2;0.0;0.0
8.3;161.2;0.0;0.0
8.3;161.2;0.0;0.0
8.3;161.4;0.0;0.0
8.3;161.4;0.0;0.0
8.3;161.4;0.0;0.0
8.3;161.6;0.0;0.0
8.3;161.6;0.0;0.0
8.3;161.8;0.0;0.0
8.3;161.8;0.0;0.0
8.3;161.8;0.0;0.0
8.3;161.8;0.0;0.0
9.1;161.8;0.0;0.0
8.3;161.8;0.0;0.0
8.3;161.8;0.0;0.0
8.3;161.8;0.0;0.0
8.3;161.8;0.0;0.0
8.3;161.8;0.0;0.0
7.5;161.8;0.0;0.0
9.1;161.8;0.0;0.0
8.3;161.8;0.0;0.0
5.8;162.4;0.4;0.0
0.0;162.4;0.0;0.0
0.8;162.4;1.8;0.0
0.0;162.4;0.5;0.0
0.0;162.4;1.4;0.0
0.0;162.4;3.0;0.0
0.0;162.4;2.1;0.0
0.0;162.4;1.2;0.0
3.3;162.5;1.9;0.0
8.3;162.5;0.0;0.0
8.3;162.5;0.0;0.0
8.3;162.5;0.0;0.0
