7.5;34.9;16.4;0.0
7.5;45.8;18.9;0.0
7.5;55.4;18.4;0.0
8.3;62.7;16.5;0.0
7.5;66.0;17.9;0.0
8.3;75.4;12.8;0.0
8.3;79.7;14.8;0.0
7.5;83.7;21.0;0.0
7.5;90.2;23.0;0.0
8.3;95.1;20.0;0.0
7.5;101.1;27.3;0.0
7.5;107.7;22.8;0.0
77.4;119.7;11.6;0.0
34.9;128.3;27.9;0.0
8.3;133.1;3.3;0.0
8.3;137.9;19.2;0.0
6.6;150.4;30.9;0.0
0.0;150.4;0.0;0.0
0.0;150.4;0.0;0.0
0.0;150.4;1.9;0.0
0.0;150.7;1.1;0.0
0.8;150.7;1.9;0.0
0.0;150.7;5.0;0.0
0.0;150.7;4.1;0.0
0.0;150.7;0.0;0.0
0.0;150.7;5.5;0.0
0.8;151.0;6.4;0.0
0.0;151.0;7.9;0.0
0.0;151.2;9.4;0.0
6.6;154.5;0.9;0.0
8.3;154.7;0.0;0.0
8.3;155.2;0.0;0.0
8.3;155.2;0.0;0.0
8.3;155.2;0.0;0.0
9.1;155.2;0.0;0.0
8.3;155.2;0.0;0.0
8.3;155.2;0.0;0.0
8.3;155.2;0.0;0.0
8.3;155.2;0.0;0.0
8.3;155.2;0.0;0.0
8.3;155.7;0.0;0.0
8.3;155.7;0.0;0.0
8.3;155.7;0.0;0.0
8.3;155.7;0.0;0.0
8.3;155.7;0.0;0.0
8.3;155.7;0.0;0.0
8.3;155.7;0.0;0.0
8.3;155.7;0.0;0.0
8.3;155.7;0.0;0.0
8.3;155.7;0.0;0.0
9.1;155.7;0.0;0.0
8.3;155.7;0.0;0.0
8.3;156.3;0.0;0.0
2.5;156.3;0.4;0.0
0.0;156.3;0.0;0.0
0.0;156.3;0.0;0.0
0.0;156.3;1.8;0.0
0.0;156.3;1.8;0.0
0.0;156.3;1.9;0.0
0.0;156.3;0.0;0.0
