5.0;43.5;29.3;0.0
7.5;58.4;31.2;0.0
7.5;67.4;23.1;0.0
7.5;78.9;26.3;0.0
6.6;87.8;35.9;0.0
6.6;96.8;42.8;0.0
7.5;107.0;34.9;0.0
93.2;132.2;32.4;0.0
16.6;143.3;18.8;0.0
8.3;158.4;40.2;0.0
5.0;159.8;2.3;0.0
0.0;159.8;0.0;0.0
0.0;159.8;0.0;0.0
0.0;159.8;0.0;0.0
0.0;159.8;0.0;0.0
0.0;159.8;0.0;0.0
0.0;159.8;0.0;0.0
0.0;159.8;0.0;0.0
0.0;160.1;1.7;0.0
0.0;160.1;0.0;0.0
0.0;160.1;0.0;0.0
0.8;160.2;0.8;0.0
8.3;160.2;0.0;0.0
8.3;160.4;0.0;0.0
8.3;160.4;0.0;0.0
8.3;160.4;0.0;0.0
8.3;160.4;0.0;0.0
8.3;160.4;0.0;0.0
8.3;160.4;0.0;0.0
8.3;161.1;1.4;0.0
0.0;161.1;0.0;0.0
0.0;161.1;0.0;0.0
0.0;161.1;0.0;0.0
0.0;161.1;0.0;0.0
0.0;161.1;0.0;0.0
0.0;161.1;0.0;0.0
0.0;161.1;1.7;0.0
0.0;161.1;0.0;0.0
0.0;161.1;0.0;0.0
0.0;161.1;0.0;0.0
0.0;161.1;0.4;0.0
5.0;164.0;0.7;4.0
9.1;196.2;236.5;0.0
8.3;196.4;847.7;0.0
8.3;196.8;620.1;0.0
8.3;196.8;340.4;0.0
8.3;196.8;318.8;0.0
8.3;196.8;338.0;0.0
8.3;196.8;239.5;0.0
8.3;196.8;350.1;0.0
8.3;196.8;317.9;0.0
8.3;196.8;350.7;0.0
8.3;196.8;372.2;0.0
8.3;196.8;385.9;0.0
8.3;228.4;156.2;0.0
8.3;228.4;0.4;132.0
8.3;228.4;0.6;192.0
8.3;228.4;0.4;128.0
8.3;198.1;0.3;56.0
8.3;0.0;0.0;0.0
