5.8;52.8;31.8;0.0
8.3;68.0;30.0;0.0
7.5;69.1;23.3;0.0
7.5;79.3;25.0;0.0
5.8;89.0;41.7;0.0
7.5;99.5;44.4;0.0
23.3;121.4;34.8;0.0
86.5;133.6;32.9;0.0
7.5;140.1;19.0;0.0
8.3;154.0;30.8;0.0
2.5;155.4;2.3;0.0
0.0;155.4;0.0;0.0
0.0;155.4;0.0;0.0
0.0;155.4;0.0;0.0
0.0;155.4;0.0;0.0
0.0;155.4;0.0;0.0
0.0;155.4;0.0;0.0
0.8;155.6;1.7;0.0
0.0;155.6;0.0;0.0
0.0;155.6;0.0;0.0
0.0;155.6;0.0;0.0
2.5;155.8;0.9;0.0
8.3;155.8;0.0;0.0
8.3;156.0;0.0;0.0
8.3;156.0;0.0;0.0
8.3;156.0;0.0;0.0
9.1;156.0;0.0;0.0
8.3;156.0;0.0;0.0
9.1;156.2;1.4;0.0
1.7;156.6;0.0;0.0
0.0;156.6;0.0;0.0
0.0;156.6;0.0;0.0
0.0;156.6;0.0;0.0
0.0;156.6;0.0;0.0
0.0;156.6;0.0;0.0
0.0;156.6;0.0;0.0
0.0;156.6;1.7;0.0
0.0;156.6;0.0;0.0
0.0;156.6;0.0;0.0
1.7;156.6;0.9;0.0
7.5;160.1;0.3;4.0
8.3;191.8;609.8;0.0
8.3;191.8;736.2;0.0
8.3;192.2;429.9;0.0
8.3;192.2;330.0;0.0
8.3;192.2;333.0;0.0
8.3;192.7;335.2;0.0
8.3;192.7;244.0;0.0
8.3;192.7;360.2;0.0
8.3;192.7;353.5;0.0
8.3;192.7;365.1;0.0
8.3;192.7;378.8;0.0
8.3;192.7;385.8;0.0
8.3;224.0;11.3;0.0
8.3;224.0;0.6;196.0
8.3;224.0;0.6;192.0
8.3;193.7;0.5;124.0
8.3;193.8;0.0;0.0
5.0;0.0;0.0;0.0
0.0;0.0;0.0;0.0
