7.5;48.5;26.3;0.0
7.5;63.1;31.9;0.0
6.6;69.0;26.3;0.0
7.5;82.7;27.6;0.0
6.6;89.7;30.4;0.0
6.6;99.0;40.0;0.0
7.5;110.8;43.7;0.0
87.4;135.9;40.1;0.0
22.4;143.3;11.3;0.0
7.5;158.4;40.0;0.0
5.0;159.8;2.3;0.0
0.0;159.8;0.0;0.0
0.0;159.8;0.0;0.0
0.0;159.8;0.0;0.0
0.0;159.8;0.0;0.0
0.0;159.8;0.0;0.0
0.0;159.8;0.0;0.0
0.0;159.8;0.0;0.0
0.0;160.1;1.7;0.0
0.0;160.1;0.0;0.0
0.0;160.1;0.0;0.0
1.7;160.3;0.9;0.0
8.3;160.3;0.0;0.0
8.3;160.4;0.0;0.0
8.3;160.4;0.0;0.0
8.3;160.4;0.0;0.0
7.5;160.4;0.0;0.0
9.1;160.4;0.0;0.0
8.3;160.4;0.0;0.0
5.8;161.1;1.4;0.0
0.0;161.1;0.0;0.0
0.0;161.1;0.0;0.0
0.0;161.1;0.0;0.0
0.0;161.1;0.0;0.0
0.0;161.1;0.0;0.0
0.0;161.1;0.0;0.0
0.8;161.1;1.8;0.0
0.0;161.1;0.0;0.0
0.0;161.1;0.0;0.0
0.0;161.1;0.0;0.0
4.2;161.5;1.2;4.0
8.3;196.2;112.9;0.0
8.3;196.4;816.1;0.0
8.3;196.4;733.6;0.0
8.3;196.9;264.4;0.0
7.5;196.9;331.1;0.0
8.3;196.9;303.7;0.0
8.3;196.9;243.3;0.0
8.3;196.9;340.8;0.0
8.3;196.9;376.4;0.0
8.3;196.9;367.4;0.0
8.3;196.9;368.4;0.0
8.3;196.9;356.2;0.0
8.3;227.8;302.9;0.0
9.1;228.4;1.6;0.0
8.3;228.4;0.6;196.0
8.3;228.4;0.6;192.0
8.3;228.4;0.2;64.0
8.3;198.2;0.5;68.0
6.6;0.0;0.0;0.0
