28.2;46.7;29.1;0.0
7.5;61.2;31.7;0.0
6.6;63.2;26.4;0.0
8.3;77.0;27.6;0.0
5.8;84.0;29.6;0.0
6.6;92.9;37.3;0.0
6.6;105.1;47.2;0.0
74.9;130.0;30.7;0.0
34.9;138.9;13.8;0.0
6.6;153.2;43.9;0.0
7.5;157.6;5.4;0.0
0.0;157.6;0.0;0.0
0.0;157.6;0.0;0.0
0.0;157.6;0.0;0.0
0.0;157.6;0.0;0.0
0.0;157.6;0.0;0.0
0.0;157.6;0.0;0.0
0.0;157.6;0.0;0.0
0.8;157.9;1.7;0.0
0.0;157.9;0.0;0.0
0.0;157.9;0.0;0.0
0.0;157.9;0.4;0.0
7.5;158.2;0.4;0.0
8.3;158.3;0.0;0.0
8.3;158.3;0.0;0.0
8.3;158.3;0.0;0.0
8.3;158.3;0.0;0.0
8.3;158.3;0.0;0.0
8.3;158.3;0.0;0.0
5.8;158.9;1.4;0.0
0.0;158.9;0.0;0.0
0.0;158.9;0.0;0.0
0.0;158.9;0.0;0.0
0.0;158.9;0.0;0.0
0.0;158.9;0.0;0.0
0.0;158.9;0.0;0.0
0.8;158.9;1.7;0.0
0.0;158.9;0.0;0.0
0.0;158.9;0.0;0.0
0.0;158.9;0.0;0.0
5.0;163.8;1.1;4.0
7.5;196.1;222.3;0.0
8.3;196.1;845.7;0.0
8.3;196.5;605.9;0.0
9.1;196.5;339.5;0.0
8.3;196.5;307.3;0.0
8.3;196.5;291.8;0.0
9.1;197.0;246.6;0.0
8.3;197.0;339.0;0.0
8.3;197.0;327.2;0.0
8.3;197.0;336.6;0.0
8.3;197.0;335.2;0.0
8.3;197.0;370.0;0.0
8.3;228.3;210.1;0.0
8.3;228.3;0.2;68.0
8.3;228.3;0.8;256.0
8.3;228.3;0.2;64.0
8.3;198.0;0.5;68.0
8.3;166.9;0.0;0.0
1.7;0.0;0.0;0.0
