6.7;53.2;33.5;0.0
7.5;65.3;28.2;0.0
8.3;73.6;19.6;0.0
6.7;82.1;35.2;0.0
6.6;93.3;41.0;0.0
6.6;103.1;43.0;0.0
55.2;124.2;36.0;0.0
54.1;133.2;18.7;0.0
7.5;142.5;30.7;0.0
8.3;152.8;18.9;0.0
1.7;153.9;2.3;0.0
0.0;153.9;0.0;0.0
0.0;153.9;0.0;0.0
0.0;153.9;0.0;0.0
0.0;153.9;0.0;0.0
0.0;153.9;0.0;0.0
0.0;153.9;0.0;0.0
0.0;154.0;1.8;0.0
0.0;154.0;0.0;0.0
0.0;154.0;0.0;0.0
0.0;154.0;0.0;0.0
5.0;154.2;0.8;0.0
8.3;154.3;0.0;0.0
8.3;154.3;0.0;0.0
8.3;154.3;0.0;0.0
8.3;154.3;0.0;0.0
8.3;154.3;0.0;0.0
8.3;154.3;0.0;0.0
9.2;154.5;1.3;0.0
2.5;155.1;0.1;0.0
0.0;155.1;0.0;0.0
0.0;155.1;0.0;0.0
0.0;155.1;0.0;0.0
0.0;155.1;0.0;0.0
0.0;155.1;0.0;0.0
0.0;155.1;0.0;0.0
0.8;155.1;1.7;0.0
0.0;155.1;0.0;0.0
0.0;155.1;0.0;0.0
0.0;155.1;0.0;0.0
5.8;155.6;1.1;4.0
8.3;188.2;294.5;0.0
8.3;188.3;792.3;0.0
8.3;189.1;606.3;0.0
8.3;189.1;342.6;0.0
8.3;189.1;354.1;0.0
8.3;189.1;321.2;0.0
8.3;189.1;233.9;0.0
8.3;189.1;361.2;0.0
8.3;189.1;371.2;0.0
8.3;189.1;358.4;0.0
7.5;189.1;385.2;0.0
8.3;189.1;392.2;0.0
8.3;220.4;104.5;0.0
8.3;220.4;0.4;132.0
8.3;220.4;0.8;256.0
8.3;220.4;0.2;64.0
8.3;190.1;0.3;56.0
9.1;0.0;0.0;0.0
0.0;0.0;0.0;0.0
