17.4;48.7;35.9;0.0
9.1;62.6;28.4;0.0
7.5;73.1;24.1;0.0
7.5;82.4;31.6;0.0
6.6;93.5;44.9;0.0
7.5;102.9;41.1;0.0
43.3;128.9;30.5;0.0
65.6;139.8;28.7;0.0
7.5;147.7;22.8;0.0
9.1;160.5;27.0;0.0
0.8;161.5;2.3;0.0
0.0;161.5;0.0;0.0
0.0;161.5;0.0;0.0
0.0;161.5;0.0;0.0
0.0;161.5;0.0;0.0
0.0;161.5;0.0;0.0
0.0;161.5;0.0;0.0
0.0;161.8;1.7;0.0
0.0;161.8;0.0;0.0
0.0;161.8;0.0;0.0
0.0;161.8;0.0;0.0
5.8;161.9;0.8;0.0
8.3;162.1;0.0;0.0
8.3;162.1;0.0;0.0
9.2;162.1;0.0;0.0
8.3;162.1;0.0;0.0
8.3;162.1;0.0;0.0
8.3;162.1;0.0;0.0
8.3;162.3;1.4;0.0
3.3;162.9;0.0;0.0
0.0;162.9;0.0;0.0
0.0;162.9;0.0;0.0
0.0;162.9;0.0;0.0
0.0;162.9;0.0;0.0
0.0;162.9;0.0;0.0
0.0;162.9;0.0;0.0
0.0;162.9;1.8;0.0
0.0;162.9;0.0;0.0
0.0;162.9;0.0;0.0
0.0;162.9;0.9;0.0
8.3;166.1;0.3;4.0
8.3;197.9;529.1;0.0
8.3;198.1;846.2;0.0
8.3;198.5;424.4;0.0
8.3;198.5;356.0;0.0
8.3;198.5;355.6;0.0
8.3;198.5;347.6;0.0
8.3;198.5;233.1;0.0
8.3;198.5;367.7;0.0
8.3;198.5;334.2;0.0
8.3;198.5;331.0;0.0
8.3;198.5;374.4;0.0
8.3;230.2;278.5;0.0
8.3;230.2;0.2;68.0
8.3;230.2;0.6;192.0
8.3;230.2;0.4;128.0
8.3;199.9;0.5;68.0
8.3;199.9;0.0;0.0
1.7;0.0;0.0;0.0
0.0;0.0;0.0;0.0
