6.6;51.8;33.5;0.0
8.3;64.7;25.7;0.0
6.6;71.9;22.8;0.0
8.3;81.2;26.4;0.0
5.8;91.6;42.7;0.0
6.6;101.9;44.5;0.0
35.8;121.1;36.8;0.0
74.0;132.2;28.0;0.0
7.5;139.8;22.8;0.0
8.3;152.4;27.0;0.0
2.5;153.5;2.3;0.0
0.0;153.5;0.0;0.0
0.0;153.5;0.0;0.0
0.0;153.5;0.0;0.0
0.0;153.5;0.0;0.0
0.0;153.5;0.0;0.0
0.0;153.5;0.0;0.0
0.0;153.8;1.8;0.0
0.0;153.8;0.0;0.0
0.0;153.8;0.0;0.0
0.0;153.8;0.0;0.0
5.0;154.0;1.0;0.0
8.3;154.1;0.0;0.0
8.3;154.1;0.0;0.0
8.3;154.1;0.0;0.0
8.3;154.1;0.0;0.0
8.3;154.1;0.0;0.0
8.3;154.1;0.0;0.0
5.8;154.8;1.4;0.0
0.0;154.8;0.0;0.0
0.0;154.8;0.0;0.0
0.0;154.8;0.0;0.0
0.0;154.8;0.0;0.0
0.0;154.8;0.0;0.0
0.0;154.8;0.0;0.0
0.0;154.8;1.7;0.0
0.0;154.8;0.0;0.0
0.0;154.8;0.0;0.0
0.0;154.8;0.0;0.0
0.0;154.8;0.4;0.0
0.0;154.8;0.0;0.0
1.7;155.1;0.4;0.0
7.5;158.4;0.3;4.0
8.3;190.0;575.2;0.0
8.3;190.1;827.0;0.0
8.3;190.4;409.1;0.0
8.3;190.4;345.6;0.0
8.3;190.4;338.9;0.0
8.3;190.9;333.3;0.0
8.3;190.9;221.1;0.0
9.2;190.9;363.9;0.0
9.2;190.9;381.6;0.0
7.5;190.9;384.0;0.0
8.3;190.9;389.2;0.0
8.3;222.2;210.1;0.0
8.3;222.2;0.2;68.0
8.3;222.2;0.8;256.0
8.3;222.2;0.4;128.0
8.3;192.0;0.5;72.0
8.3;192.0;0.0;0.0
