28.3;44.6;28.0;0.0
7.5;59.0;29.3;0.0
6.6;66.0;28.3;0.0
8.3;79.1;26.8;0.0
6.6;87.2;32.8;0.0
5.8;96.2;38.0;0.0
7.5;108.0;44.5;0.0
85.7;125.9;38.6;0.0
22.5;134.1;12.6;0.0
8.3;148.0;39.9;0.0
7.5;150.6;2.7;0.0
0.0;150.6;0.0;0.0
0.0;150.6;0.0;0.0
0.0;150.6;0.0;0.0
0.0;150.6;0.0;0.0
0.0;150.6;0.0;0.0
0.0;150.6;0.0;0.0
0.0;150.6;0.0;0.0
0.0;150.6;1.7;0.0
0.0;150.6;0.0;0.0
0.0;150.6;0.0;0.0
0.0;150.6;0.4;0.0
5.0;150.8;0.4;0.0
8.3;151.0;0.0;0.0
8.3;151.0;0.0;0.0
8.3;151.0;0.0;0.0
8.3;151.0;0.0;0.0
8.3;151.0;0.0;0.0
8.3;151.0;0.0;0.0
8.3;153.2;1.4;0.0
0.0;153.7;0.0;0.0
0.0;153.7;0.0;0.0
0.0;153.7;0.0;0.0
0.0;153.7;0.0;0.0
0.0;153.7;0.0;0.0
0.0;153.7;0.0;0.0
0.0;153.7;0.0;0.0
0.0;153.7;1.7;0.0
0.0;153.7;0.0;0.0
0.0;153.7;0.0;0.0
2.5;153.7;0.8;0.0
7.5;155.4;0.3;4.0
8.3;186.9;629.6;0.0
8.3;186.9;819.6;0.0
8.3;187.4;394.5;0.0
8.3;187.4;328.0;0.0
8.3;187.4;336.2;0.0
8.3;187.4;330.2;0.0
8.3;187.4;240.7;0.0
8.3;187.4;358.3;0.0
8.3;187.4;362.8;0.0
8.3;187.4;363.2;0.0
8.3;187.4;318.8;0.0
8.3;187.4;365.5;0.0
10.0;218.9;27.2;0.0
8.3;218.9;0.6;196.0
8.3;218.9;0.8;256.0
7.5;188.6;0.5;72.0
8.3;188.6;0.0;0.0
5.0;0.0;0.0;0.0
