20.8;44.5;26.8;0.0
8.3;58.9;31.9;0.0
6.6;64.3;26.3;0.0
7.5;78.0;27.4;0.0
6.6;85.2;30.0;0.0
7.5;94.2;38.6;0.0
6.6;106.3;45.7;0.0
79.9;130.3;38.4;0.0
29.9;138.5;12.8;0.0
7.5;153.3;39.8;0.0
5.8;154.9;2.7;0.0
0.0;154.9;0.0;0.0
0.0;154.9;0.0;0.0
0.0;154.9;0.0;0.0
0.0;154.9;0.0;0.0
0.0;154.9;0.0;0.0
0.0;154.9;0.0;0.0
0.0;154.9;0.0;0.0
0.8;155.0;1.8;0.0
0.0;155.0;0.0;0.0
0.0;155.0;0.0;0.0
0.0;155.0;0.0;0.0
6.6;155.2;0.8;0.0
8.3;155.4;0.0;0.0
8.3;155.4;0.0;0.0
8.3;155.4;0.0;0.0
8.3;155.4;0.0;0.0
8.3;155.4;0.0;0.0
8.3;155.4;0.0;0.0
9.1;157.6;1.4;0.0
2.5;158.1;0.0;0.0
0.0;158.1;0.0;0.0
0.0;158.1;0.0;0.0
0.0;158.1;0.0;0.0
0.0;158.1;0.0;0.0
0.0;158.1;0.0;0.0
0.0;158.1;0.0;0.0
0.0;158.1;1.6;0.0
0.0;158.1;0.0;0.0
0.0;158.1;0.0;0.0
0.8;158.1;0.8;0.0
8.3;157.8;0.3;4.0
8.3;189.2;629.6;0.0
8.3;189.4;842.5;0.0
8.3;190.1;377.6;0.0
8.3;190.1;354.8;0.0
8.3;190.1;350.4;0.0
8.3;190.1;250.4;0.0
8.3;190.1;356.6;0.0
8.3;190.1;364.0;0.0
8.3;190.1;372.0;0.0
8.3;190.1;363.4;0.0
8.3;190.1;380.8;0.0
8.3;221.3;278.5;0.0
8.3;221.3;0.2;68.0
8.3;221.6;0.6;192.0
8.3;221.6;0.4;128.0
8.3;191.1;0.5;84.0
8.3;191.1;0.0;0.0
4.1;0.0;0.0;0.0
