7.5;67.2;31.8;0.0
6.6;77.0;25.0;0.0
7.5;88.6;20.8;0.0
7.5;96.3;33.8;0.0
6.6;107.5;40.4;0.0
6.6;118.9;45.1;0.0
55.8;144.2;33.9;0.0
54.8;153.5;18.7;0.0
7.5;162.8;31.7;0.0
8.3;173.2;17.9;0.0
0.8;174.3;2.3;0.0
0.0;174.3;0.0;0.0
0.0;174.3;0.0;0.0
0.0;174.3;0.0;0.0
0.0;174.3;0.0;0.0
0.0;174.3;0.0;0.0
0.0;174.3;0.0;0.0
0.0;174.3;1.7;0.0
0.0;174.3;0.0;0.0
0.0;174.3;0.0;0.0
0.0;174.3;0.0;0.0
5.0;174.6;0.8;0.0
8.3;174.7;0.0;0.0
8.3;174.7;0.0;0.0
8.3;174.7;0.0;0.0
8.3;174.7;0.0;0.0
9.2;174.7;0.0;0.0
8.3;174.7;0.0;0.0
8.3;174.7;0.0;0.0
4.2;175.4;1.4;0.0
0.0;175.4;0.0;0.0
0.0;175.4;0.0;0.0
0.0;175.4;0.0;0.0
0.0;175.4;0.0;0.0
0.0;175.4;0.0;0.0
0.0;175.4;0.0;0.0
0.8;175.4;1.7;0.0
0.0;175.4;0.0;0.0
0.0;175.4;0.0;0.0
0.0;175.4;0.0;0.0
6.6;176.3;1.1;4.0
8.3;208.5;356.8;0.0
8.3;208.7;825.8;0.0
8.3;208.9;544.2;0.0
8.3;209.4;297.3;0.0
8.3;209.4;355.2;0.0
8.3;209.4;338.1;0.0
8.3;209.4;211.6;0.0
8.3;209.4;328.5;0.0
8.3;209.4;357.0;0.0
8.3;209.4;377.4;0.0
8.3;209.4;372.8;0.0
7.5;209.4;380.6;0.0
8.3;240.7;176.5;0.0
8.3;240.7;0.4;132.0
8.3;240.7;0.6;192.0
8.3;240.7;0.4;128.0
8.3;210.4;0.5;68.0
9.2;0.0;0.0;0.0
0.0;0.0;0.0;0.0
