5.8;54.4;32.7;0.0
8.3;69.2;29.7;0.0
6.6;79.7;23.8;0.0
7.5;90.5;25.8;0.0
5.8;99.3;35.1;0.0
6.6;109.7;43.4;0.0
7.5;118.1;34.1;0.0
98.2;148.5;41.2;0.0
13.3;154.7;9.8;0.0
6.6;169.3;40.0;0.0
5.0;170.6;2.3;0.0
0.0;170.6;0.0;0.0
0.0;170.6;0.0;0.0
0.0;170.6;0.0;0.0
0.0;170.6;0.0;0.0
0.0;170.6;0.0;0.0
0.0;170.6;0.0;0.0
0.0;170.6;0.0;0.0
0.0;170.7;1.8;0.0
0.0;170.7;0.0;0.0
0.0;170.7;0.0;0.0
1.7;171.0;0.8;0.0
8.3;171.0;0.0;0.0
8.3;171.1;0.0;0.0
8.3;171.1;0.0;0.0
8.3;171.1;0.0;0.0
8.3;171.1;0.0;0.0
8.3;171.1;0.0;0.0
8.3;171.1;0.0;0.0
7.5;171.8;1.4;0.0
0.0;171.8;0.0;0.0
0.0;171.8;0.0;0.0
0.0;171.8;0.0;0.0
0.0;171.8;0.0;0.0
0.0;171.8;0.0;0.0
0.0;171.8;0.0;0.0
0.0;171.8;1.8;0.0
0.0;171.8;0.0;0.0
0.0;171.8;0.0;0.0
0.0;171.8;0.0;0.0
5.0;172.1;0.8;0.0
7.5;206.7;103.1;4.0
8.3;206.9;773.7;0.0
8.3;207.2;781.5;0.0
9.2;207.3;292.9;0.0
8.3;207.3;336.7;0.0
8.3;207.8;338.3;0.0
8.3;207.8;273.6;0.0
8.3;207.8;279.6;0.0
8.3;207.8;342.4;0.0
8.3;207.8;338.5;0.0
8.3;207.8;380.7;0.0
8.3;207.8;369.2;0.0
8.3;239.0;262.3;0.0
8.3;239.2;0.2;68.0
8.3;239.2;0.8;256.0
8.3;239.2;0.4;128.0
8.3;208.8;0.5;68.0
8.3;208.8;0.0;0.0
2.5;0.0;0.0;0.0
