6.7;51.7;34.1;0.0
7.5;63.7;25.0;0.0
6.7;74.3;22.5;0.0
8.3;82.8;29.8;0.0
5.8;93.1;42.1;0.0
7.5;102.7;42.0;0.0
38.3;122.2;36.1;0.0
69.8;132.5;26.0;0.0
7.5;142.0;30.1;0.0
10.0;152.9;20.4;0.0
0.0;153.6;1.6;0.0
0.0;153.6;0.0;0.0
0.0;153.6;0.0;0.0
0.0;153.6;0.0;0.0
0.0;153.6;0.0;0.0
0.0;153.6;0.0;0.0
0.0;153.6;0.0;0.0
0.0;153.7;1.8;0.0
0.0;153.7;0.0;0.0
0.0;153.7;0.0;0.0
0.0;153.7;0.0;0.0
5.8;153.9;1.0;0.0
8.3;154.0;0.0;0.0
8.3;154.0;0.0;0.0
8.3;154.0;0.0;0.0
8.3;154.0;0.0;0.0
8.3;154.0;0.0;0.0
8.3;154.0;0.0;0.0
9.1;156.2;1.4;0.0
0.8;156.8;0.0;0.0
0.0;156.8;0.0;0.0
0.0;156.8;0.0;0.0
0.0;156.8;0.0;0.0
0.0;156.8;0.0;0.0
0.0;156.8;0.0;0.0
0.0;156.8;0.9;0.0
0.0;156.8;0.8;0.0
0.0;156.8;0.0;0.0
0.0;156.8;0.0;0.0
1.7;156.8;0.9;0.0
8.3;156.8;0.3;4.0
7.5;188.0;688.7;0.0
8.3;188.0;847.2;0.0
8.3;188.3;343.7;0.0
8.3;188.3;348.9;0.0
8.3;188.9;357.8;0.0
9.1;188.9;302.2;0.0
8.3;188.9;290.6;0.0
8.3;188.9;373.6;0.0
8.3;188.9;377.7;0.0
8.3;188.9;379.3;0.0
8.3;188.9;365.1;0.0
8.3;220.1;195.6;0.0
8.3;220.1;0.2;68.0
8.3;220.1;0.6;192.0
8.3;220.1;0.4;128.0
8.3;189.8;0.5;72.0
8.3;158.8;0.0;0.0
2.5;0.0;0.0;0.0
0.0;0.0;0.0;0.0
