7.5;61.1;34.9;0.0
6.6;73.0;27.6;0.0
7.5;74.9;19.6;0.0
7.5;82.5;29.7;0.0
5.8;92.7;39.5;0.0
6.6;102.2;42.4;0.0
39.1;120.9;40.3;0.0
71.5;130.3;22.0;0.0
7.5;139.8;30.1;0.0
7.5;150.3;19.7;0.0
2.5;151.4;2.3;0.0
0.0;151.4;0.0;0.0
0.0;151.4;0.0;0.0
0.0;151.4;0.0;0.0
0.0;151.4;0.0;0.0
0.0;151.4;0.0;0.0
0.0;151.4;0.0;0.0
0.0;151.7;1.7;0.0
0.0;151.7;0.0;0.0
0.0;151.7;0.0;0.0
0.0;151.7;0.0;0.0
0.0;151.7;0.4;0.0
0.0;151.7;0.3;0.0
8.3;151.8;0.2;0.0
8.3;152.0;0.0;0.0
8.3;152.0;0.0;0.0
8.3;152.0;0.0;0.0
8.3;152.0;0.0;0.0
8.3;152.0;0.0;0.0
8.3;152.2;0.3;0.0
5.0;152.7;1.1;0.0
0.0;152.7;0.0;0.0
0.0;152.7;0.0;0.0
0.0;152.7;0.0;0.0
0.0;152.7;0.0;0.0
0.0;152.7;0.0;0.0
0.0;152.7;0.0;0.0
0.0;152.7;1.8;0.0
0.0;152.7;0.0;0.0
0.0;152.7;0.0;0.0
0.0;152.7;0.0;0.0
0.0;152.7;0.4;0.0
0.0;152.7;0.6;0.0
7.5;155.8;0.3;4.0
8.3;187.8;420.4;0.0
8.3;188.0;846.7;0.0
8.3;188.3;505.8;0.0
8.3;188.3;342.2;0.0
8.3;188.3;354.6;0.0
8.3;188.7;359.8;0.0
8.3;188.7;229.0;0.0
8.3;188.7;374.4;0.0
8.3;188.7;359.6;0.0
8.3;188.7;369.2;0.0
8.3;188.7;385.4;0.0
8.3;219.9;278.5;0.0
8.3;219.9;0.2;68.0
8.3;219.9;0.8;256.0
8.3;219.9;0.4;128.0
8.3;189.7;0.5;72.0
