6.6;40.6;26.1;0.0
7.5;53.8;27.0;0.0
7.5;65.2;26.6;0.0
7.5;68.8;14.8;0.0
7.5;78.1;24.6;0.0
6.6;87.4;39.7;0.0
7.5;97.7;44.4;0.0
13.3;111.2;28.5;0.0
92.3;132.4;39.2;0.0
10.8;140.1;11.8;0.0
7.5;155.1;40.0;0.0
5.0;156.4;2.3;0.0
0.0;156.4;0.0;0.0
0.0;156.4;0.0;0.0
0.0;156.4;0.0;0.0
0.0;156.4;0.0;0.0
0.0;156.4;0.0;0.0
0.0;156.4;0.0;0.0
0.0;156.4;0.8;0.0
0.8;156.6;1.0;0.0
0.0;156.6;0.0;0.0
0.0;156.6;0.0;0.0
1.7;156.8;0.9;0.0
8.3;156.8;0.0;0.0
8.3;157.0;0.0;0.0
9.2;157.0;0.0;0.0
8.3;157.0;0.0;0.0
8.3;157.0;0.0;0.0
8.3;157.0;0.0;0.0
8.3;157.1;1.3;0.0
4.1;157.6;0.1;0.0
0.0;157.6;0.0;0.0
0.0;157.6;0.0;0.0
0.0;157.6;0.0;0.0
0.0;157.6;0.0;0.0
0.0;157.6;0.0;0.0
0.0;157.6;0.0;0.0
0.8;157.6;1.9;0.0
0.0;157.6;0.0;0.0
0.0;157.6;0.0;0.0
0.0;157.6;0.0;0.0
4.2;158.1;1.1;4.0
8.3;194.6;45.8;0.0
7.5;194.9;823.8;0.0
8.3;194.9;757.0;0.0
8.3;195.3;270.1;0.0
8.3;195.3;317.2;0.0
8.3;195.3;283.0;0.0
8.3;195.8;332.8;0.0
9.1;195.8;214.8;0.0
8.3;195.8;355.0;0.0
8.3;195.8;365.2;0.0
8.3;195.8;355.7;0.0
8.3;195.8;380.7;0.0
8.3;227.0;278.5;0.0
8.3;227.0;0.2;68.0
8.3;227.0;0.6;192.0
8.3;227.0;0.4;128.0
8.3;196.7;0.5;72.0
8.3;196.7;0.0;0.0
