7.5;54.6;34.6;0.0
6.6;66.6;27.3;0.0
6.6;76.4;21.5;0.0
8.3;84.6;34.2;0.0
6.6;95.1;38.6;0.0
7.5;104.7;42.2;0.0
45.7;130.1;44.7;0.0
57.4;140.0;16.4;0.0
8.3;154.6;43.9;0.0
0.8;156.8;5.1;0.0
0.0;156.8;0.0;0.0
0.0;156.8;0.0;0.0
0.0;156.8;0.0;0.0
0.0;156.8;0.0;0.0
0.0;156.8;0.0;0.0
0.0;156.8;0.0;0.0
0.0;156.9;1.8;0.0
0.0;156.9;0.0;0.0
0.0;156.9;0.0;0.0
0.0;156.9;0.0;0.0
0.0;156.9;0.4;0.0
0.0;156.9;0.0;0.0
0.0;156.9;0.0;0.0
0.0;156.9;0.0;0.0
0.0;156.9;0.0;0.0
0.0;156.9;0.0;0.0
0.0;156.9;0.0;0.0
0.0;156.9;2.2;0.0
0.0;156.9;0.0;0.0
0.0;156.9;0.0;0.0
0.0;156.9;0.0;0.0
0.0;156.9;0.0;0.0
0.0;156.9;0.0;0.0
0.0;156.9;0.0;0.0
0.0;156.9;0.0;0.0
0.0;156.9;0.0;0.0
0.0;156.9;0.0;0.0
0.0;156.9;0.0;0.0
0.8;156.9;2.4;0.0
0.0;156.9;0.0;0.0
0.0;157.0;0.0;0.0
0.0;157.0;0.0;0.0
6.6;159.4;1.6;0.0
8.3;159.4;0.0;0.0
8.3;159.6;0.0;0.0
8.3;159.6;0.0;0.0
8.3;159.6;0.0;0.0
48.2;172.2;0.4;0.0
52.4;172.2;0.0;0.0
0.0;172.2;0.0;0.0
0.0;172.2;0.0;0.0
0.0;172.2;0.0;0.0
0.0;172.2;0.0;0.0
0.0;172.2;0.0;0.0
0.0;172.2;0.0;0.0
0.8;172.2;1.8;0.0
0.0;172.2;0.0;0.0
0.0;172.2;0.0;0.0
0.0;172.2;0.4;0.0
0.0;172.2;0.0;0.0
