20.0;48.1;30.9;0.0
7.5;63.3;32.0;0.0
6.6;73.3;21.9;0.0
7.5;84.7;25.8;0.0
7.5;94.2;38.0;0.0
6.6;104.5;44.0;0.0
9.2;122.8;33.1;0.0
99.8;139.0;40.6;0.0
8.3;145.4;9.8;0.0
6.6;159.1;41.4;0.0
0.0;159.1;0.0;0.0
0.0;159.1;0.0;0.0
0.0;159.1;0.0;0.0
0.0;159.1;0.0;0.0
0.0;159.1;0.0;0.0
0.0;159.1;0.0;0.0
0.0;159.1;0.0;0.0
0.0;159.4;1.7;0.0
0.0;159.4;0.0;0.0
0.0;159.4;0.0;0.0
0.0;159.4;0.4;0.0
0.0;159.4;0.0;0.0
0.0;159.4;0.0;0.0
0.0;159.4;0.0;0.0
0.0;159.4;0.0;0.0
0.0;159.4;0.0;0.0
0.0;159.4;0.0;0.0
0.0;159.4;0.0;0.0
0.0;159.4;2.2;0.0
0.0;159.4;0.0;0.0
0.0;159.4;0.0;0.0
0.0;159.4;0.0;0.0
0.0;159.4;0.0;0.0
0.0;159.4;0.0;0.0
0.0;159.4;0.0;0.0
0.0;159.4;0.0;0.0
0.0;159.4;0.0;0.0
0.0;159.4;0.0;0.0
0.0;159.4;2.6;0.0
0.0;159.4;0.2;0.0
0.0;159.4;0.0;0.0
0.0;159.4;0.0;0.0
3.3;161.9;1.4;0.0
8.3;162.0;0.0;0.0
8.3;162.2;0.0;0.0
8.3;162.2;0.0;0.0
8.3;162.2;0.0;0.0
8.3;162.2;0.0;0.0
69.1;179.1;0.4;0.0
30.7;179.1;0.0;0.0
0.0;179.1;0.0;0.0
0.0;179.1;0.0;0.0
0.0;179.1;0.0;0.0
0.0;179.1;0.0;0.0
0.0;179.1;0.0;0.0
0.0;179.1;1.8;0.0
0.0;179.1;0.0;0.0
0.0;179.1;0.0;0.0
0.0;179.1;0.0;0.0
0.0;179.1;0.4;0.0
