15.8;48.9;32.8;0.0
8.3;64.1;29.8;0.0
5.8;74.8;23.5;0.0
8.3;84.3;24.6;0.0
6.6;94.4;43.5;0.0
7.5;104.8;43.9;0.0
30.0;124.8;35.2;0.0
79.0;136.8;31.2;0.0
7.5;143.4;20.0;0.0
4.1;155.8;31.3;0.0
0.0;155.8;0.0;0.0
0.0;155.8;0.0;0.0
0.0;155.8;0.0;0.0
0.0;155.8;0.0;0.0
0.0;155.8;0.0;0.0
0.0;155.8;0.0;0.0
0.0;156.2;1.8;0.0
0.0;156.2;0.0;0.0
0.0;156.2;0.0;0.0
0.0;156.2;0.0;0.0
0.0;156.2;0.4;0.0
0.0;156.2;0.0;0.0
0.0;156.2;0.0;0.0
0.0;156.2;0.0;0.0
0.0;156.2;0.0;0.0
0.0;156.2;0.0;0.0
0.0;156.2;0.0;0.0
0.0;156.2;0.0;0.0
0.0;156.2;0.0;0.0
0.0;156.2;1.9;0.0
0.0;156.2;0.0;0.0
0.0;156.2;0.0;0.0
0.0;156.2;0.0;0.0
0.0;156.2;0.0;0.0
0.0;156.2;0.0;0.0
0.0;156.2;0.0;0.0
0.0;156.2;0.0;0.0
0.0;156.2;0.0;0.0
0.0;156.2;0.0;0.0
0.0;156.2;0.0;0.0
0.0;156.2;0.0;0.0
0.8;156.2;2.4;0.0
0.0;156.2;0.0;0.0
0.0;156.2;0.0;0.0
0.0;156.2;0.0;0.0
0.8;156.8;1.2;0.0
8.3;158.9;0.4;0.0
8.3;158.9;0.0;0.0
8.3;159.1;0.0;0.0
8.3;159.1;0.0;0.0
8.3;159.1;0.0;0.0
37.4;173.6;0.4;0.0
64.0;173.6;0.0;0.0
0.0;173.6;0.0;0.0
0.0;173.6;0.0;0.0
0.0;173.6;0.0;0.0
0.0;173.6;0.0;0.0
0.0;173.6;0.0;0.0
0.0;173.6;0.0;0.0
0.0;173.6;1.7;0.0
