20.8;43.5;32.9;0.0
6.6;59.2;32.4;0.0
6.6;67.8;24.0;0.0
8.3;78.2;24.4;0.0
6.6;87.6;38.3;0.0
7.5;98.7;48.4;0.0
25.8;120.3;38.5;0.0
83.0;132.2;30.0;0.0
8.3;139.7;23.8;0.0
3.3;150.9;27.5;0.0
0.0;150.9;0.0;0.0
0.0;150.9;0.0;0.0
0.0;150.9;0.0;0.0
0.0;150.9;0.0;0.0
0.0;150.9;0.0;0.0
0.0;150.9;0.0;0.0
0.0;150.9;1.8;0.0
0.0;150.9;0.0;0.0
0.0;150.9;0.0;0.0
0.0;150.9;0.0;0.0
0.0;150.9;0.4;0.0
0.0;150.9;0.0;0.0
0.0;150.9;0.0;0.0
0.0;150.9;0.0;0.0
0.0;150.9;0.0;0.0
0.0;150.9;0.0;0.0
0.0;150.9;0.0;0.0
0.0;150.9;2.6;0.0
0.0;150.9;0.0;0.0
0.0;150.9;0.0;0.0
0.0;150.9;0.0;0.0
0.0;150.9;0.0;0.0
0.0;150.9;0.0;0.0
0.0;150.9;0.0;0.0
0.0;150.9;0.0;0.0
0.0;150.9;0.0;0.0
0.0;150.9;0.0;0.0
0.0;150.9;0.0;0.0
0.0;150.9;2.7;0.0
0.0;150.9;0.0;0.0
0.0;150.9;0.0;0.0
0.0;151.7;0.9;0.0
8.3;153.4;0.4;0.0
8.3;153.4;0.0;0.0
8.3;153.4;0.0;0.0
8.3;153.6;0.0;0.0
8.3;153.6;0.0;0.0
67.8;170.1;0.4;0.0
29.9;170.1;0.0;0.0
0.0;170.1;0.0;0.0
0.0;170.1;0.0;0.0
0.0;170.1;0.0;0.0
0.0;170.1;0.0;0.0
0.0;170.1;0.0;0.0
0.0;170.1;1.7;0.0
0.0;170.1;0.0;0.0
0.0;170.1;0.0;0.0
0.0;170.1;0.0;0.0
0.0;170.1;0.4;0.0
0.0;170.1;0.0;0.0
