13.3;47.8;32.5;0.0
6.6;63.2;32.2;0.0
7.5;71.0;24.3;0.0
8.3;81.9;25.8;0.0
6.7;91.5;41.7;0.0
7.5;101.5;41.6;0.0
11.7;119.5;29.6;0.0
97.3;136.0;40.9;0.0
8.3;142.4;13.0;0.0
5.0;155.8;38.2;0.0
0.0;155.8;0.0;0.0
0.0;155.8;0.0;0.0
0.0;155.8;0.0;0.0
0.0;155.8;0.0;0.0
0.0;155.8;0.0;0.0
0.0;155.8;0.0;0.0
0.0;155.8;0.8;0.0
0.0;156.0;0.9;0.0
0.0;156.0;0.0;0.0
0.0;156.0;0.0;0.0
0.0;156.0;1.1;0.0
0.0;156.0;0.0;0.0
0.0;156.0;0.0;0.0
0.0;156.0;0.0;0.0
0.0;156.0;0.0;0.0
0.0;156.0;0.0;0.0
0.0;156.0;0.0;0.0
0.0;156.0;0.0;0.0
0.0;156.0;0.0;0.0
0.0;156.0;0.0;0.0
0.0;156.0;0.0;0.0
0.0;156.0;2.0;0.0
0.0;156.0;0.0;0.0
0.0;156.0;0.0;0.0
0.0;156.0;0.0;0.0
0.0;156.0;0.0;0.0
0.0;156.0;0.0;0.0
0.0;156.0;0.0;0.0
0.0;156.0;0.0;0.0
0.0;156.0;0.0;0.0
0.0;156.0;0.0;0.0
0.0;156.0;0.0;0.0
4.2;158.7;4.1;0.0
8.3;158.9;0.0;0.0
8.3;158.9;0.0;0.0
8.3;158.9;0.0;0.0
8.3;159.1;0.0;0.0
28.3;171.7;0.3;0.0
76.4;171.7;0.1;0.0
0.0;171.7;0.0;0.0
0.0;171.7;0.0;0.0
0.0;171.7;0.0;0.0
0.0;171.7;0.0;0.0
0.0;171.7;0.0;0.0
0.0;171.7;0.0;0.0
0.0;171.7;1.7;0.0
0.0;171.7;0.0;0.0
0.0;171.7;0.0;0.0
0.0;171.7;0.0;0.0
0.0;171.7;0.8;0.0
