7.5;65.3;30.9;0.0
7.5;76.7;27.6;0.0
6.6;75.9;19.8;0.0
6.6;83.5;28.7;0.0
6.6;94.2;44.1;0.0
7.5;103.9;40.6;0.0
44.1;125.2;35.7;0.0
65.7;135.6;24.8;0.0
7.5;145.1;32.1;0.0
2.5;154.1;19.2;0.0
0.0;154.1;0.0;0.0
0.0;154.1;0.0;0.0
0.0;154.1;0.0;0.0
0.0;154.1;0.0;0.0
0.0;154.1;0.0;0.0
0.0;154.1;0.0;0.0
0.8;154.3;1.7;0.0
0.0;154.3;0.0;0.0
0.0;154.3;0.0;0.0
0.0;154.3;0.0;0.0
0.0;154.3;0.4;0.0
0.0;154.3;0.0;0.0
0.0;154.3;0.0;0.0
0.0;154.3;0.0;0.0
0.0;154.3;0.0;0.0
0.0;154.3;0.0;0.0
0.0;154.3;0.0;0.0
0.0;154.3;2.3;0.0
0.0;154.3;0.0;0.0
0.0;154.3;0.0;0.0
0.0;154.3;0.0;0.0
0.0;154.3;0.0;0.0
0.0;154.3;0.0;0.0
0.0;154.3;0.0;0.0
0.0;154.3;0.0;0.0
0.0;154.3;0.0;0.0
0.0;154.3;0.0;0.0
0.0;154.3;0.0;0.0
0.0;154.3;2.9;0.0
0.0;154.3;0.0;0.0
0.0;154.3;0.0;0.0
0.0;154.3;0.0;0.0
5.8;157.1;1.4;0.0
8.3;157.1;0.0;0.0
8.3;157.1;0.0;0.0
8.3;157.1;0.0;0.0
8.3;157.1;0.0;0.0
49.9;159.8;0.4;0.0
50.7;159.8;0.0;0.0
0.0;159.8;0.0;0.0
0.0;159.8;0.0;0.0
0.0;159.8;0.0;0.0
0.0;159.8;0.0;0.0
0.0;159.8;0.0;0.0
0.0;159.8;0.0;0.0
0.0;159.8;1.8;0.0
0.0;159.8;0.0;0.0
0.0;159.8;0.0;0.0
0.0;159.8;1.1;0.0
0.0;159.8;0.0;0.0
