7.5;57.6;35.0;0.0
7.5;70.6;26.5;0.0
6.7;77.5;23.3;0.0
7.5;87.7;24.6;0.0
5.8;96.9;39.3;0.0
6.6;107.5;44.4;0.0
18.3;124.8;35.4;0.0
90.6;137.7;33.8;0.0
8.3;143.9;15.6;0.0
5.8;157.4;35.6;0.0
0.0;157.4;0.0;0.0
0.0;157.4;0.0;0.0
0.0;157.4;0.0;0.0
0.0;157.4;0.0;0.0
0.0;157.4;0.0;0.0
0.0;157.4;0.0;0.0
0.0;157.4;0.0;0.0
0.0;157.4;1.8;0.0
0.0;157.4;0.0;0.0
0.0;157.4;0.0;0.0
0.0;157.4;0.4;0.0
0.0;157.4;0.0;0.0
0.0;157.4;0.0;0.0
0.0;157.4;0.0;0.0
0.0;157.4;0.0;0.0
0.0;157.4;0.0;0.0
0.0;157.4;0.0;0.0
0.0;157.4;0.0;0.0
0.0;157.4;2.4;0.0
0.0;157.4;0.0;0.0
0.0;157.4;0.0;0.0
0.0;157.4;0.0;0.0
0.0;157.4;0.0;0.0
0.0;157.4;0.0;0.0
0.0;157.4;0.0;0.0
0.0;157.4;0.0;0.0
0.0;157.4;0.0;0.0
0.0;157.4;0.0;0.0
0.0;157.4;0.0;0.0
0.0;157.4;2.5;0.0
0.0;157.4;0.0;0.0
0.0;157.4;0.0;0.0
1.7;159.6;1.0;0.0
8.3;160.4;0.4;0.0
8.3;160.6;0.0;0.0
8.3;160.6;0.0;0.0
8.3;160.6;0.0;0.0
22.4;167.2;0.3;0.0
80.7;167.2;0.1;0.0
0.0;167.2;0.0;0.0
0.0;167.2;0.0;0.0
0.0;167.2;0.0;0.0
0.0;167.2;0.0;0.0
0.0;167.2;0.0;0.0
0.0;167.2;0.0;0.0
0.0;167.2;1.7;0.0
0.0;167.2;0.0;0.0
0.0;167.2;0.0;0.0
0.0;167.2;0.0;0.0
0.0;167.2;0.4;0.0
