5.8;45.2;30.5;0.0
9.1;59.0;27.7;0.0
6.6;67.3;25.8;0.0
7.5;80.2;26.2;0.0
6.7;87.8;30.4;0.0
7.5;97.0;37.6;0.0
6.6;109.2;47.5;0.0
79.0;131.6;39.3;0.0
31.6;139.5;11.9;0.0
7.5;153.7;41.3;0.0
0.0;153.7;0.3;0.0
0.0;153.7;0.0;0.0
0.0;153.7;0.0;0.0
0.0;153.7;0.0;0.0
0.0;153.7;0.0;0.0
0.0;153.7;0.0;0.0
0.0;153.7;0.0;0.0
0.8;153.9;1.8;0.0
0.0;153.9;0.0;0.0
0.0;153.9;0.0;0.0
0.0;153.9;0.0;0.0
0.0;153.9;0.4;0.0
0.0;153.9;0.0;0.0
0.0;153.9;0.0;0.0
0.0;153.9;0.0;0.0
0.0;153.9;0.0;0.0
0.0;153.9;0.0;0.0
0.0;153.9;0.0;0.0
0.0;153.9;2.1;0.0
0.0;153.9;0.0;0.0
0.0;153.9;0.0;0.0
0.0;153.9;0.0;0.0
0.0;153.9;0.0;0.0
0.0;153.9;0.0;0.0
0.0;153.9;0.0;0.0
0.0;153.9;0.0;0.0
0.0;153.9;0.0;0.0
0.0;153.9;0.0;0.0
0.0;153.9;0.0;0.0
0.0;153.9;2.7;0.0
0.0;153.9;0.0;0.0
0.0;153.9;0.0;0.0
0.0;154.7;0.8;0.0
8.3;156.7;0.4;0.0
8.3;156.7;0.0;0.0
8.3;156.7;0.0;0.0
8.3;156.7;0.0;0.0
8.3;156.7;0.0;0.0
56.6;171.5;0.4;0.0
47.3;171.5;0.0;0.0
0.0;171.5;0.0;0.0
0.0;171.5;0.0;0.0
0.0;171.5;0.0;0.0
0.0;171.5;0.0;0.0
0.0;171.5;0.0;0.0
0.0;171.5;0.0;0.0
0.0;171.5;1.8;0.0
0.0;171.5;0.0;0.0
0.0;171.5;0.0;0.0
0.0;171.5;1.0;0.0
