5.8;50.2;29.8;0.0
8.3;65.3;31.5;0.0
6.6;74.7;22.5;0.0
8.3;86.0;25.4;0.0
7.5;95.3;36.4;0.0
7.5;105.7;44.4;0.0
6.7;121.6;33.5;0.0
99.8;138.4;41.2;0.0
10.8;144.8;9.8;0.0
5.8;158.4;41.4;0.0
0.0;158.4;0.0;0.0
0.0;158.4;0.0;0.0
0.0;158.4;0.0;0.0
0.0;158.4;0.0;0.0
0.0;158.4;0.0;0.0
0.0;158.4;0.0;0.0
0.0;158.4;0.0;0.0
0.0;158.7;1.7;0.0
0.0;158.7;0.0;0.0
0.0;158.7;0.0;0.0
0.0;158.7;0.4;0.0
0.0;158.7;0.0;0.0
0.0;158.7;0.0;0.0
0.0;158.7;0.0;0.0
0.0;158.7;0.0;0.0
0.0;158.7;0.0;0.0
0.0;158.7;0.0;0.0
0.0;158.7;0.0;0.0
0.0;158.7;0.0;0.0
0.0;158.7;0.0;0.0
0.0;158.7;0.0;0.0
0.0;158.7;0.0;0.0
0.0;158.7;1.9;0.0
0.0;158.7;0.0;0.0
0.0;158.7;0.0;0.0
0.0;158.7;0.0;0.0
0.0;158.7;0.0;0.0
0.0;158.7;0.0;0.0
0.0;158.7;0.0;0.0
0.0;158.7;0.0;0.0
0.0;158.7;0.0;0.0
0.0;158.7;0.0;0.0
0.0;158.7;0.0;0.0
0.0;158.7;0.0;0.0
0.0;158.7;0.0;0.0
0.0;158.7;0.0;0.0
0.0;158.7;2.4;0.0
0.0;158.7;0.0;0.0
0.0;158.7;0.0;0.0
0.0;158.7;0.0;0.0
0.0;158.7;0.0;0.0
4.1;161.3;1.5;0.0
8.3;161.3;0.0;0.0
8.3;161.5;0.0;0.0
7.5;161.5;0.0;0.0
8.3;161.5;0.0;0.0
10.0;172.3;0.0;0.0
93.2;174.3;0.4;0.0
4.1;174.3;0.0;0.0
0.0;174.3;0.0;0.0
