7.5;53.4;30.9;0.0
7.5;65.0;27.6;0.0
7.5;76.4;21.2;0.0
7.5;84.3;35.6;0.0
6.7;95.7;41.8;0.0
7.5;107.9;49.0;0.0
62.4;131.1;37.1;0.0
41.6;140.0;12.8;0.0
8.3;155.0;45.1;0.0
0.8;155.9;2.3;0.0
0.0;155.9;0.0;0.0
0.0;155.9;0.0;0.0
0.0;155.9;0.0;0.0
0.0;155.9;0.0;0.0
0.0;155.9;0.0;0.0
0.0;155.9;0.0;0.0
0.0;156.1;1.8;0.0
0.0;156.1;0.0;0.0
0.0;156.1;0.0;0.0
0.0;156.1;0.0;0.0
0.0;156.1;1.0;0.0
0.0;156.1;0.0;0.0
0.0;156.1;0.0;0.0
0.0;156.1;0.0;0.0
0.0;156.1;0.0;0.0
0.0;156.1;0.0;0.0
0.0;156.1;0.0;0.0
0.0;156.1;0.0;0.0
0.0;156.1;0.0;0.0
0.0;156.1;0.0;0.0
0.0;156.1;0.0;0.0
0.0;156.1;2.0;0.0
0.0;156.1;0.0;0.0
0.0;156.1;0.0;0.0
0.0;156.1;0.0;0.0
0.0;156.1;0.0;0.0
0.0;156.1;0.0;0.0
0.0;156.1;0.0;0.0
0.0;156.1;0.0;0.0
0.0;156.1;0.0;0.0
0.0;156.1;0.0;0.0
0.0;156.1;0.0;0.0
0.0;156.1;0.0;0.0
0.0;156.1;0.0;0.0
0.0;156.1;0.0;0.0
0.0;156.1;2.3;0.0
0.0;156.1;0.0;0.0
0.0;156.1;0.0;0.0
0.0;156.1;0.0;0.0
5.8;159.0;0.8;0.0
8.3;159.0;0.0;0.0
8.3;159.0;0.0;0.0
8.3;159.0;0.0;0.0
8.3;159.0;0.0;0.0
42.4;173.8;0.4;0.0
56.5;173.8;0.0;0.0
0.0;173.8;0.0;0.0
0.0;173.8;0.0;0.0
0.0;173.8;0.0;0.0
0.0;173.8;0.0;0.0
