7.5;52.6;32.0;0.0
7.5;62.9;32.4;0.0
7.5;76.7;27.2;0.0
6.6;85.8;37.2;0.0
6.6;97.1;46.6;0.0
13.3;114.4;33.9;0.0
94.0;129.7;39.0;0.0
8.3;136.2;9.8;0.0
6.6;150.0;41.5;0.0
0.0;150.0;0.0;0.0
0.0;150.0;0.0;0.0
0.0;150.0;0.0;0.0
0.0;150.0;0.0;0.0
0.0;150.0;0.0;0.0
0.0;150.0;0.0;0.0
0.0;150.0;0.0;0.0
0.0;150.1;1.8;0.0
0.0;150.1;0.0;0.0
0.0;150.1;0.0;0.0
0.0;150.1;0.4;0.0
0.0;150.1;0.0;0.0
0.0;150.1;0.0;0.0
0.0;150.1;0.0;0.0
0.0;150.1;0.6;0.0
0.0;150.1;0.0;0.0
0.0;150.1;0.0;0.0
0.0;150.1;0.0;0.0
0.0;150.1;0.0;0.0
0.0;150.1;0.0;0.0
0.0;150.1;0.0;0.0
0.0;150.1;0.0;0.0
0.0;150.1;0.0;0.0
0.0;150.1;0.0;0.0
0.0;150.1;0.0;0.0
0.0;150.1;2.7;0.0
0.0;150.1;0.0;0.0
0.0;150.1;0.0;0.0
0.0;150.1;0.0;0.0
0.0;150.1;0.0;0.0
0.0;150.1;0.0;0.0
0.0;150.1;0.0;0.0
0.0;150.1;2.3;0.0
0.0;150.1;0.0;0.0
0.0;150.1;0.0;0.0
0.0;150.1;0.0;0.0
6.6;152.6;1.3;0.0
8.3;152.6;0.0;0.0
8.3;152.6;0.0;0.0
8.3;152.6;0.0;0.0
8.3;152.6;0.0;0.0
31.6;171.4;0.3;0.0
78.0;171.4;0.1;0.0
0.0;171.4;0.0;0.0
0.0;171.4;0.0;0.0
0.0;171.4;0.0;0.0
0.0;171.4;0.0;0.0
0.0;171.4;0.0;0.0
0.0;171.4;0.0;0.0
0.8;171.4;1.7;0.0
0.0;171.4;0.0;0.0
