5.8;55.6;33.6;0.0
8.3;67.6;24.9;0.0
6.6;75.1;22.7;0.0
7.5;83.7;26.6;0.0
6.6;94.0;42.1;0.0
6.6;103.8;41.7;0.0
30.8;122.5;36.2;0.0
78.1;134.0;30.2;0.0
8.3;141.5;22.8;0.0
4.2;153.1;28.4;0.0
0.0;153.1;0.0;0.0
0.0;153.2;0.0;0.0
0.0;153.2;0.0;0.0
0.0;153.2;0.0;0.0
0.0;153.2;0.0;0.0
0.0;153.2;0.0;0.0
0.0;153.2;1.8;0.0
0.0;153.2;0.0;0.0
0.0;153.2;0.0;0.0
0.0;153.2;0.0;0.0
0.0;153.2;0.4;0.0
0.0;153.2;0.0;0.0
0.0;153.2;0.0;0.0
0.0;153.2;0.0;0.0
0.0;153.2;0.0;0.0
0.0;153.2;0.0;0.0
0.0;153.2;0.0;0.0
0.0;153.2;2.3;0.0
0.0;153.2;0.0;0.0
0.0;153.2;0.0;0.0
0.0;153.2;0.0;0.0
0.0;153.2;0.0;0.0
0.0;153.2;0.0;0.0
0.0;153.2;0.0;0.0
0.0;153.2;0.0;0.0
0.0;153.2;0.0;0.0
0.0;153.2;0.0;0.0
0.0;153.2;0.0;0.0
0.0;153.2;2.2;0.0
0.0;153.2;0.0;0.0
0.0;153.2;0.0;0.0
0.0;153.2;0.0;0.0
5.0;155.8;1.3;0.0
8.3;155.8;0.0;0.0
8.3;156.0;0.0;0.0
8.3;156.0;0.0;0.0
8.3;156.0;0.0;0.0
59.1;166.5;0.4;0.0
43.2;166.5;0.0;0.0
0.0;166.5;0.0;0.0
0.0;166.5;0.0;0.0
0.0;166.5;0.0;0.0
0.0;166.5;0.0;0.0
0.0;166.5;0.0;0.0
0.0;166.5;0.8;0.0
0.0;166.5;1.0;0.0
0.0;166.5;0.0;0.0
0.0;166.5;0.0;0.0
0.0;166.5;0.4;0.0
0.0;166.5;0.0;0.0
