7.5;51.6;34.8;0.0
7.5;62.9;23.7;0.0
6.6;70.8;22.3;0.0
8.3;80.1;25.6;0.0
5.8;90.3;41.5;0.0
6.6;100.3;44.1;0.0
29.1;118.5;34.7;0.0
79.9;130.8;32.5;0.0
7.5;138.4;21.6;0.0
5.8;150.1;29.7;0.0
0.0;150.1;0.0;0.0
0.0;150.1;0.0;0.0
0.0;150.1;0.0;0.0
0.0;150.1;0.0;0.0
0.0;150.1;0.0;0.0
0.0;150.1;0.0;0.0
0.0;150.3;1.7;0.0
0.0;150.3;0.0;0.0
0.0;150.3;0.0;0.0
0.0;150.3;0.0;0.0
0.0;150.3;1.0;0.0
0.0;150.3;0.0;0.0
0.0;150.3;0.0;0.0
0.0;150.3;0.0;0.0
0.0;150.3;0.0;0.0
0.0;150.3;0.0;0.0
0.0;150.3;0.0;0.0
0.0;150.3;0.0;0.0
0.0;150.3;0.0;0.0
0.0;150.3;0.0;0.0
0.0;150.3;0.0;0.0
0.0;150.3;2.0;0.0
0.0;150.3;0.0;0.0
0.0;150.3;0.0;0.0
0.0;150.3;0.0;0.0
0.0;150.3;0.0;0.0
0.0;150.3;0.0;0.0
0.0;150.3;0.0;0.0
0.0;150.3;0.0;0.0
0.0;150.3;0.0;0.0
0.0;150.3;0.0;0.0
0.0;150.3;0.0;0.0
0.0;150.3;2.2;0.0
0.0;150.3;0.0;0.0
0.0;150.3;0.0;0.0
0.0;150.3;0.0;0.0
6.6;153.0;1.2;0.0
8.3;153.2;0.0;0.0
8.3;153.2;0.0;0.0
8.3;153.2;0.0;0.0
8.3;153.2;0.0;0.0
34.1;168.0;0.4;0.0
68.2;168.0;0.0;0.0
0.0;168.0;0.0;0.0
0.0;168.0;0.0;0.0
0.0;168.0;0.0;0.0
0.0;168.0;0.0;0.0
0.0;168.0;0.0;0.0
0.0;168.0;0.0;0.0
0.0;168.0;1.8;0.0
