5.8;57.6;33.0;0.0
7.5;69.8;25.3;0.0
6.6;77.4;22.0;0.0
8.3;86.2;26.0;0.0
5.0;95.7;39.1;0.0
7.5;106.2;44.6;0.0
24.1;124.1;34.8;0.0
83.8;136.6;32.7;0.0
7.5;144.2;22.4;0.0
4.1;155.8;28.8;0.0
0.0;155.8;0.0;0.0
0.0;155.8;0.0;0.0
0.0;155.8;0.0;0.0
0.0;155.8;0.0;0.0
0.0;155.8;0.0;0.0
0.0;155.8;0.0;0.0
0.0;155.9;1.8;0.0
0.0;155.9;0.0;0.0
0.0;155.9;0.0;0.0
0.0;155.9;0.0;0.0
0.0;155.9;0.4;0.0
0.0;155.9;0.0;0.0
0.0;155.9;0.0;0.0
0.0;155.9;0.0;0.0
0.0;155.9;0.0;0.0
0.0;155.9;0.0;0.0
0.0;155.9;0.0;0.0
0.0;155.9;2.4;0.0
0.0;155.9;0.0;0.0
0.0;155.9;0.0;0.0
0.0;155.9;0.0;0.0
0.0;155.9;0.0;0.0
0.0;155.9;0.0;0.0
0.0;155.9;0.0;0.0
0.0;155.9;0.0;0.0
0.0;155.9;0.0;0.0
0.0;155.9;0.0;0.0
0.0;155.9;0.0;0.0
0.0;155.9;2.2;0.0
0.0;155.9;0.0;0.0
0.0;155.9;0.0;0.0
0.0;155.9;0.0;0.0
5.0;158.4;1.3;0.0
8.3;158.5;0.0;0.0
8.3;158.5;0.0;0.0
8.3;158.5;0.0;0.0
8.3;158.5;0.0;0.0
23.3;167.3;0.3;0.0
82.3;167.3;0.1;0.0
0.0;167.3;0.0;0.0
0.0;167.3;0.0;0.0
0.0;167.3;0.0;0.0
0.0;167.3;0.0;0.0
0.0;167.3;0.0;0.0
0.0;167.3;0.0;0.0
0.8;167.3;1.7;0.0
0.0;167.3;0.0;0.0
0.0;167.3;0.0;0.0
0.0;167.3;0.0;0.0
0.0;167.3;1.0;0.0
