6.7;52.9;33.2;0.0
8.3;67.5;28.3;0.0
8.3;67.9;23.8;0.0
7.5;78.8;25.8;0.0
6.7;88.2;39.7;0.0
8.3;98.6;44.4;0.0
11.7;122.2;29.3;0.0
96.4;132.8;27.7;0.0
9.2;143.1;18.9;0.0
7.5;156.1;39.7;0.0
1.7;158.5;5.3;0.0
0.0;158.5;0.0;0.0
0.0;158.5;0.0;0.0
0.0;158.5;0.0;0.0
0.0;158.5;0.0;0.0
0.0;158.5;0.0;0.0
0.0;158.5;0.0;0.0
0.0;158.8;1.7;0.0
0.0;158.8;0.0;0.0
0.0;158.8;0.0;0.0
0.0;158.8;0.0;0.0
0.0;158.8;0.4;0.0
0.0;158.8;0.0;0.0
0.0;158.8;0.0;0.0
0.0;158.8;0.0;0.0
0.0;158.8;0.0;0.0
0.0;158.8;0.0;0.0
0.0;158.8;0.0;0.0
0.0;158.8;2.0;0.0
0.0;158.8;0.0;0.0
0.0;158.8;0.0;0.0
0.0;158.8;0.0;0.0
0.0;158.8;0.0;0.0
0.0;158.8;0.0;0.0
0.0;158.8;0.0;0.0
0.0;158.8;0.0;0.0
0.0;158.8;0.0;0.0
0.0;158.8;0.0;0.0
0.0;158.8;0.0;0.0
0.0;158.8;2.2;0.0
0.0;158.8;0.0;0.0
0.0;158.8;0.0;0.0
0.0;158.8;0.0;0.0
0.0;158.8;0.0;0.0
0.0;158.8;0.0;0.0
0.0;158.8;0.0;0.0
2.5;161.1;1.7;0.0
8.3;161.6;0.0;0.0
8.3;161.6;0.0;0.0
8.3;161.6;0.0;0.0
8.3;161.7;0.0;0.0
15.8;192.4;0.0;0.0
91.5;192.4;0.4;0.0
0.0;192.4;0.0;0.0
0.0;192.4;0.0;0.0
0.0;192.4;0.0;0.0
0.0;192.4;0.0;0.0
0.0;192.4;0.0;0.0
0.0;192.4;0.0;0.0
0.0;192.4;1.8;0.0
