23.3;46.5;28.2;0.0
7.5;61.4;31.2;0.0
7.5;70.8;26.7;0.0
8.3;83.9;26.8;0.0
5.8;92.3;36.2;0.0
7.5;102.0;43.0;0.0
7.5;112.1;34.9;0.0
95.3;135.7;33.6;0.0
15.0;145.6;14.6;0.0
8.3;160.6;44.5;0.0
0.0;160.6;0.1;0.0
0.0;160.6;0.0;0.0
0.0;160.6;0.0;0.0
0.0;160.6;0.0;0.0
0.0;160.6;0.0;0.0
0.0;160.6;0.0;0.0
0.0;160.6;0.0;0.0
0.0;160.9;1.7;0.0
0.0;160.9;0.0;0.0
0.0;160.9;0.0;0.0
0.0;160.9;0.0;0.0
0.0;160.9;0.4;0.0
0.0;160.9;0.0;0.0
0.0;160.9;0.0;0.0
0.0;160.9;0.0;0.0
0.0;160.9;0.0;0.0
0.0;160.9;0.0;0.0
0.0;160.9;0.0;0.0
0.0;160.9;2.1;0.0
0.0;160.9;0.0;0.0
0.0;160.9;0.0;0.0
0.0;160.9;0.0;0.0
0.0;160.9;0.0;0.0
0.0;160.9;0.0;0.0
0.0;160.9;0.0;0.0
0.0;160.9;0.0;0.0
0.0;160.9;0.0;0.0
0.0;160.9;0.0;0.0
0.0;160.9;0.0;0.0
0.0;160.9;2.5;0.0
0.0;160.9;0.0;0.0
0.0;160.9;0.0;0.0
0.0;161.7;1.0;0.0
8.3;163.6;0.4;0.0
8.3;163.8;0.0;0.0
8.3;163.8;0.0;0.0
8.3;163.8;0.0;0.0
8.3;163.8;0.0;0.0
82.3;178.3;0.4;0.0
14.1;178.3;0.0;0.0
0.0;178.3;0.0;0.0
0.0;178.3;0.0;0.0
0.0;178.3;0.0;0.0
0.0;178.3;0.0;0.0
0.0;178.3;0.0;0.0
0.0;178.3;1.8;0.0
0.0;178.3;0.0;0.0
0.0;178.3;0.0;0.0
0.0;178.3;0.0;0.0
0.0;178.3;0.4;0.0
