21.6;50.8;28.0;0.0
7.5;65.7;31.0;0.0
7.5;64.1;26.4;0.0
7.5;77.2;27.0;0.0
6.7;84.9;33.6;0.0
7.5;93.8;39.0;0.0
6.6;105.3;41.5;0.0
87.4;128.6;40.8;0.0
23.2;136.1;10.6;0.0
6.6;149.8;41.4;0.0
0.0;149.8;0.0;0.0
0.0;149.8;0.0;0.0
0.0;149.8;0.0;0.0
0.0;149.8;0.0;0.0
0.0;149.8;0.0;0.0
0.0;149.8;0.0;0.0
0.0;149.8;0.0;0.0
0.0;150.1;1.8;0.0
0.0;150.1;0.0;0.0
0.0;150.1;0.0;0.0
0.0;150.1;0.0;0.0
0.0;150.1;0.4;0.0
0.0;150.1;0.0;0.0
0.0;150.1;0.0;0.0
0.0;150.1;0.0;0.0
0.0;150.1;0.0;0.0
0.0;150.1;0.0;0.0
0.0;150.1;0.0;0.0
0.0;150.1;2.2;0.0
0.0;150.1;0.0;0.0
0.0;150.1;0.0;0.0
0.0;150.1;0.0;0.0
0.0;150.1;0.0;0.0
0.0;150.1;0.0;0.0
0.0;150.1;0.0;0.0
0.0;150.1;0.0;0.0
0.0;150.1;0.0;0.0
0.0;150.1;0.0;0.0
0.0;150.1;0.0;0.0
0.0;150.1;2.5;0.0
0.0;150.1;0.0;0.0
0.0;150.1;0.0;0.0
0.0;150.1;0.0;0.0
7.5;153.0;1.3;0.0
8.3;153.0;0.0;0.0
8.3;153.0;0.0;0.0
8.3;153.2;0.0;0.0
8.3;153.2;0.0;0.0
65.7;183.6;0.4;0.0
38.2;183.6;0.0;0.0
0.0;183.6;0.0;0.0
0.0;183.6;0.0;0.0
0.0;183.6;0.0;0.0
0.0;183.6;0.0;0.0
0.0;183.6;0.0;0.0
0.0;183.6;0.8;0.0
0.0;183.6;1.0;0.0
0.0;183.6;0.0;0.0
0.0;183.6;0.0;0.0
0.0;183.6;0.4;0.0
