5.8;61.3;33.9;0.0
8.3;68.2;26.6;0.0
8.3;82.8;30.7;0.0
6.6;89.6;27.8;0.0
6.6;100.1;40.0;0.0
7.5;111.6;47.2;0.0
64.1;132.3;28.4;0.0
45.7;142.3;17.7;0.0
7.5;156.6;42.5;0.0
1.7;159.8;7.8;0.0
0.0;159.8;0.0;0.0
0.0;159.8;0.0;0.0
0.0;159.8;0.0;0.0
0.0;159.8;0.0;0.0
0.0;159.8;0.0;0.0
0.0;159.8;0.0;0.0
0.0;159.9;1.7;0.0
0.0;159.9;0.0;0.0
0.0;159.9;0.0;0.0
0.0;159.9;0.0;0.0
0.0;159.9;0.4;0.0
0.0;159.9;0.0;0.0
0.0;159.9;0.0;0.0
0.0;159.9;0.0;0.0
0.0;159.9;0.0;0.0
0.0;159.9;0.0;0.0
0.0;159.9;0.0;0.0
0.0;159.9;2.5;0.0
0.0;159.9;0.0;0.0
0.0;159.9;0.0;0.0
0.0;159.9;0.0;0.0
0.0;159.9;0.0;0.0
0.0;159.9;0.0;0.0
0.0;159.9;0.0;0.0
0.0;159.9;0.0;0.0
0.0;159.9;0.0;0.0
0.0;159.9;0.0;0.0
0.0;159.9;0.0;0.0
0.0;159.9;2.8;0.0
0.0;159.9;0.0;0.0
0.0;159.9;0.0;0.0
0.0;159.9;0.9;0.0
8.3;162.4;0.4;0.0
8.3;162.6;0.0;0.0
8.3;162.6;0.0;0.0
8.3;162.6;0.0;0.0
8.3;162.6;0.0;0.0
64.0;173.4;0.4;0.0
34.9;173.4;0.0;0.0
0.0;173.4;0.0;0.0
0.0;173.4;0.0;0.0
0.0;173.4;0.0;0.0
0.0;173.4;0.0;0.0
0.0;173.4;0.0;0.0
0.0;173.4;1.7;0.0
0.0;173.5;0.0;0.0
0.0;173.5;0.0;0.0
0.0;173.5;0.0;0.0
0.0;173.5;0.4;0.0
0.0;173.5;0.0;0.0
