22.4;50.6;27.1;0.0
8.3;63.6;25.7;0.0
6.6;71.5;31.9;0.0
8.3;85.2;26.8;0.0
5.8;92.8;27.8;0.0
7.5;102.2;40.2;0.0
6.6;114.3;47.5;0.0
74.0;136.8;37.2;0.0
29.9;145.1;10.6;0.0
7.5;159.7;42.7;0.0
0.0;160.6;2.4;0.0
0.0;160.6;0.0;0.0
0.0;160.6;0.0;0.0
0.0;160.6;0.0;0.0
0.0;160.6;0.0;0.0
0.0;160.6;0.0;0.0
0.0;160.6;0.0;0.0
0.0;160.8;1.8;0.0
0.0;160.8;0.0;0.0
0.0;160.8;0.0;0.0
0.0;160.8;0.0;0.0
0.0;160.8;0.4;0.0
0.0;160.8;0.0;0.0
0.0;160.8;0.0;0.0
0.0;160.8;0.0;0.0
0.0;160.8;0.0;0.0
0.0;160.8;0.0;0.0
0.0;160.8;0.0;0.0
0.0;160.8;2.1;0.0
0.0;160.8;0.0;0.0
0.0;160.8;0.0;0.0
0.0;160.8;0.0;0.0
0.0;160.8;0.0;0.0
0.0;160.8;0.0;0.0
0.0;160.8;0.0;0.0
0.0;160.8;0.0;0.0
0.0;160.8;0.0;0.0
0.0;160.8;0.0;0.0
0.0;160.8;0.0;0.0
0.0;160.8;2.8;0.0
0.0;160.8;0.0;0.0
0.0;160.8;0.0;0.0
0.0;161.5;1.1;0.0
8.3;163.4;0.4;0.0
8.3;163.6;0.0;0.0
8.3;163.6;0.0;0.0
9.1;163.6;0.0;0.0
8.3;163.6;0.0;0.0
58.2;174.3;0.4;0.0
45.7;174.3;0.0;0.0
0.0;174.3;0.0;0.0
0.0;174.3;0.0;0.0
0.0;174.3;0.0;0.0
0.0;174.3;0.0;0.0
0.0;174.3;0.0;0.0
0.0;174.3;0.0;0.0
0.0;174.3;1.7;0.0
0.0;174.3;0.0;0.0
0.0;174.3;0.0;0.0
0.0;174.3;0.4;0.0
