7.5;47.9;35.1;0.0
7.5;59.5;24.4;0.0
7.5;69.2;22.4;0.0
7.5;78.1;27.2;0.0
5.8;88.0;41.3;0.0
7.5;98.0;43.5;0.0
36.3;120.5;41.7;0.0
73.1;130.6;23.2;0.0
7.5;139.9;30.7;0.0
2.5;148.9;20.5;0.0
0.0;148.9;0.0;0.0
0.0;148.9;0.0;0.0
0.0;148.9;0.0;0.0
0.0;148.9;0.0;0.0
0.0;148.9;0.0;0.0
0.0;148.9;0.0;0.0
0.8;149.2;1.8;0.0
0.0;149.2;0.0;0.0
0.0;149.2;0.0;0.0
0.0;149.2;0.0;0.0
0.0;149.2;1.2;0.0
0.0;149.2;0.0;0.0
0.0;149.2;0.0;0.0
0.0;149.2;0.0;0.0
0.0;149.2;0.0;0.0
0.0;149.2;0.0;0.0
0.0;149.2;0.0;0.0
0.0;149.2;0.0;0.0
0.0;149.2;0.0;0.0
0.0;149.2;0.0;0.0
0.0;149.2;0.0;0.0
0.0;149.2;1.9;0.0
0.0;149.2;0.0;0.0
0.0;149.2;0.0;0.0
0.0;149.2;0.0;0.0
0.0;149.2;0.0;0.0
0.0;149.2;0.0;0.0
0.0;149.2;0.0;0.0
0.0;149.2;0.0;0.0
0.0;149.2;0.0;0.0
0.0;149.2;0.0;0.0
0.0;149.2;0.0;0.0
0.8;149.2;2.2;0.0
0.0;149.2;0.0;0.0
0.0;149.2;0.0;0.0
0.0;150.6;0.8;0.0
8.3;151.9;0.4;0.0
8.3;152.1;0.0;0.0
8.3;152.1;0.0;0.0
8.3;152.1;0.0;0.0
8.3;152.1;0.0;0.0
68.1;192.9;0.4;0.0
29.9;192.9;0.0;0.0
0.0;192.9;0.0;0.0
0.0;192.9;0.0;0.0
0.0;192.9;0.0;0.0
0.0;192.9;0.0;0.0
0.0;192.9;0.0;0.0
0.0;192.9;1.8;0.0
0.0;192.9;0.0;0.0
