7.5;33.5;16.8;0.0
7.5;43.5;15.5;0.0
8.3;53.2;19.0;0.0
7.5;60.4;15.9;0.0
7.5;65.5;18.2;0.0
8.3;73.9;10.4;0.0
8.3;79.6;19.1;0.0
7.5;83.1;20.3;0.0
7.5;89.7;22.0;0.0
8.3;94.9;22.0;0.0
7.5;100.9;28.2;0.0
7.5;107.1;19.7;0.0
66.5;121.4;13.1;0.0
49.8;126.6;20.5;0.0
7.5;132.8;8.0;0.0
8.3;137.3;9.6;0.0
7.5;142.7;22.1;0.0
6.6;151.8;19.6;0.0
0.0;151.8;3.7;0.0
0.0;151.8;9.7;0.0
0.0;152.0;3.8;0.0
0.0;152.0;6.0;0.0
0.8;152.3;3.9;0.0
0.0;152.3;5.4;0.0
0.8;152.3;2.5;0.0
0.0;152.3;0.2;0.0
3.3;154.6;2.8;0.0
8.3;155.3;0.4;0.0
8.3;155.5;0.0;0.0
8.3;156.0;0.0;0.0
8.3;156.5;0.0;0.0
9.1;156.5;0.0;0.0
8.3;156.5;0.0;0.0
8.3;156.8;0.0;0.0
5.8;157.2;0.4;0.0
0.0;157.2;0.0;0.0
0.8;157.2;2.6;0.0
0.0;157.2;2.9;0.0
0.0;157.2;0.6;0.0
0.0;157.3;6.1;0.0
