7.5;55.6;13.6;0.0
7.5;64.4;20.7;0.0
8.3;72.4;16.8;0.0
8.3;76.0;11.0;0.0
7.5;73.0;6.8;0.0
7.5;76.9;5.2;0.0
9.1;80.8;4.9;0.0
7.5;86.1;16.9;0.0
9.1;89.8;10.5;0.0
6.6;97.9;32.1;0.0
8.3;103.8;26.8;0.0
7.5;109.9;26.9;0.0
7.5;116.5;22.0;0.0
30.7;121.7;2.6;0.0
78.1;126.9;10.3;0.0
8.3;137.1;28.7;0.0
8.3;140.0;1.6;0.0
7.5;145.6;21.2;0.0
6.6;156.9;28.4;0.0
0.0;156.9;0.0;0.0
0.0;156.9;1.8;0.0
0.0;157.2;3.6;0.0
0.8;157.2;3.6;0.0
0.0;157.2;6.2;0.0
0.0;157.2;7.4;0.0
0.0;157.4;6.7;0.0
0.8;157.7;9.8;0.0
3.3;160.5;1.2;0.0
8.3;161.1;0.4;0.0
8.3;161.1;0.0;0.0
8.3;161.6;0.0;0.0
8.3;161.8;0.0;0.0
8.3;162.0;0.0;0.0
8.3;162.2;0.0;0.0
8.3;162.8;0.0;0.0
1.7;162.8;0.4;0.0
0.0;162.8;0.0;0.0
0.8;162.8;1.8;0.0
0.0;162.8;0.9;0.0
0.0;162.8;1.2;0.0
0.0;162.8;3.5;0.0
0.0;162.8;0.2;0.0
0.0;162.8;0.0;0.0
