7.5;45.3;15.3;0.0
7.5;53.4;15.6;0.0
9.1;58.8;9.0;0.0
7.5;65.3;19.6;0.0
7.5;70.0;14.3;0.0
8.3;74.5;7.3;0.0
8.3;78.1;14.0;0.0
7.5;81.0;15.0;0.0
7.5;88.8;28.0;0.0
8.3;93.4;19.6;0.0
7.5;100.2;30.1;0.0
8.3;107.1;23.2;0.0
86.0;116.0;9.8;0.0
14.1;127.3;31.4;0.0
8.3;130.0;1.0;0.0
8.3;134.1;16.2;0.0
8.3;147.4;33.8;0.0
0.0;147.4;0.3;0.0
0.0;147.4;0.0;0.0
0.8;147.4;1.9;0.0
0.0;147.7;1.8;0.0
0.0;147.7;1.2;0.0
0.0;147.7;3.3;0.0
0.0;147.7;1.3;0.0
0.0;147.7;0.6;0.0
0.0;147.7;5.5;0.0
0.0;147.7;1.5;0.0
0.0;148.0;7.4;0.0
0.8;148.0;3.5;0.0
0.0;148.0;0.0;0.0
0.0;148.0;8.3;0.0
0.0;148.2;5.7;0.0
0.0;148.2;1.0;0.0
0.0;148.2;0.4;0.0
3.3;151.0;1.8;0.0
8.3;151.5;0.4;0.0
8.3;151.6;0.0;0.0
8.3;152.1;0.0;0.0
8.3;152.3;0.0;0.0
8.3;152.7;0.0;0.0
7.5;152.8;0.0;0.0
8.3;152.8;0.0;0.0
8.3;152.9;0.0;0.0
9.2;153.5;0.3;0.0
