13.3;54.3;32.8;0.0
7.5;69.9;31.6;0.0
7.5;69.2;22.9;0.0
8.3;80.6;26.3;0.0
5.8;89.6;36.7;0.0
7.5;100.4;47.4;0.0
15.0;115.9;32.6;0.0
93.9;130.7;37.1;0.0
7.5;137.0;13.0;0.0
8.3;151.5;36.9;0.0
6.6;152.8;2.3;0.0
0.0;152.8;0.0;0.0
0.0;152.8;0.0;0.0
0.0;152.8;0.0;0.0
0.0;152.8;0.0;0.0
0.0;152.8;0.0;0.0
0.0;152.8;0.0;0.0
0.0;152.8;0.0;0.0
0.0;152.9;1.7;0.0
0.0;152.9;0.0;0.0
0.0;152.9;0.0;0.0
0.0;152.9;0.0;0.0
0.0;152.9;0.4;0.0
0.0;152.9;0.0;0.0
0.0;152.9;0.0;0.0
2.5;153.2;1.5;0.0
8.3;153.2;0.0;0.0
8.3;153.2;0.0;0.0
8.3;153.2;0.0;0.0
8.3;153.2;0.0;0.0
8.3;153.7;1.5;0.0
1.7;154.1;0.0;0.0
0.0;154.1;0.0;0.0
0.0;154.1;0.0;0.0
0.0;154.1;0.0;0.0
0.0;154.1;0.0;0.0
0.0;154.1;0.0;0.0
0.0;154.1;0.0;0.0
0.0;154.1;1.7;0.0
0.0;154.1;0.0;0.0
0.0;154.1;0.0;0.0
0.0;154.1;0.6;0.0
0.0;154.1;0.0;0.0
0.0;154.1;0.0;0.0
0.0;154.1;0.0;0.0
0.8;154.4;1.2;0.0
0.0;154.4;0.0;0.0
0.0;154.4;0.0;0.0
0.0;154.4;0.0;0.0
0.0;154.4;0.0;0.0
0.0;154.4;0.0;0.0
0.0;154.4;0.0;0.0
0.0;154.4;0.0;0.0
0.0;154.4;0.0;0.0
0.0;154.4;0.0;0.0
0.0;154.4;0.0;0.0
0.0;154.4;0.0;0.0
0.0;154.4;0.0;0.0
0.0;154.4;0.0;0.0
0.0;154.4;0.0;0.0
