6.7;55.1;34.6;0.0
7.5;66.5;26.1;0.0
6.7;75.1;21.3;0.0
8.3;83.0;30.2;0.0
5.8;93.8;42.6;0.0
6.6;102.9;39.8;0.0
43.9;124.7;38.1;0.0
65.6;135.6;23.8;0.0
7.5;147.0;36.7;0.0
7.5;154.6;12.6;0.0
5.8;155.9;2.3;0.0
0.0;155.9;0.0;0.0
0.0;155.9;0.0;0.0
0.0;155.9;0.0;0.0
0.0;155.9;0.0;0.0
0.0;155.9;0.0;0.0
0.0;155.9;0.0;0.0
0.0;155.9;0.0;0.0
0.0;156.1;1.8;0.0
0.0;156.1;0.0;0.0
0.0;156.1;0.0;0.0
0.8;156.1;0.4;0.0
0.0;156.1;0.6;0.0
0.0;156.1;0.0;0.0
0.0;156.1;0.0;0.0
0.0;156.1;0.0;0.0
5.8;156.5;0.8;0.0
9.2;156.5;0.0;0.0
8.3;156.5;0.0;0.0
8.3;156.5;0.0;0.0
8.3;156.5;0.0;0.0
6.6;157.4;1.5;0.0
0.0;157.4;0.0;0.0
0.0;157.4;0.0;0.0
0.0;157.4;0.0;0.0
0.0;157.4;0.0;0.0
0.0;157.4;0.0;0.0
0.0;157.4;0.0;0.0
0.0;157.4;1.8;0.0
0.0;157.4;0.0;0.0
0.0;157.4;0.0;0.0
0.0;157.4;0.0;0.0
0.0;157.4;1.2;0.0
0.0;157.4;0.0;0.0
0.0;157.4;0.0;0.0
0.8;157.6;0.9;0.0
0.0;157.6;0.0;0.0
0.0;157.6;0.0;0.0
0.0;157.6;0.0;0.0
0.0;157.6;0.0;0.0
0.0;157.6;0.0;0.0
0.0;157.6;0.0;0.0
0.0;157.6;0.0;0.0
0.0;157.6;0.0;0.0
0.0;157.6;0.0;0.0
0.0;157.6;0.0;0.0
0.0;157.6;0.0;0.0
0.0;157.6;0.0;0.0
0.0;157.6;0.0;0.0
0.0;157.6;0.0;0.0
