10.0;53.2;32.2;0.0
8.3;66.1;27.1;0.0
6.6;76.7;23.5;0.0
8.3;86.1;24.6;0.0
5.0;96.5;43.9;0.0
6.6;106.7;44.1;0.0
34.1;124.5;38.4;0.0
75.6;135.6;27.6;0.0
7.5;145.5;33.7;0.0
8.3;155.1;16.1;0.0
4.2;156.2;2.3;0.0
0.0;156.2;0.0;0.0
0.0;156.2;0.0;0.0
0.0;156.2;0.0;0.0
0.0;156.2;0.0;0.0
0.0;156.2;0.0;0.0
0.0;156.2;0.0;0.0
0.0;156.2;0.8;0.0
0.0;156.3;1.0;0.0
0.0;156.3;0.0;0.0
0.0;156.3;0.0;0.0
0.0;156.3;0.4;0.0
0.0;156.3;0.0;0.0
0.0;156.3;0.0;0.0
0.0;156.3;0.0;0.0
5.0;156.7;1.5;0.0
8.3;156.7;0.0;0.0
8.3;156.7;0.0;0.0
8.3;156.7;0.0;0.0
8.3;156.7;0.0;0.0
7.5;159.5;1.5;0.0
0.0;159.5;0.0;0.0
0.0;159.5;0.0;0.0
0.0;159.5;0.0;0.0
0.0;159.5;0.0;0.0
0.0;159.5;0.0;0.0
0.0;159.5;0.0;0.0
0.0;159.5;1.7;0.0
0.0;159.5;0.0;0.0
0.0;159.5;0.0;0.0
0.0;159.5;0.0;0.0
0.0;159.5;0.4;0.0
0.0;159.5;0.0;0.0
0.0;159.5;0.0;0.0
0.0;159.5;0.0;0.0
0.8;159.8;1.6;0.0
0.0;159.8;0.0;0.0
0.0;159.8;0.0;0.0
0.0;159.8;0.0;0.0
0.0;159.8;0.0;0.0
0.0;159.8;0.0;0.0
0.0;159.8;0.0;0.0
0.0;159.8;0.0;0.0
0.0;159.8;0.0;0.0
0.0;159.8;0.0;0.0
0.0;159.8;0.0;0.0
0.0;159.8;0.0;0.0
0.0;159.8;0.0;0.0
0.0;159.8;0.0;0.0
0.0;159.8;0.0;0.0
