7.5;57.7;31.7;0.0
7.5;70.7;26.4;0.0
5.8;74.0;22.7;0.0
9.1;83.8;28.6;0.0
5.8;93.8;41.1;0.0
6.6;103.9;42.7;0.0
31.6;123.2;37.9;0.0
76.4;134.2;28.1;0.0
6.6;142.1;23.4;0.0
8.3;154.4;26.5;0.0
6.6;155.7;2.3;0.0
0.0;155.7;0.0;0.0
0.0;155.7;0.0;0.0
0.0;155.7;0.0;0.0
0.0;155.7;0.0;0.0
0.0;155.7;0.0;0.0
0.0;155.7;0.0;0.0
0.0;155.7;0.0;0.0
0.8;155.9;1.6;0.0
0.0;155.9;0.0;0.0
0.0;155.9;0.0;0.0
0.0;155.9;0.4;0.0
0.0;155.9;0.0;0.0
0.0;155.9;0.0;0.0
0.0;155.9;0.0;0.0
2.5;156.3;1.5;0.0
8.3;156.3;0.0;0.0
8.3;156.3;0.0;0.0
8.3;156.3;0.0;0.0
8.3;156.3;0.0;0.0
8.3;156.8;1.5;0.0
1.7;157.1;0.0;0.0
0.0;157.1;0.0;0.0
0.0;157.1;0.0;0.0
0.0;157.1;0.0;0.0
0.0;157.1;0.0;0.0
0.0;157.1;0.0;0.0
0.0;157.1;0.0;0.0
0.0;157.1;1.8;0.0
0.0;157.1;0.0;0.0
0.0;157.1;0.0;0.0
0.0;157.1;0.4;0.0
0.0;157.1;0.0;0.0
0.0;157.1;0.0;0.0
0.0;157.1;0.0;0.0
0.8;157.4;1.6;0.0
0.0;157.4;0.0;0.0
0.0;157.4;0.0;0.0
0.0;157.4;0.0;0.0
0.0;157.4;0.0;0.0
0.0;157.4;0.0;0.0
0.0;157.4;0.0;0.0
0.0;157.4;0.0;0.0
0.0;157.4;0.0;0.0
0.0;157.4;0.0;0.0
0.0;157.4;0.0;0.0
0.0;157.4;0.0;0.0
0.0;157.4;0.0;0.0
0.0;157.4;0.0;0.0
0.0;157.4;0.0;0.0
