11.6;53.9;34.5;0.0
7.5;66.9;25.8;0.0
7.5;71.7;23.6;0.0
8.3;80.4;27.2;0.0
5.0;89.8;38.3;0.0
6.6;100.0;43.8;0.0
22.5;126.5;36.7;0.0
84.6;138.3;30.8;0.0
8.3;144.2;18.0;0.0
7.5;158.7;31.9;0.0
5.0;159.9;2.3;0.0
0.0;159.9;0.0;0.0
0.0;159.9;0.0;0.0
0.0;159.9;0.0;0.0
0.0;159.9;0.0;0.0
0.0;159.9;0.0;0.0
0.0;159.9;0.0;0.0
0.0;159.9;0.0;0.0
0.0;160.1;1.8;0.0
0.0;160.1;0.0;0.0
0.0;160.1;0.0;0.0
0.0;160.1;0.4;0.0
0.0;160.1;0.0;0.0
0.0;160.1;0.0;0.0
0.0;160.1;0.0;0.0
0.0;160.1;0.0;0.0
0.0;160.1;0.0;0.0
4.2;160.4;1.3;0.0
8.3;160.4;0.0;0.0
8.3;160.4;0.0;0.0
8.3;160.4;0.0;0.0
8.3;160.4;0.0;0.0
8.3;162.8;1.5;0.0
1.7;163.3;0.0;0.0
0.0;163.3;0.0;0.0
0.0;163.3;0.0;0.0
0.0;163.3;0.0;0.0
0.0;163.3;0.0;0.0
0.0;163.3;0.0;0.0
0.0;163.3;0.0;0.0
0.0;163.3;1.8;0.0
0.0;163.3;0.0;0.0
0.0;163.3;0.0;0.0
0.0;163.3;0.4;0.0
0.0;163.3;0.0;0.0
0.0;163.3;0.0;0.0
0.0;163.3;0.0;0.0
0.8;163.6;1.5;0.0
0.0;163.6;0.0;0.0
0.0;163.6;0.0;0.0
0.0;163.6;0.0;0.0
0.0;163.6;0.0;0.0
0.0;163.6;0.0;0.0
0.0;163.6;0.0;0.0
0.0;163.6;0.0;0.0
0.0;163.6;0.0;0.0
0.0;163.6;0.0;0.0
0.0;163.6;0.0;0.0
0.0;163.6;0.0;0.0
0.0;163.6;0.0;0.0
