5.8;46.6;36.5;0.0
8.3;60.9;28.7;0.0
6.6;71.8;24.1;0.0
7.5;80.8;30.6;0.0
6.6;92.1;45.9;0.0
6.6;103.3;47.3;0.0
59.1;124.8;45.0;0.0
50.7;133.8;12.6;0.0
7.5;147.9;42.7;0.0
8.3;150.8;2.6;0.0
3.3;151.9;2.3;0.0
0.0;151.9;0.0;0.0
0.0;151.9;0.0;0.0
0.0;151.9;0.0;0.0
0.0;151.9;0.0;0.0
0.0;151.9;0.0;0.0
0.0;151.9;0.0;0.0
0.0;152.1;1.8;0.0
0.0;152.1;0.0;0.0
0.0;152.1;0.0;0.0
0.0;152.1;0.0;0.0
0.0;152.1;0.4;0.0
0.0;152.1;0.0;0.0
0.0;152.1;0.0;0.0
0.0;152.1;0.0;0.0
7.5;152.5;1.4;0.0
8.3;152.5;0.0;0.0
8.3;152.5;0.0;0.0
8.3;152.5;0.0;0.0
9.2;152.8;1.2;0.0
4.1;153.4;0.3;0.0
0.0;153.4;0.0;0.0
0.0;153.4;0.0;0.0
0.0;153.4;0.0;0.0
0.0;153.4;0.0;0.0
0.0;153.4;0.0;0.0
0.0;153.4;0.0;0.0
0.0;153.4;1.8;0.0
0.0;153.4;0.0;0.0
0.0;153.4;0.0;0.0
0.0;153.4;0.0;0.0
0.0;153.4;0.4;0.0
0.0;153.4;0.0;0.0
0.0;153.4;0.0;0.0
0.8;153.6;1.3;0.0
0.0;153.6;0.0;0.0
0.0;153.6;0.0;0.0
0.0;153.6;0.0;0.0
0.0;153.6;0.0;0.0
0.0;153.6;0.0;0.0
0.0;153.6;0.0;0.0
0.0;153.6;0.0;0.0
0.0;153.6;0.0;0.0
0.0;153.6;0.0;0.0
0.0;153.6;0.0;0.0
0.0;153.6;0.0;0.0
0.0;153.6;0.0;0.0
0.0;153.6;0.0;0.0
0.0;153.6;0.0;0.0
0.0;153.6;0.0;0.0
