14.1;44.7;27.5;0.0
8.3;59.7;32.5;0.0
7.5;68.0;26.2;0.0
7.5;81.0;26.8;0.0
6.6;90.3;37.0;0.0
7.5;100.8;44.2;0.0
14.2;121.0;36.6;0.0
95.6;135.8;37.9;0.0
7.5;142.3;14.6;0.0
8.3;156.9;35.4;0.0
8.3;157.3;0.0;0.0
0.0;158.1;2.3;0.0
0.0;158.1;0.0;0.0
0.0;158.1;0.0;0.0
0.0;158.1;0.0;0.0
0.0;158.1;0.0;0.0
0.0;158.1;0.0;0.0
0.0;158.1;0.0;0.0
0.8;158.4;1.7;0.0
0.0;158.4;0.0;0.0
0.0;158.4;0.0;0.0
0.0;158.4;0.0;0.0
0.0;158.4;0.4;0.0
0.0;158.4;0.0;0.0
0.0;158.4;0.0;0.0
0.0;158.6;1.5;0.0
8.3;158.8;0.0;0.0
8.3;158.8;0.0;0.0
8.3;158.8;0.0;0.0
8.3;158.8;0.0;0.0
8.3;158.8;0.0;0.0
5.8;159.7;1.5;0.0
0.0;159.7;0.0;0.0
0.0;159.7;0.0;0.0
0.0;159.7;0.0;0.0
0.0;159.7;0.0;0.0
0.0;159.7;0.0;0.0
0.0;159.7;0.0;0.0
0.0;159.7;1.6;0.0
0.0;159.7;0.0;0.0
0.0;159.7;0.0;0.0
0.0;159.7;0.0;0.0
0.0;159.7;0.4;0.0
0.0;159.7;0.0;0.0
0.0;159.7;0.0;0.0
0.8;159.9;1.3;0.0
0.0;159.9;0.0;0.0
0.0;159.9;0.0;0.0
0.0;159.9;0.0;0.0
0.0;159.9;0.0;0.0
0.0;159.9;0.0;0.0
0.0;159.9;0.0;0.0
0.0;159.9;0.0;0.0
0.0;159.9;0.0;0.0
0.0;159.9;0.0;0.0
0.0;159.9;0.0;0.0
0.0;159.9;0.0;0.0
0.0;159.9;0.0;0.0
0.0;159.9;0.0;0.0
0.0;159.9;0.0;0.0
