24.9;46.5;31.4;0.0
8.3;62.0;31.0;0.0
5.8;67.4;22.7;0.0
8.3;78.4;25.8;0.0
7.5;87.6;38.9;0.0
6.6;98.0;43.8;0.0
15.0;115.7;35.0;0.0
94.7;130.6;36.1;0.0
7.5;136.9;15.8;0.0
7.5;151.4;34.1;0.0
8.3;152.6;2.3;0.0
0.0;152.6;0.0;0.0
0.0;152.6;0.0;0.0
0.0;152.6;0.0;0.0
0.0;152.6;0.0;0.0
0.0;152.6;0.0;0.0
0.0;152.6;0.0;0.0
0.0;152.6;0.0;0.0
0.0;152.8;1.7;0.0
0.0;152.8;0.0;0.0
0.0;152.8;0.0;0.0
0.0;152.8;0.4;0.0
0.0;152.8;0.0;0.0
0.0;152.8;0.0;0.0
0.0;152.8;0.0;0.0
2.5;153.1;1.3;0.0
8.3;153.1;0.0;0.0
7.5;153.1;0.0;0.0
8.3;153.1;0.0;0.0
8.3;153.1;0.0;0.0
8.3;155.4;1.5;0.0
3.3;156.0;0.0;0.0
0.0;156.0;0.0;0.0
0.0;156.0;0.0;0.0
0.0;156.0;0.0;0.0
0.0;156.0;0.0;0.0
0.0;156.0;0.0;0.0
0.0;156.0;0.0;0.0
0.0;156.0;1.8;0.0
0.0;156.0;0.0;0.0
0.0;156.0;0.0;0.0
0.0;156.0;0.4;0.0
0.0;156.0;0.0;0.0
0.0;156.0;0.0;0.0
0.0;156.0;0.0;0.0
0.8;156.2;1.3;0.0
0.0;156.2;0.0;0.0
0.0;156.2;0.0;0.0
0.0;156.2;0.0;0.0
0.0;156.2;0.0;0.0
0.0;156.2;0.0;0.0
0.0;156.2;0.0;0.0
0.0;156.2;0.0;0.0
0.0;156.2;0.0;0.0
0.0;156.2;0.0;0.0
0.0;156.2;0.0;0.0
0.0;156.2;0.0;0.0
0.0;156.2;0.0;0.0
0.0;156.2;0.0;0.0
0.0;156.2;0.0;0.0
