20.8;49.3;31.1;0.0
7.5;63.7;28.3;0.0
6.7;72.5;25.9;0.0
8.3;85.2;26.2;0.0
6.6;93.0;32.0;0.0
6.6;102.5;41.4;0.0
6.6;114.1;42.1;0.0
94.0;134.5;36.6;0.0
16.6;144.2;14.6;0.0
7.5;159.0;39.9;0.0
8.3;159.6;0.4;0.0
2.5;160.6;2.3;0.0
0.0;160.6;0.0;0.0
0.0;160.6;0.0;0.0
0.0;160.6;0.0;0.0
0.0;160.6;0.0;0.0
0.0;160.6;0.0;0.0
0.0;160.6;0.0;0.0
0.0;160.7;1.8;0.0
0.0;160.7;0.0;0.0
0.0;160.7;0.0;0.0
0.0;160.7;0.0;0.0
0.0;160.7;0.4;0.0
0.0;160.7;0.0;0.0
0.0;160.7;0.0;0.0
0.0;160.7;0.0;0.0
7.5;161.1;1.4;0.0
8.3;161.1;0.0;0.0
8.3;161.1;0.0;0.0
9.1;161.1;0.0;0.0
8.3;161.4;0.8;0.0
5.0;161.9;0.7;0.0
0.0;161.9;0.0;0.0
0.0;161.9;0.0;0.0
0.0;161.9;0.0;0.0
0.0;161.9;0.0;0.0
0.0;161.9;0.0;0.0
0.0;161.9;0.0;0.0
0.0;161.9;1.7;0.0
0.0;161.9;0.0;0.0
0.0;161.9;0.0;0.0
0.0;161.9;0.0;0.0
0.0;161.9;0.4;0.0
0.0;161.9;0.0;0.0
0.0;161.9;0.0;0.0
0.0;161.9;0.0;0.0
0.0;162.2;1.3;0.0
0.0;162.2;0.0;0.0
0.0;162.2;0.0;0.0
0.0;162.2;0.0;0.0
0.0;162.2;0.0;0.0
0.0;162.2;0.0;0.0
0.0;162.2;0.0;0.0
0.0;162.2;0.0;0.0
0.0;162.2;0.0;0.0
0.0;162.2;0.0;0.0
0.0;162.2;0.0;0.0
0.0;162.2;0.0;0.0
0.0;162.2;0.0;0.0
0.0;162.2;0.0;0.0
