24.1;46.1;30.6;0.0
7.5;61.5;32.2;0.0
6.6;72.4;23.7;0.0
7.5;82.7;25.0;0.0
5.8;92.6;42.1;0.0
8.3;102.8;43.4;0.0
16.6;126.4;28.9;0.0
87.3;142.5;39.4;0.0
7.5;148.7;9.8;0.0
7.5;163.7;40.1;0.0
8.3;164.0;0.0;0.0
1.7;165.1;2.3;0.0
0.0;165.1;0.0;0.0
0.0;165.1;0.0;0.0
0.0;165.1;0.0;0.0
0.0;165.1;0.0;0.0
0.0;165.1;0.0;0.0
0.0;165.1;0.0;0.0
0.0;165.3;1.8;0.0
0.0;165.3;0.0;0.0
0.0;165.3;0.0;0.0
0.0;165.3;0.0;0.0
0.0;165.3;0.4;0.0
0.0;165.3;0.0;0.0
0.0;165.3;0.0;0.0
0.0;165.3;0.0;0.0
4.1;165.7;1.4;0.0
8.3;165.7;0.0;0.0
8.3;165.7;0.0;0.0
8.3;165.7;0.0;0.0
8.3;165.7;0.0;0.0
8.3;166.0;1.5;0.0
3.3;166.6;0.0;0.0
0.0;166.6;0.0;0.0
0.0;166.6;0.0;0.0
0.0;166.6;0.0;0.0
0.0;166.6;0.0;0.0
0.0;166.6;0.0;0.0
0.0;166.6;0.0;0.0
0.8;166.6;1.8;0.0
0.0;166.6;0.0;0.0
0.0;166.6;0.0;0.0
0.0;166.6;0.4;0.0
0.0;166.6;0.0;0.0
0.0;166.6;0.0;0.0
0.0;166.6;0.0;0.0
0.0;166.8;1.6;0.0
0.0;166.8;0.0;0.0
0.0;166.8;0.0;0.0
0.0;166.8;0.0;0.0
0.0;166.8;0.0;0.0
0.0;166.8;0.0;0.0
0.0;166.8;0.0;0.0
0.0;166.8;0.0;0.0
0.0;166.8;0.0;0.0
0.0;166.8;0.0;0.0
0.0;166.8;0.0;0.0
0.0;166.8;0.0;0.0
0.0;166.8;0.0;0.0
0.0;166.8;0.0;0.0
