6.6;61.2;32.1;0.0
8.3;72.8;26.6;0.0
6.7;84.3;19.5;0.0
8.3;92.4;29.9;0.0
5.8;102.5;39.7;0.0
7.5;112.4;43.0;0.0
40.8;138.6;31.3;0.0
67.3;150.1;30.0;0.0
9.2;158.8;27.3;0.0
8.3;170.3;22.6;0.0
5.0;171.5;2.3;0.0
0.0;171.5;0.0;0.0
0.0;171.5;0.0;0.0
0.0;171.5;0.0;0.0
0.0;171.5;0.0;0.0
0.0;171.5;0.0;0.0
0.0;171.5;0.0;0.0
0.0;171.5;0.0;0.0
0.0;171.7;1.8;0.0
0.0;171.7;0.0;0.0
0.0;171.7;0.0;0.0
0.0;171.7;0.4;0.0
0.0;171.7;0.0;0.0
0.0;171.7;0.0;0.0
0.0;171.7;0.0;0.0
1.7;171.9;1.4;0.0
8.3;172.1;0.0;0.0
8.3;172.1;0.0;0.0
7.5;172.1;0.0;0.0
8.3;172.1;0.0;0.0
9.1;172.4;1.5;0.0
2.5;173.0;0.0;0.0
0.0;173.0;0.0;0.0
0.0;173.0;0.0;0.0
0.0;173.0;0.0;0.0
0.0;173.0;0.0;0.0
0.0;173.0;0.0;0.0
0.0;173.0;0.0;0.0
0.0;173.0;1.7;0.0
0.0;173.0;0.0;0.0
0.0;173.0;0.0;0.0
0.0;173.0;0.4;0.0
0.0;173.0;0.0;0.0
0.0;173.0;0.0;0.0
0.0;173.0;0.0;0.0
0.0;173.2;1.4;0.0
0.0;173.2;0.0;0.0
0.0;173.2;0.0;0.0
0.0;173.2;0.0;0.0
0.0;173.2;0.0;0.0
0.0;173.2;0.0;0.0
0.0;173.2;0.0;0.0
0.0;173.2;0.0;0.0
0.0;173.2;0.0;0.0
0.0;173.2;0.0;0.0
0.0;173.2;0.0;0.0
0.0;173.2;0.0;0.0
0.0;173.2;0.0;0.0
0.0;173.2;0.0;0.0
0.0;173.2;0.0;0.0
