5.8;47.2;29.7;0.0
7.5;63.1;32.0;0.0
6.6;69.4;24.0;0.0
8.3;80.9;25.7;0.0
7.5;89.5;35.7;0.0
7.5;100.5;47.2;0.0
11.7;118.7;31.7;0.0
96.5;134.9;40.4;0.0
9.1;141.6;12.6;0.0
7.5;156.5;37.3;0.0
7.5;157.7;2.0;0.0
0.0;157.7;0.3;0.0
0.0;157.7;0.0;0.0
0.0;157.7;0.0;0.0
0.0;157.7;0.0;0.0
0.0;157.7;0.0;0.0
0.0;157.7;0.0;0.0
0.0;157.7;0.0;0.0
0.0;158.1;1.8;0.0
0.0;158.1;0.0;0.0
0.0;158.1;0.0;0.0
0.0;158.1;0.0;0.0
0.0;158.1;0.4;0.0
0.0;158.1;0.0;0.0
0.0;158.1;0.0;0.0
1.7;158.2;1.3;0.0
8.3;158.4;0.0;0.0
8.3;158.4;0.0;0.0
8.3;158.4;0.0;0.0
8.3;158.4;0.0;0.0
8.3;158.7;1.5;0.0
3.3;159.3;0.0;0.0
0.0;159.3;0.0;0.0
0.0;159.3;0.0;0.0
0.0;159.3;0.0;0.0
0.0;159.3;0.0;0.0
0.0;159.3;0.0;0.0
0.0;159.3;0.0;0.0
0.0;159.3;1.8;0.0
0.0;159.3;0.0;0.0
0.0;159.3;0.0;0.0
0.0;159.3;0.4;0.0
0.0;159.3;0.0;0.0
0.0;159.3;0.0;0.0
0.0;159.3;0.0;0.0
0.0;159.3;0.0;0.0
0.8;159.6;1.4;0.0
0.0;159.6;0.0;0.0
0.0;159.6;0.0;0.0
0.0;159.6;0.0;0.0
0.0;159.6;0.0;0.0
0.0;159.6;0.0;0.0
0.0;159.6;0.0;0.0
0.0;159.6;0.0;0.0
0.0;159.6;0.0;0.0
0.0;159.6;0.0;0.0
0.0;159.6;0.0;0.0
0.0;159.6;0.0;0.0
0.0;159.6;0.0;0.0
0.0;159.6;0.0;0.0
