7.5;52.6;35.9;0.0
7.5;66.7;27.8;0.0
6.6;72.0;23.1;0.0
7.5;80.2;34.2;0.0
6.6;92.0;43.6;0.0
8.3;104.1;50.6;0.0
65.7;127.8;40.1;0.0
43.2;137.4;12.6;0.0
7.5;152.8;42.8;0.0
8.3;153.6;0.0;0.0
0.8;154.5;2.3;0.0
0.0;154.5;0.0;0.0
0.0;154.5;0.0;0.0
0.0;154.5;0.0;0.0
0.0;154.5;0.0;0.0
0.0;154.5;0.0;0.0
0.0;154.5;0.0;0.0
0.0;154.5;1.7;0.0
0.0;154.5;0.0;0.0
0.0;154.5;0.0;0.0
0.0;154.5;0.0;0.0
0.0;154.5;0.4;0.0
0.0;154.5;0.0;0.0
0.0;154.5;0.0;0.0
0.0;154.5;0.0;0.0
5.0;154.9;1.4;0.0
8.3;154.9;0.0;0.0
8.3;154.9;0.0;0.0
8.3;154.9;0.0;0.0
8.3;154.9;0.0;0.0
6.6;155.8;1.5;0.0
0.0;155.8;0.0;0.0
0.0;155.8;0.0;0.0
0.0;155.8;0.0;0.0
0.0;155.8;0.0;0.0
0.0;155.8;0.0;0.0
0.0;155.8;0.0;0.0
0.8;155.8;1.8;0.0
0.0;155.8;0.0;0.0
0.0;155.8;0.0;0.0
0.0;155.8;0.0;0.0
0.0;155.8;0.4;0.0
0.0;155.8;0.0;0.0
0.0;155.8;0.0;0.0
0.0;155.8;0.0;0.0
0.0;155.8;0.0;0.0
0.0;156.1;1.4;0.0
0.0;156.1;0.0;0.0
0.0;156.1;0.0;0.0
0.0;156.1;0.0;0.0
0.0;156.1;0.0;0.0
0.0;156.1;0.0;0.0
0.0;156.1;0.0;0.0
0.0;156.1;0.0;0.0
0.0;156.1;0.0;0.0
0.0;156.1;0.0;0.0
0.0;156.1;0.0;0.0
0.0;156.1;0.0;0.0
0.0;156.1;0.0;0.0
0.0;156.1;0.0;0.0
