6.6;54.3;34.8;0.0
7.5;66.2;24.5;0.0
6.6;71.9;20.8;0.0
8.3;80.8;26.0;0.0
5.0;91.8;45.9;0.0
8.3;101.3;40.7;0.0
30.8;127.0;37.4;0.0
78.2;138.2;27.6;0.0
7.5;148.8;34.3;0.0
9.1;157.9;15.5;0.0
4.2;159.2;2.3;0.0
0.0;159.2;0.0;0.0
0.0;159.2;0.0;0.0
0.0;159.2;0.0;0.0
0.0;159.2;0.0;0.0
0.0;159.2;0.0;0.0
0.0;159.2;0.0;0.0
0.0;159.5;1.8;0.0
0.0;159.5;0.0;0.0
0.0;159.5;0.0;0.0
0.0;159.5;0.0;0.0
0.0;159.5;0.4;0.0
0.0;159.5;0.0;0.0
0.0;159.5;0.0;0.0
0.0;159.5;0.0;0.0
5.8;159.9;1.5;0.0
8.3;159.9;0.0;0.0
8.3;159.9;0.0;0.0
8.3;159.9;0.0;0.0
8.3;159.9;0.0;0.0
7.5;160.8;1.5;0.0
0.0;160.8;0.0;0.0
0.0;160.8;0.0;0.0
0.0;160.8;0.0;0.0
0.0;160.8;0.0;0.0
0.0;160.8;0.0;0.0
0.0;160.8;0.0;0.0
0.8;160.8;1.7;0.0
0.0;160.8;0.0;0.0
0.0;160.8;0.0;0.0
0.0;160.8;0.0;0.0
0.0;160.8;0.4;0.0
0.0;160.8;0.0;0.0
0.0;160.8;0.0;0.0
0.0;160.8;0.0;0.0
0.0;161.0;1.3;0.0
0.0;161.0;0.0;0.0
0.0;161.0;0.0;0.0
0.0;161.0;0.0;0.0
0.0;161.0;0.0;0.0
0.0;161.0;0.0;0.0
0.0;161.0;0.0;0.0
0.0;161.0;0.0;0.0
0.0;161.0;0.0;0.0
0.0;161.0;0.0;0.0
0.0;161.0;0.0;0.0
0.0;161.0;0.0;0.0
0.0;161.0;0.0;0.0
0.0;161.0;0.0;0.0
0.0;161.0;0.0;0.0
