6.6;54.3;32.8;0.0
7.5;66.2;25.7;0.0
6.6;76.3;21.1;0.0
8.3;85.1;29.4;0.0
5.8;94.9;38.7;0.0
6.7;104.8;42.7;0.0
34.3;123.1;42.0;0.0
74.7;133.7;23.6;0.0
7.5;143.4;33.1;0.0
8.3;153.5;16.6;0.0
5.0;154.7;2.3;0.0
0.0;154.7;0.0;0.0
0.0;154.7;0.0;0.0
0.0;154.7;0.0;0.0
0.0;154.7;0.0;0.0
0.0;154.7;0.0;0.0
0.0;154.7;0.0;0.0
0.0;155.1;1.8;0.0
0.0;155.1;0.0;0.0
0.0;155.1;0.0;0.0
0.0;155.1;0.0;0.0
0.0;155.1;0.4;0.0
0.0;155.1;0.0;0.0
0.0;155.1;0.0;0.0
0.0;155.1;0.0;0.0
0.0;155.1;0.0;0.0
0.0;155.1;0.0;0.0
0.0;155.1;0.0;0.0
0.0;155.1;0.0;0.0
0.0;155.1;0.0;0.0
0.0;155.1;0.0;0.0
0.0;155.1;0.0;0.0
0.0;155.1;0.0;0.0
0.0;155.1;0.0;0.0
0.0;155.1;0.0;0.0
0.0;155.1;0.0;0.0
0.0;155.1;0.0;0.0
0.0;155.1;0.0;0.0
0.0;155.1;0.0;0.0
0.0;155.1;0.0;0.0
0.0;155.1;0.0;0.0
0.0;155.1;0.0;0.0
0.0;155.1;0.0;0.0
0.0;155.1;0.0;0.0
0.0;155.1;0.0;0.0
0.0;155.1;0.0;0.0
0.0;155.1;0.0;0.0
2.5;155.4;1.3;0.0
8.3;155.4;0.0;0.0
8.3;155.4;0.0;0.0
8.3;155.4;0.0;0.0
8.3;155.4;0.0;0.0
8.3;157.9;1.5;0.0
2.5;158.3;0.0;0.0
0.0;158.3;0.0;0.0
0.0;158.3;0.0;0.0
0.0;158.3;0.0;0.0
0.0;158.3;0.0;0.0
0.0;158.3;0.0;0.0
0.0;158.3;0.0;0.0
