10.8;48.9;33.0;0.0
7.5;64.4;30.0;0.0
7.5;73.3;23.7;0.0
7.5;82.8;24.6;0.0
5.0;91.7;36.9;0.0
8.3;102.3;45.6;0.0
12.5;118.0;33.4;0.0
95.4;133.1;37.9;0.0
7.5;139.2;13.0;0.0
8.3;153.7;37.0;0.0
8.3;154.7;2.3;0.0
0.0;154.7;0.0;0.0
0.0;154.7;0.0;0.0
0.0;154.7;0.0;0.0
0.0;154.7;0.0;0.0
0.0;154.7;0.0;0.0
0.0;154.7;0.0;0.0
0.0;154.7;0.0;0.0
0.0;155.1;1.8;0.0
0.0;155.1;0.0;0.0
0.0;155.1;0.0;0.0
0.0;155.1;0.0;0.0
0.0;155.1;0.4;0.0
0.0;155.1;0.0;0.0
0.0;155.1;0.0;0.0
1.7;155.4;1.5;0.0
8.3;155.4;0.0;0.0
8.3;155.4;0.0;0.0
8.3;155.4;0.0;0.0
8.3;155.4;0.0;0.0
8.3;155.7;1.5;0.0
0.8;156.2;0.0;0.0
0.0;156.2;0.0;0.0
0.0;156.2;0.0;0.0
0.0;156.2;0.0;0.0
0.0;156.2;0.0;0.0
0.0;156.2;0.0;0.0
0.0;156.2;0.0;0.0
0.0;156.2;1.7;0.0
0.0;156.2;0.0;0.0
0.0;156.2;0.0;0.0
0.0;156.2;0.4;0.0
0.0;156.2;0.0;0.0
0.0;156.2;0.0;0.0
0.0;156.2;0.7;0.0
0.0;156.2;0.0;0.0
0.0;156.2;0.0;0.0
0.0;156.2;0.0;0.0
0.8;156.4;0.7;0.0
0.0;156.4;0.0;0.0
0.0;156.4;0.0;0.0
0.0;156.4;0.0;0.0
0.0;156.4;0.0;0.0
0.0;156.4;0.0;0.0
0.0;156.4;0.0;0.0
0.0;156.4;0.0;0.0
0.0;156.4;0.0;0.0
0.0;156.4;0.0;0.0
0.0;156.4;0.0;0.0
0.0;156.4;0.0;0.0
