10.0;49.2;34.8;0.0
7.5;64.4;29.6;0.0
6.6;69.8;23.5;0.0
8.3;79.3;24.6;0.0
5.0;89.0;41.5;0.0
7.5;99.4;43.8;0.0
21.6;120.3;38.3;0.0
87.3;132.0;30.2;0.0
7.5;139.7;22.8;0.0
8.3;152.2;27.1;0.0
5.8;153.4;2.3;0.0
0.0;153.4;0.0;0.0
0.0;153.4;0.0;0.0
0.0;153.4;0.0;0.0
0.0;153.4;0.0;0.0
0.0;153.4;0.0;0.0
0.0;153.4;0.0;0.0
0.0;153.4;0.0;0.0
0.0;153.5;1.8;0.0
0.0;153.5;0.0;0.0
0.0;153.5;0.0;0.0
0.0;153.5;0.4;0.0
0.0;153.5;0.0;0.0
0.0;153.5;0.0;0.0
0.0;153.5;0.0;0.0
2.5;153.9;1.3;0.0
8.3;153.9;0.0;0.0
9.1;153.9;0.0;0.0
8.3;153.9;0.0;0.0
8.3;153.9;0.0;0.0
8.3;156.1;1.5;0.0
2.5;156.8;0.0;0.0
0.0;156.8;0.0;0.0
0.0;156.8;0.0;0.0
0.0;156.8;0.0;0.0
0.0;156.8;0.0;0.0
0.0;156.8;0.0;0.0
0.0;156.8;0.0;0.0
0.0;156.8;1.8;0.0
0.0;156.8;0.0;0.0
0.0;156.8;0.0;0.0
0.0;156.8;0.4;0.0
0.0;156.8;0.0;0.0
0.0;156.8;0.0;0.0
0.0;156.8;0.0;0.0
0.8;157.0;1.4;0.0
0.0;157.0;0.0;0.0
0.0;157.0;0.0;0.0
0.0;157.0;0.0;0.0
0.0;157.0;0.0;0.0
0.0;157.0;0.0;0.0
0.0;157.0;0.0;0.0
0.0;157.0;0.0;0.0
0.0;157.0;0.0;0.0
0.0;157.0;0.0;0.0
0.0;157.0;0.0;0.0
0.0;157.0;0.0;0.0
0.0;157.0;0.0;0.0
0.0;157.0;0.0;0.0
0.0;157.0;0.0;0.0
