6.6;46.9;32.6;0.0
8.3;61.8;30.4;0.0
5.8;66.5;22.7;0.0
8.3;77.4;25.8;0.0
5.8;86.3;36.5;0.0
7.5;96.6;44.0;0.0
12.5;111.8;34.3;0.0
95.6;127.5;39.0;0.0
7.5;133.8;13.0;0.0
8.3;148.4;37.0;0.0
6.6;149.4;2.2;0.0
0.0;149.4;0.1;0.0
0.0;149.4;0.0;0.0
0.0;149.4;0.0;0.0
0.0;149.4;0.0;0.0
0.0;149.4;0.0;0.0
0.0;149.4;0.0;0.0
0.0;149.4;0.0;0.0
0.0;149.7;1.7;0.0
0.0;149.7;0.0;0.0
0.0;149.7;0.0;0.0
0.0;149.7;0.0;0.0
0.0;149.7;0.4;0.0
0.0;149.7;0.0;0.0
0.0;149.7;0.0;0.0
2.5;150.1;1.6;0.0
8.3;150.1;0.0;0.0
8.3;150.1;0.0;0.0
8.3;150.1;0.0;0.0
8.3;150.1;0.0;0.0
8.3;150.3;1.4;0.0
4.2;150.9;0.1;0.0
0.0;150.9;0.0;0.0
0.0;150.9;0.0;0.0
0.0;150.9;0.0;0.0
0.0;150.9;0.0;0.0
0.0;150.9;0.0;0.0
0.0;150.9;0.0;0.0
0.0;150.9;1.8;0.0
0.0;150.9;0.0;0.0
0.0;150.9;0.0;0.0
0.0;150.9;0.0;0.0
0.0;150.9;0.4;0.0
0.0;150.9;0.0;0.0
0.0;150.9;0.0;0.0
0.0;150.9;0.0;0.0
0.0;151.1;1.5;0.0
0.0;151.1;0.0;0.0
0.0;151.1;0.0;0.0
0.0;151.1;0.0;0.0
0.0;151.1;0.0;0.0
0.0;151.1;0.0;0.0
0.0;151.1;0.0;0.0
0.0;151.1;0.0;0.0
0.0;151.1;0.0;0.0
0.0;151.1;0.0;0.0
0.0;151.1;0.0;0.0
0.0;151.1;0.0;0.0
0.0;151.1;0.0;0.0
0.0;151.1;0.0;0.0
