6.6;56.6;34.6;0.0
7.5;68.9;28.3;0.0
6.6;81.1;20.8;0.0
8.3;89.0;35.4;0.0
7.5;100.2;40.6;0.0
7.5;109.4;41.3;0.0
50.8;134.0;41.4;0.0
59.1;143.6;15.8;0.0
6.6;157.0;41.3;0.0
8.3;162.0;7.1;0.0
3.3;163.2;2.3;0.0
0.0;163.2;0.0;0.0
0.0;163.2;0.0;0.0
0.0;163.2;0.0;0.0
0.0;163.2;0.0;0.0
0.0;163.2;0.0;0.0
0.0;163.2;0.0;0.0
0.8;163.6;1.8;0.0
0.0;163.6;0.0;0.0
0.0;163.6;0.0;0.0
0.0;163.6;0.0;0.0
0.0;163.6;0.4;0.0
0.0;163.6;0.0;0.0
0.0;163.6;0.0;0.0
0.0;163.6;0.0;0.0
0.0;163.6;0.0;0.0
4.2;163.9;1.4;0.0
8.3;163.9;0.0;0.0
8.3;163.9;0.0;0.0
8.3;163.9;0.0;0.0
8.3;163.9;0.0;0.0
8.3;164.8;1.5;0.0
0.0;164.8;0.0;0.0
0.0;164.8;0.0;0.0
0.0;164.8;0.0;0.0
0.0;164.8;0.0;0.0
0.0;164.8;0.0;0.0
0.0;164.8;0.0;0.0
0.0;164.8;1.7;0.0
0.0;164.8;0.0;0.0
0.0;164.8;0.0;0.0
0.0;164.8;0.0;0.0
0.0;164.8;0.4;0.0
0.0;164.8;0.0;0.0
0.0;164.8;0.0;0.0
0.0;164.8;0.0;0.0
0.0;165.1;1.3;0.0
0.0;165.1;0.0;0.0
0.0;165.1;0.0;0.0
0.0;165.1;0.0;0.0
0.0;165.1;0.0;0.0
0.0;165.1;0.0;0.0
0.0;165.1;0.0;0.0
0.0;165.1;0.0;0.0
0.0;165.1;0.0;0.0
0.0;165.1;0.0;0.0
0.0;165.1;0.0;0.0
0.0;165.1;0.0;0.0
0.0;165.1;0.0;0.0
0.0;165.1;0.0;0.0
