15.0;46.5;33.2;0.0
8.3;61.6;30.2;0.0
6.7;69.0;24.0;0.0
8.3;79.0;25.0;0.0
5.8;88.6;41.7;0.0
9.2;99.2;44.6;0.0
27.5;121.6;36.1;0.0
79.9;133.7;31.4;0.0
6.6;140.3;20.0;0.0
8.3;154.0;30.3;0.0
8.3;154.3;0.1;0.0
7.5;155.0;1.5;0.0
8.3;186.8;68.8;4.0
8.3;187.5;371.6;0.0
8.3;218.9;167.2;0.0
8.3;218.9;0.2;68.0
8.3;219.1;0.6;192.0
8.3;219.1;0.2;64.0
8.3;188.7;0.3;40.0
9.1;0.0;0.0;0.0
0.0;0.0;0.0;0.0
0.0;0.0;0.0;0.0
0.0;0.0;0.0;0.0
0.0;0.0;0.0;0.0
0.0;0.0;0.0;0.0
0.0;0.0;0.0;0.0
0.0;0.0;0.0;0.0
0.0;0.0;0.0;0.0
0.0;0.0;0.0;0.0
0.0;0.0;0.0;0.0
0.0;0.0;0.0;0.0
0.0;0.0;0.0;0.0
0.0;0.0;0.0;0.0
0.0;0.0;0.0;0.0
0.0;0.0;0.0;0.0
0.0;0.0;0.0;0.0
0.0;0.0;0.0;0.0
0.0;0.0;0.0;0.0
0.0;0.0;0.0;0.0
0.0;0.0;0.0;0.0
0.0;0.0;0.0;0.0
0.0;0.0;0.0;0.0
0.0;0.0;0.0;0.0
0.0;0.0;0.0;0.0
0.0;0.0;0.0;0.0
0.0;0.0;0.0;0.0
0.0;0.0;0.0;0.0
0.0;0.0;0.0;0.0
0.0;0.0;0.0;0.0
0.0;0.0;0.0;0.0
0.0;0.0;0.0;0.0
0.0;0.0;0.0;0.0
0.0;0.0;0.0;0.0
0.0;0.0;0.0;0.0
0.0;0.0;0.0;0.0
0.0;0.0;0.0;0.0
0.0;0.0;0.0;0.0
0.0;0.0;0.0;0.0
0.0;0.0;0.0;0.0
0.0;0.0;0.0;0.0
