6.6;48.8;33.0;0.0
7.5;64.0;30.8;0.0
7.5;69.3;22.6;0.0
8.3;80.2;25.8;0.0
6.6;89.1;36.5;0.0
7.5;99.3;44.2;0.0
10.0;121.2;32.0;0.0
90.7;138.0;41.1;0.0
9.1;144.2;9.8;0.0
8.3;159.2;40.5;0.0
8.3;159.7;0.1;0.0
8.3;160.0;1.5;0.0
6.7;162.8;0.3;4.0
8.3;195.0;331.7;0.0
8.3;226.3;278.0;0.0
8.3;226.5;0.0;0.0
8.3;226.5;0.6;196.0
8.3;226.5;0.4;128.0
8.3;196.2;0.3;44.0
7.5;196.3;0.0;0.0
4.1;0.0;0.0;0.0
0.0;0.0;0.0;0.0
0.0;0.0;0.0;0.0
0.0;0.0;0.0;0.0
0.0;0.0;0.0;0.0
0.0;0.0;0.0;0.0
0.0;0.0;0.0;0.0
0.0;0.0;0.0;0.0
0.0;0.0;0.0;0.0
0.0;0.0;0.0;0.0
0.0;0.0;0.0;0.0
0.0;0.0;0.0;0.0
0.0;0.0;0.0;0.0
0.0;0.0;0.0;0.0
0.0;0.0;0.0;0.0
0.0;0.0;0.0;0.0
0.0;0.0;0.0;0.0
0.0;0.0;0.0;0.0
0.0;0.0;0.0;0.0
0.0;0.0;0.0;0.0
0.0;0.0;0.0;0.0
0.0;0.0;0.0;0.0
0.0;0.0;0.0;0.0
0.0;0.0;0.0;0.0
0.0;0.0;0.0;0.0
0.0;0.0;0.0;0.0
0.0;0.0;0.0;0.0
0.0;0.0;0.0;0.0
0.0;0.0;0.0;0.0
0.0;0.0;0.0;0.0
0.0;0.0;0.0;0.0
0.0;0.0;0.0;0.0
0.0;0.0;0.0;0.0
0.0;0.0;0.0;0.0
0.0;0.0;0.0;0.0
0.0;0.0;0.0;0.0
0.0;0.0;0.0;0.0
0.0;0.0;0.0;0.0
0.0;0.0;0.0;0.0
0.0;0.0;0.0;0.0
