7.5;57.7;29.3;0.0
8.3;70.0;24.3;0.0
7.5;73.0;21.4;0.0
6.6;84.3;25.0;0.0
7.5;93.7;37.6;0.0
7.5;103.9;42.6;0.0
7.5;115.8;34.3;0.0
98.2;138.5;41.2;0.0
10.8;143.2;6.6;0.0
8.3;155.5;37.5;0.0
8.3;160.1;6.3;0.0
8.3;160.3;0.0;0.0
8.3;160.9;1.5;0.0
6.6;194.7;103.6;4.0
8.3;195.3;337.6;0.0
8.3;226.9;167.6;0.0
8.3;226.9;0.2;68.0
9.1;226.9;0.6;192.0
8.3;226.9;0.2;64.0
8.3;196.7;0.3;44.0
8.3;196.3;0.0;0.0
2.5;0.0;0.0;0.0
0.0;0.0;0.0;0.0
0.0;0.0;0.0;0.0
0.0;0.0;0.0;0.0
0.0;0.0;0.0;0.0
0.0;0.0;0.0;0.0
0.0;0.0;0.0;0.0
0.0;0.0;0.0;0.0
0.0;0.0;0.0;0.0
0.0;0.0;0.0;0.0
0.0;0.0;0.0;0.0
0.0;0.0;0.0;0.0
0.0;0.0;0.0;0.0
0.0;0.0;0.0;0.0
0.0;0.0;0.0;0.0
0.0;0.0;0.0;0.0
0.0;0.0;0.0;0.0
0.0;0.0;0.0;0.0
0.0;0.0;0.0;0.0
0.0;0.0;0.0;0.0
0.0;0.0;0.0;0.0
0.0;0.0;0.0;0.0
0.0;0.0;0.0;0.0
0.0;0.0;0.0;0.0
0.0;0.0;0.0;0.0
0.0;0.0;0.0;0.0
0.0;0.0;0.0;0.0
0.0;0.0;0.0;0.0
0.0;0.0;0.0;0.0
0.0;0.0;0.0;0.0
0.0;0.0;0.0;0.0
0.0;0.0;0.0;0.0
0.0;0.0;0.0;0.0
0.0;0.0;0.0;0.0
0.0;0.0;0.0;0.0
0.0;0.0;0.0;0.0
0.0;0.0;0.0;0.0
0.0;0.0;0.0;0.0
0.0;0.0;0.0;0.0
