7.5;65.5;30.6;0.0
6.6;62.8;29.4;0.0
7.5;75.6;22.9;0.0
7.5;83.0;30.5;0.0
7.5;93.4;37.4;0.0
6.7;103.5;44.1;0.0
54.1;125.5;40.5;0.0
55.6;134.0;13.9;0.0
8.3;144.9;34.7;0.0
7.5;153.1;14.6;0.0
8.3;153.3;0.1;0.0
7.5;153.9;1.5;0.0
9.1;189.6;177.2;4.0
8.3;190.1;302.8;0.0
8.3;221.7;128.2;0.0
8.3;222.0;0.2;68.0
9.1;222.0;0.6;192.0
8.3;222.0;0.2;64.0
8.3;191.6;0.3;40.0
7.5;0.0;0.0;0.0
0.0;0.0;0.0;0.0
0.0;0.0;0.0;0.0
0.0;0.0;0.0;0.0
0.0;0.0;0.0;0.0
0.0;0.0;0.0;0.0
0.0;0.0;0.0;0.0
0.0;0.0;0.0;0.0
0.0;0.0;0.0;0.0
0.0;0.0;0.0;0.0
0.0;0.0;0.0;0.0
0.0;0.0;0.0;0.0
0.0;0.0;0.0;0.0
0.0;0.0;0.0;0.0
0.0;0.0;0.0;0.0
0.0;0.0;0.0;0.0
0.0;0.0;0.0;0.0
0.0;0.0;0.0;0.0
0.0;0.0;0.0;0.0
0.0;0.0;0.0;0.0
0.0;0.0;0.0;0.0
0.0;0.0;0.0;0.0
0.0;0.0;0.0;0.0
0.0;0.0;0.0;0.0
0.0;0.0;0.0;0.0
0.0;0.0;0.0;0.0
0.0;0.0;0.0;0.0
0.0;0.0;0.0;0.0
0.0;0.0;0.0;0.0
0.0;0.0;0.0;0.0
0.0;0.0;0.0;0.0
0.0;0.0;0.0;0.0
0.0;0.0;0.0;0.0
0.0;0.0;0.0;0.0
0.0;0.0;0.0;0.0
0.0;0.0;0.0;0.0
0.0;0.0;0.0;0.0
0.0;0.0;0.0;0.0
0.0;0.0;0.0;0.0
0.0;0.0;0.0;0.0
0.0;0.0;0.0;0.0
