8.3;53.0;34.9;0.0
8.3;66.2;26.9;0.0
7.5;74.8;24.2;0.0
7.5;82.9;32.0;0.0
7.5;94.7;44.6;0.0
6.6;106.7;47.9;0.0
62.4;127.8;40.0;0.0
49.1;137.2;13.2;0.0
6.6;151.5;43.5;0.0
8.3;154.7;3.1;0.0
9.1;156.7;1.5;0.0
7.5;157.3;0.0;0.0
7.5;189.5;263.0;4.0
8.3;189.8;319.6;0.0
8.3;221.3;26.8;0.0
8.3;221.3;0.4;132.0
8.3;221.3;0.6;192.0
7.5;191.0;0.3;44.0
8.3;191.1;0.0;0.0
7.5;0.0;0.0;0.0
0.0;0.0;0.0;0.0
0.0;0.0;0.0;0.0
0.0;0.0;0.0;0.0
0.0;0.0;0.0;0.0
0.0;0.0;0.0;0.0
0.0;0.0;0.0;0.0
0.0;0.0;0.0;0.0
0.0;0.0;0.0;0.0
0.0;0.0;0.0;0.0
0.0;0.0;0.0;0.0
0.0;0.0;0.0;0.0
0.0;0.0;0.0;0.0
0.0;0.0;0.0;0.0
0.0;0.0;0.0;0.0
0.0;0.0;0.0;0.0
0.0;0.0;0.0;0.0
0.0;0.0;0.0;0.0
0.0;0.0;0.0;0.0
0.0;0.0;0.0;0.0
0.0;0.0;0.0;0.0
0.0;0.0;0.0;0.0
0.0;0.0;0.0;0.0
0.0;0.0;0.0;0.0
0.0;0.0;0.0;0.0
0.0;0.0;0.0;0.0
0.0;0.0;0.0;0.0
0.0;0.0;0.0;0.0
0.0;0.0;0.0;0.0
0.0;0.0;0.0;0.0
0.0;0.0;0.0;0.0
0.0;0.0;0.0;0.0
0.0;0.0;0.0;0.0
0.0;0.0;0.0;0.0
0.0;0.0;0.0;0.0
0.0;0.0;0.0;0.0
0.0;0.0;0.0;0.0
0.0;0.0;0.0;0.0
0.0;0.0;0.0;0.0
0.0;0.0;0.0;0.0
0.0;0.0;0.0;0.0
