6.6;55.2;30.9;0.0
7.5;70.0;31.0;0.0
8.3;67.3;25.4;0.0
8.3;79.6;26.4;0.0
6.6;87.0;32.5;0.0
6.6;96.3;39.9;0.0
6.6;107.7;41.7;0.0
87.4;128.0;35.0;0.0
23.2;136.7;12.8;0.0
6.7;151.0;43.4;0.0
9.1;153.6;0.9;0.0
8.3;153.7;1.5;0.0
8.3;154.3;0.0;0.0
7.5;186.5;220.6;4.0
9.1;186.9;314.4;0.0
8.3;218.3;75.6;0.0
8.3;218.6;0.4;132.0
8.3;218.6;0.4;128.0
8.3;218.6;0.2;64.0
8.3;188.1;0.3;44.0
8.3;0.0;0.0;0.0
0.8;0.0;0.0;0.0
0.0;0.0;0.0;0.0
0.0;0.0;0.0;0.0
0.0;0.0;0.0;0.0
0.0;0.0;0.0;0.0
0.0;0.0;0.0;0.0
0.0;0.0;0.0;0.0
0.0;0.0;0.0;0.0
0.0;0.0;0.0;0.0
0.0;0.0;0.0;0.0
0.0;0.0;0.0;0.0
0.0;0.0;0.0;0.0
0.0;0.0;0.0;0.0
0.0;0.0;0.0;0.0
0.0;0.0;0.0;0.0
0.0;0.0;0.0;0.0
0.0;0.0;0.0;0.0
0.0;0.0;0.0;0.0
0.0;0.0;0.0;0.0
0.0;0.0;0.0;0.0
0.0;0.0;0.0;0.0
0.0;0.0;0.0;0.0
0.0;0.0;0.0;0.0
0.0;0.0;0.0;0.0
0.0;0.0;0.0;0.0
0.0;0.0;0.0;0.0
0.0;0.0;0.0;0.0
0.0;0.0;0.0;0.0
0.0;0.0;0.0;0.0
0.0;0.0;0.0;0.0
0.0;0.0;0.0;0.0
0.0;0.0;0.0;0.0
0.0;0.0;0.0;0.0
0.0;0.0;0.0;0.0
0.0;0.0;0.0;0.0
0.0;0.0;0.0;0.0
0.0;0.0;0.0;0.0
0.0;0.0;0.0;0.0
0.0;0.0;0.0;0.0
