6.6;54.9;33.0;0.0
8.3;69.9;29.6;0.0
6.6;68.9;22.5;0.0
8.3;79.8;25.6;0.0
5.8;89.2;39.7;0.0
7.5;99.4;43.6;0.0
15.0;121.5;29.9;0.0
94.7;137.6;40.6;0.0
9.2;144.0;9.8;0.0
7.5;158.9;40.6;0.0
8.3;159.2;0.1;0.0
8.3;159.3;1.5;0.0
7.5;160.8;0.3;4.0
8.3;192.4;379.3;0.0
8.3;223.8;231.6;0.0
8.3;223.8;0.2;68.0
8.3;224.1;0.4;128.0
8.3;224.1;0.4;128.0
8.3;193.7;0.3;44.0
8.3;193.7;0.0;0.0
2.5;0.0;0.0;0.0
0.0;0.0;0.0;0.0
0.0;0.0;0.0;0.0
0.0;0.0;0.0;0.0
0.0;0.0;0.0;0.0
0.0;0.0;0.0;0.0
0.0;0.0;0.0;0.0
0.0;0.0;0.0;0.0
0.0;0.0;0.0;0.0
0.0;0.0;0.0;0.0
0.0;0.0;0.0;0.0
0.0;0.0;0.0;0.0
0.0;0.0;0.0;0.0
0.0;0.0;0.0;0.0
0.0;0.0;0.0;0.0
0.0;0.0;0.0;0.0
0.0;0.0;0.0;0.0
0.0;0.0;0.0;0.0
0.0;0.0;0.0;0.0
0.0;0.0;0.0;0.0
0.0;0.0;0.0;0.0
0.0;0.0;0.0;0.0
0.0;0.0;0.0;0.0
0.0;0.0;0.0;0.0
0.0;0.0;0.0;0.0
0.0;0.0;0.0;0.0
0.0;0.0;0.0;0.0
0.0;0.0;0.0;0.0
0.0;0.0;0.0;0.0
0.0;0.0;0.0;0.0
0.0;0.0;0.0;0.0
0.0;0.0;0.0;0.0
0.0;0.0;0.0;0.0
0.0;0.0;0.0;0.0
0.0;0.0;0.0;0.0
0.0;0.0;0.0;0.0
0.0;0.0;0.0;0.0
0.0;0.0;0.0;0.0
0.0;0.0;0.0;0.0
0.0;0.0;0.0;0.0
