6.6;58.8;27.6;0.0
7.5;71.9;23.6;0.0
7.5;69.4;25.1;0.0
7.5;82.0;26.6;0.0
8.3;88.0;24.2;0.0
7.5;97.3;36.6;0.0
6.6;104.9;33.3;0.0
35.8;132.4;32.2;0.0
73.2;143.6;30.8;0.0
8.3;150.1;9.8;0.0
6.6;164.8;40.5;0.0
8.3;165.3;0.1;0.0
8.3;165.3;0.0;0.0
8.3;165.4;1.6;0.0
8.3;166.5;0.3;4.0
8.3;198.5;248.7;0.0
8.3;198.5;215.2;0.0
8.3;229.8;146.4;0.0
8.3;230.0;0.0;0.0
8.3;230.0;0.4;132.0
8.3;230.0;0.6;192.0
8.3;199.7;0.3;44.0
8.3;199.7;0.0;0.0
5.8;0.0;0.0;0.0
0.0;0.0;0.0;0.0
0.0;0.0;0.0;0.0
0.0;0.0;0.0;0.0
0.0;0.0;0.0;0.0
0.0;0.0;0.0;0.0
0.0;0.0;0.0;0.0
0.0;0.0;0.0;0.0
0.0;0.0;0.0;0.0
0.0;0.0;0.0;0.0
0.0;0.0;0.0;0.0
0.0;0.0;0.0;0.0
0.0;0.0;0.0;0.0
0.0;0.0;0.0;0.0
0.0;0.0;0.0;0.0
0.0;0.0;0.0;0.0
0.0;0.0;0.0;0.0
0.0;0.0;0.0;0.0
0.0;0.0;0.0;0.0
0.0;0.0;0.0;0.0
0.0;0.0;0.0;0.0
0.0;0.0;0.0;0.0
0.0;0.0;0.0;0.0
0.0;0.0;0.0;0.0
0.0;0.0;0.0;0.0
0.0;0.0;0.0;0.0
0.0;0.0;0.0;0.0
0.0;0.0;0.0;0.0
0.0;0.0;0.0;0.0
0.0;0.0;0.0;0.0
0.0;0.0;0.0;0.0
0.0;0.0;0.0;0.0
0.0;0.0;0.0;0.0
0.0;0.0;0.0;0.0
0.0;0.0;0.0;0.0
0.0;0.0;0.0;0.0
0.0;0.0;0.0;0.0
