19.9;42.7;26.7;0.0
8.3;57.0;30.8;0.0
6.6;63.0;27.4;0.0
8.3;76.0;26.2;0.0
6.6;83.3;28.8;0.0
7.5;91.9;35.6;0.0
7.5;102.8;41.9;0.0
53.3;123.3;23.2;0.0
54.0;134.4;27.6;0.0
7.5;140.5;20.0;0.0
7.5;154.4;30.3;0.0
8.3;155.0;0.1;0.0
8.3;157.1;1.5;0.0
8.3;157.6;0.0;0.0
9.1;191.8;234.6;4.0
8.3;192.2;321.4;0.0
8.3;223.7;54.6;0.0
8.3;223.7;0.4;132.0
8.3;223.7;0.4;128.0
8.3;223.7;0.2;64.0
8.3;193.5;0.3;44.0
6.7;0.0;0.0;0.0
0.0;0.0;0.0;0.0
0.0;0.0;0.0;0.0
0.0;0.0;0.0;0.0
0.0;0.0;0.0;0.0
0.0;0.0;0.0;0.0
0.0;0.0;0.0;0.0
0.0;0.0;0.0;0.0
0.0;0.0;0.0;0.0
0.0;0.0;0.0;0.0
0.0;0.0;0.0;0.0
0.0;0.0;0.0;0.0
0.0;0.0;0.0;0.0
0.0;0.0;0.0;0.0
0.0;0.0;0.0;0.0
0.0;0.0;0.0;0.0
0.0;0.0;0.0;0.0
0.0;0.0;0.0;0.0
0.0;0.0;0.0;0.0
0.0;0.0;0.0;0.0
0.0;0.0;0.0;0.0
0.0;0.0;0.0;0.0
0.0;0.0;0.0;0.0
0.0;0.0;0.0;0.0
0.0;0.0;0.0;0.0
0.0;0.0;0.0;0.0
0.0;0.0;0.0;0.0
0.0;0.0;0.0;0.0
0.0;0.0;0.0;0.0
0.0;0.0;0.0;0.0
0.0;0.0;0.0;0.0
0.0;0.0;0.0;0.0
0.0;0.0;0.0;0.0
0.0;0.0;0.0;0.0
0.0;0.0;0.0;0.0
0.0;0.0;0.0;0.0
0.0;0.0;0.0;0.0
0.0;0.0;0.0;0.0
0.0;0.0;0.0;0.0
