7.5;52.4;33.1;0.0
8.3;64.7;24.7;0.0
6.7;74.1;22.8;0.0
8.3;83.6;24.6;0.0
5.8;93.3;41.7;0.0
7.5;103.7;43.6;0.0
20.0;118.8;31.8;0.0
89.9;134.0;36.7;0.0
8.3;139.9;16.4;0.0
7.5;154.6;34.0;0.0
8.3;155.0;0.1;0.0
9.2;155.1;1.5;0.0
7.5;167.2;0.3;4.0
7.5;190.0;400.9;0.0
9.2;221.6;208.2;0.0
8.3;221.6;0.2;68.0
8.3;221.8;0.4;128.0
7.5;221.8;0.4;128.0
8.3;191.5;0.3;44.0
8.3;191.5;0.0;0.0
3.3;0.0;0.0;0.0
0.0;0.0;0.0;0.0
0.0;0.0;0.0;0.0
0.0;0.0;0.0;0.0
0.0;0.0;0.0;0.0
0.0;0.0;0.0;0.0
0.0;0.0;0.0;0.0
0.0;0.0;0.0;0.0
0.0;0.0;0.0;0.0
0.0;0.0;0.0;0.0
0.0;0.0;0.0;0.0
0.0;0.0;0.0;0.0
0.0;0.0;0.0;0.0
0.0;0.0;0.0;0.0
0.0;0.0;0.0;0.0
0.0;0.0;0.0;0.0
0.0;0.0;0.0;0.0
0.0;0.0;0.0;0.0
0.0;0.0;0.0;0.0
0.0;0.0;0.0;0.0
0.0;0.0;0.0;0.0
0.0;0.0;0.0;0.0
0.0;0.0;0.0;0.0
0.0;0.0;0.0;0.0
0.0;0.0;0.0;0.0
0.0;0.0;0.0;0.0
0.0;0.0;0.0;0.0
0.0;0.0;0.0;0.0
0.0;0.0;0.0;0.0
0.0;0.0;0.0;0.0
0.0;0.0;0.0;0.0
0.0;0.0;0.0;0.0
0.0;0.0;0.0;0.0
0.0;0.0;0.0;0.0
0.0;0.0;0.0;0.0
0.0;0.0;0.0;0.0
0.0;0.0;0.0;0.0
0.0;0.0;0.0;0.0
0.0;0.0;0.0;0.0
0.0;0.0;0.0;0.0
