6.6;53.8;34.0;0.0
7.5;65.7;25.3;0.0
7.5;71.1;22.7;0.0
7.5;80.0;27.6;0.0
7.5;90.5;45.3;0.0
6.6;100.5;43.4;0.0
43.3;120.1;37.7;0.0
67.3;130.1;22.8;0.0
6.6;139.6;31.9;0.0
8.3;149.9;18.4;0.0
8.3;150.2;0.1;0.0
8.3;150.9;1.5;0.0
7.5;184.6;88.2;4.0
9.2;185.4;354.4;0.0
8.3;216.7;168.0;0.0
8.3;217.0;0.2;68.0
9.1;217.0;0.6;192.0
8.3;217.0;0.2;64.0
8.3;186.7;0.3;44.0
8.3;0.0;0.0;0.0
0.0;0.0;0.0;0.0
0.0;0.0;0.0;0.0
0.0;0.0;0.0;0.0
0.0;0.0;0.0;0.0
0.0;0.0;0.0;0.0
0.0;0.0;0.0;0.0
0.0;0.0;0.0;0.0
0.0;0.0;0.0;0.0
0.0;0.0;0.0;0.0
0.0;0.0;0.0;0.0
0.0;0.0;0.0;0.0
0.0;0.0;0.0;0.0
0.0;0.0;0.0;0.0
0.0;0.0;0.0;0.0
0.0;0.0;0.0;0.0
0.0;0.0;0.0;0.0
0.0;0.0;0.0;0.0
0.0;0.0;0.0;0.0
0.0;0.0;0.0;0.0
0.0;0.0;0.0;0.0
0.0;0.0;0.0;0.0
0.0;0.0;0.0;0.0
0.0;0.0;0.0;0.0
0.0;0.0;0.0;0.0
0.0;0.0;0.0;0.0
0.0;0.0;0.0;0.0
0.0;0.0;0.0;0.0
0.0;0.0;0.0;0.0
0.0;0.0;0.0;0.0
0.0;0.0;0.0;0.0
0.0;0.0;0.0;0.0
0.0;0.0;0.0;0.0
0.0;0.0;0.0;0.0
0.0;0.0;0.0;0.0
0.0;0.0;0.0;0.0
0.0;0.0;0.0;0.0
0.0;0.0;0.0;0.0
0.0;0.0;0.0;0.0
0.0;0.0;0.0;0.0
0.0;0.0;0.0;0.0
