6.6;56.2;33.3;0.0
8.3;68.5;24.8;0.0
7.5;80.1;23.7;0.0
6.6;89.7;27.8;0.0
6.6;100.3;43.3;0.0
7.5;110.2;44.4;0.0
40.8;133.9;35.7;0.0
68.2;144.3;26.2;0.0
8.3;152.2;24.6;0.0
8.3;164.5;25.8;0.0
8.3;164.8;0.1;0.0
7.5;165.5;1.5;0.0
7.5;197.3;125.8;4.0
8.3;197.9;294.2;0.0
8.3;229.4;190.0;0.0
9.1;229.7;0.2;68.0
8.3;229.7;0.6;192.0
8.3;229.7;0.2;64.0
8.3;199.3;0.3;44.0
7.5;168.3;0.0;0.0
1.7;0.0;0.0;0.0
0.0;0.0;0.0;0.0
0.0;0.0;0.0;0.0
0.0;0.0;0.0;0.0
0.0;0.0;0.0;0.0
0.0;0.0;0.0;0.0
0.0;0.0;0.0;0.0
0.0;0.0;0.0;0.0
0.0;0.0;0.0;0.0
0.0;0.0;0.0;0.0
0.0;0.0;0.0;0.0
0.0;0.0;0.0;0.0
0.0;0.0;0.0;0.0
0.0;0.0;0.0;0.0
0.0;0.0;0.0;0.0
0.0;0.0;0.0;0.0
0.0;0.0;0.0;0.0
0.0;0.0;0.0;0.0
0.0;0.0;0.0;0.0
0.0;0.0;0.0;0.0
0.0;0.0;0.0;0.0
0.0;0.0;0.0;0.0
0.0;0.0;0.0;0.0
0.0;0.0;0.0;0.0
0.0;0.0;0.0;0.0
0.0;0.0;0.0;0.0
0.0;0.0;0.0;0.0
0.0;0.0;0.0;0.0
0.0;0.0;0.0;0.0
0.0;0.0;0.0;0.0
0.0;0.0;0.0;0.0
0.0;0.0;0.0;0.0
0.0;0.0;0.0;0.0
0.0;0.0;0.0;0.0
0.0;0.0;0.0;0.0
0.0;0.0;0.0;0.0
0.0;0.0;0.0;0.0
0.0;0.0;0.0;0.0
0.0;0.0;0.0;0.0
0.0;0.0;0.0;0.0
