43.2;37.6;22.8;0.0
7.5;54.1;28.6;0.0
8.3;65.6;23.7;0.0
6.6;71.6;20.8;0.0
8.3;81.0;23.1;0.0
6.6;87.8;29.0;0.0
7.5;96.3;35.0;0.0
7.5;107.2;43.2;0.0
59.1;129.4;28.0;0.0
51.5;138.3;20.5;0.0
7.5;143.9;13.0;0.0
8.3;158.2;37.4;0.0
8.3;158.8;0.1;0.0
8.3;158.8;1.5;0.0
6.6;159.3;0.0;0.0
7.5;193.2;173.8;4.0
8.3;193.9;246.0;0.0
8.3;225.3;189.6;0.0
8.3;225.3;0.0;0.0
8.3;225.6;0.6;196.0
8.3;225.6;0.4;128.0
8.3;195.1;0.3;44.0
9.1;195.2;0.0;0.0
8.3;0.0;0.0;0.0
0.0;0.0;0.0;0.0
0.0;0.0;0.0;0.0
0.0;0.0;0.0;0.0
0.0;0.0;0.0;0.0
0.0;0.0;0.0;0.0
0.0;0.0;0.0;0.0
0.0;0.0;0.0;0.0
0.0;0.0;0.0;0.0
0.0;0.0;0.0;0.0
0.0;0.0;0.0;0.0
0.0;0.0;0.0;0.0
0.0;0.0;0.0;0.0
0.0;0.0;0.0;0.0
0.0;0.0;0.0;0.0
0.0;0.0;0.0;0.0
0.0;0.0;0.0;0.0
0.0;0.0;0.0;0.0
0.0;0.0;0.0;0.0
0.0;0.0;0.0;0.0
0.0;0.0;0.0;0.0
0.0;0.0;0.0;0.0
0.0;0.0;0.0;0.0
0.0;0.0;0.0;0.0
0.0;0.0;0.0;0.0
0.0;0.0;0.0;0.0
0.0;0.0;0.0;0.0
0.0;0.0;0.0;0.0
0.0;0.0;0.0;0.0
0.0;0.0;0.0;0.0
0.0;0.0;0.0;0.0
0.0;0.0;0.0;0.0
0.0;0.0;0.0;0.0
0.0;0.0;0.0;0.0
0.0;0.0;0.0;0.0
0.0;0.0;0.0;0.0
0.0;0.0;0.0;0.0
