20.8;42.7;28.4;0.0
7.5;57.6;30.8;0.0
7.5;65.8;26.0;0.0
8.3;79.0;27.4;0.0
6.6;88.3;36.6;0.0
6.6;98.7;43.8;0.0
10.8;117.2;34.9;0.0
98.1;133.5;40.4;0.0
8.3;140.2;10.6;0.0
7.5;154.6;39.7;0.0
8.3;155.0;0.1;0.0
8.3;155.1;1.6;0.0
7.5;156.6;0.3;4.0
9.2;188.1;373.1;0.0
7.5;219.6;236.0;0.0
8.3;219.6;0.2;68.0
8.3;219.8;0.4;128.0
8.3;219.8;0.4;128.0
8.3;189.4;0.3;44.0
9.2;0.0;0.0;0.0
0.0;0.0;0.0;0.0
0.0;0.0;0.0;0.0
0.0;0.0;0.0;0.0
0.0;0.0;0.0;0.0
0.0;0.0;0.0;0.0
0.0;0.0;0.0;0.0
0.0;0.0;0.0;0.0
0.0;0.0;0.0;0.0
0.0;0.0;0.0;0.0
0.0;0.0;0.0;0.0
0.0;0.0;0.0;0.0
0.0;0.0;0.0;0.0
0.0;0.0;0.0;0.0
0.0;0.0;0.0;0.0
0.0;0.0;0.0;0.0
0.0;0.0;0.0;0.0
0.0;0.0;0.0;0.0
0.0;0.0;0.0;0.0
0.0;0.0;0.0;0.0
0.0;0.0;0.0;0.0
0.0;0.0;0.0;0.0
0.0;0.0;0.0;0.0
0.0;0.0;0.0;0.0
0.0;0.0;0.0;0.0
0.0;0.0;0.0;0.0
0.0;0.0;0.0;0.0
0.0;0.0;0.0;0.0
0.0;0.0;0.0;0.0
0.0;0.0;0.0;0.0
0.0;0.0;0.0;0.0
0.0;0.0;0.0;0.0
0.0;0.0;0.0;0.0
0.0;0.0;0.0;0.0
0.0;0.0;0.0;0.0
0.0;0.0;0.0;0.0
0.0;0.0;0.0;0.0
0.0;0.0;0.0;0.0
0.0;0.0;0.0;0.0
0.0;0.0;0.0;0.0
0.0;0.0;0.0;0.0
