6.7;47.8;37.7;0.0
7.5;61.0;26.6;0.0
7.5;71.5;23.7;0.0
7.5;80.6;27.6;0.0
6.7;90.8;43.7;0.0
7.5;100.8;44.2;0.0
33.3;123.9;28.8;0.0
75.7;135.9;32.5;0.0
7.5;142.1;12.6;0.0
7.5;156.9;37.8;0.0
8.3;157.3;0.1;0.0
8.3;157.4;1.5;0.0
7.5;160.8;0.3;4.0
8.3;192.2;378.1;0.0
8.3;223.7;230.4;0.0
8.3;224.0;0.2;68.0
8.3;224.0;0.6;192.0
8.3;224.0;0.2;64.0
10.0;193.7;0.3;40.0
8.3;161.3;0.0;0.0
0.0;0.0;0.0;0.0
0.0;0.0;0.0;0.0
0.0;0.0;0.0;0.0
0.0;0.0;0.0;0.0
0.0;0.0;0.0;0.0
0.0;0.0;0.0;0.0
0.0;0.0;0.0;0.0
0.0;0.0;0.0;0.0
0.0;0.0;0.0;0.0
0.0;0.0;0.0;0.0
0.0;0.0;0.0;0.0
0.0;0.0;0.0;0.0
0.0;0.0;0.0;0.0
0.0;0.0;0.0;0.0
0.0;0.0;0.0;0.0
0.0;0.0;0.0;0.0
0.0;0.0;0.0;0.0
0.0;0.0;0.0;0.0
0.0;0.0;0.0;0.0
0.0;0.0;0.0;0.0
0.0;0.0;0.0;0.0
0.0;0.0;0.0;0.0
0.0;0.0;0.0;0.0
0.0;0.0;0.0;0.0
0.0;0.0;0.0;0.0
0.0;0.0;0.0;0.0
0.0;0.0;0.0;0.0
0.0;0.0;0.0;0.0
0.0;0.0;0.0;0.0
0.0;0.0;0.0;0.0
0.0;0.0;0.0;0.0
0.0;0.0;0.0;0.0
0.0;0.0;0.0;0.0
0.0;0.0;0.0;0.0
0.0;0.0;0.0;0.0
0.0;0.0;0.0;0.0
0.0;0.0;0.0;0.0
0.0;0.0;0.0;0.0
0.0;0.0;0.0;0.0
0.0;0.0;0.0;0.0
