15.8;48.0;26.2;0.0
7.5;63.2;29.9;0.0
6.6;73.5;29.9;0.0
8.3;87.2;25.0;0.0
7.5;94.3;28.8;0.0
6.6;104.5;38.0;0.0
8.3;115.5;44.1;0.0
56.6;137.5;35.1;0.0
52.3;146.3;16.7;0.0
7.5;154.7;28.1;0.0
8.3;165.7;22.0;0.0
8.3;166.1;0.1;0.0
8.3;166.2;1.5;0.0
8.3;170.6;0.3;4.0
7.5;201.2;392.5;0.0
9.2;232.7;217.2;0.0
8.3;232.7;0.0;0.0
8.3;232.7;0.6;196.0
8.3;232.7;0.4;128.0
8.3;202.5;0.3;44.0
8.3;202.5;0.0;0.0
3.3;0.0;0.0;0.0
0.0;0.0;0.0;0.0
0.0;0.0;0.0;0.0
0.0;0.0;0.0;0.0
0.0;0.0;0.0;0.0
0.0;0.0;0.0;0.0
0.0;0.0;0.0;0.0
0.0;0.0;0.0;0.0
0.0;0.0;0.0;0.0
0.0;0.0;0.0;0.0
0.0;0.0;0.0;0.0
0.0;0.0;0.0;0.0
0.0;0.0;0.0;0.0
0.0;0.0;0.0;0.0
0.0;0.0;0.0;0.0
0.0;0.0;0.0;0.0
0.0;0.0;0.0;0.0
0.0;0.0;0.0;0.0
0.0;0.0;0.0;0.0
0.0;0.0;0.0;0.0
0.0;0.0;0.0;0.0
0.0;0.0;0.0;0.0
0.0;0.0;0.0;0.0
0.0;0.0;0.0;0.0
0.0;0.0;0.0;0.0
0.0;0.0;0.0;0.0
0.0;0.0;0.0;0.0
0.0;0.0;0.0;0.0
0.0;0.0;0.0;0.0
0.0;0.0;0.0;0.0
0.0;0.0;0.0;0.0
0.0;0.0;0.0;0.0
0.0;0.0;0.0;0.0
0.0;0.0;0.0;0.0
0.0;0.0;0.0;0.0
0.0;0.0;0.0;0.0
0.0;0.0;0.0;0.0
0.0;0.0;0.0;0.0
0.0;0.0;0.0;0.0
