6.7;55.5;34.6;0.0
8.3;68.2;26.3;0.0
7.5;72.8;23.9;0.0
6.6;81.0;34.2;0.0
7.5;92.3;41.4;0.0
6.7;104.5;47.9;0.0
61.6;131.9;40.4;0.0
48.1;141.4;15.8;0.0
8.3;156.0;43.1;0.0
8.3;158.6;1.5;0.0
8.3;158.7;1.5;0.0
7.5;159.2;0.0;0.0
7.5;193.6;236.4;4.0
8.3;193.6;340.6;0.0
8.3;225.1;33.6;0.0
8.3;225.4;0.4;132.0
8.3;225.4;0.6;192.0
8.3;194.9;0.3;44.0
8.3;195.0;0.0;0.0
5.0;0.0;0.0;0.0
0.0;0.0;0.0;0.0
0.0;0.0;0.0;0.0
0.0;0.0;0.0;0.0
0.0;0.0;0.0;0.0
0.0;0.0;0.0;0.0
0.0;0.0;0.0;0.0
0.0;0.0;0.0;0.0
0.0;0.0;0.0;0.0
0.0;0.0;0.0;0.0
0.0;0.0;0.0;0.0
0.0;0.0;0.0;0.0
0.0;0.0;0.0;0.0
0.0;0.0;0.0;0.0
0.0;0.0;0.0;0.0
0.0;0.0;0.0;0.0
0.0;0.0;0.0;0.0
0.0;0.0;0.0;0.0
0.0;0.0;0.0;0.0
0.0;0.0;0.0;0.0
0.0;0.0;0.0;0.0
0.0;0.0;0.0;0.0
0.0;0.0;0.0;0.0
0.0;0.0;0.0;0.0
0.0;0.0;0.0;0.0
0.0;0.0;0.0;0.0
0.0;0.0;0.0;0.0
0.0;0.0;0.0;0.0
0.0;0.0;0.0;0.0
0.0;0.0;0.0;0.0
0.0;0.0;0.0;0.0
0.0;0.0;0.0;0.0
0.0;0.0;0.0;0.0
0.0;0.0;0.0;0.0
0.0;0.0;0.0;0.0
0.0;0.0;0.0;0.0
0.0;0.0;0.0;0.0
0.0;0.0;0.0;0.0
0.0;0.0;0.0;0.0
0.0;0.0;0.0;0.0
0.0;0.0;0.0;0.0
