7.5;49.9;34.2;0.0
8.3;62.0;24.7;0.0
5.8;73.0;22.1;0.0
9.2;81.9;29.8;0.0
5.8;92.2;42.3;0.0
6.6;102.5;43.6;0.0
44.1;125.0;33.1;0.0
64.9;135.6;27.4;0.0
8.3;142.9;22.2;0.0
4.2;154.5;29.0;0.0
0.0;154.5;0.0;0.0
0.0;154.5;0.0;0.0
0.0;154.5;0.0;0.0
0.0;154.5;0.0;0.0
0.0;154.5;0.0;0.0
0.0;154.5;0.0;0.0
0.0;154.9;1.8;0.0
0.0;154.9;0.0;0.0
0.0;154.9;0.0;0.0
0.0;154.9;0.0;0.0
0.0;154.9;0.4;0.0
0.0;154.9;0.0;0.0
0.0;154.9;0.6;0.0
0.0;154.9;0.0;0.0
0.0;154.9;0.0;0.0
0.0;154.9;0.0;0.0
0.0;154.9;0.0;0.0
0.0;154.9;0.0;0.0
0.0;154.9;0.0;0.0
0.0;154.9;0.0;0.0
0.0;154.9;0.0;0.0
0.0;154.9;0.0;0.0
0.0;154.9;0.0;0.0
6.6;157.3;3.2;0.0
9.2;157.7;0.0;0.0
2.5;158.1;6.0;0.0
8.3;158.1;0.0;0.0
8.3;158.1;0.0;0.0
8.3;158.1;0.0;0.0
8.3;158.1;0.0;0.0
9.1;158.1;0.0;0.0
8.3;158.1;0.0;0.0
8.3;158.1;0.0;0.0
8.3;158.1;0.0;0.0
8.3;158.1;0.0;0.0
8.3;158.1;0.0;0.0
8.3;158.1;0.0;0.0
8.3;158.1;0.0;0.0
5.8;158.4;3.1;0.0
7.5;158.9;4.0;0.0
4.2;159.3;0.0;0.0
0.0;159.3;0.0;0.0
0.0;159.3;0.0;0.0
0.0;159.3;0.0;0.0
0.0;159.3;0.0;0.0
0.0;159.3;1.6;0.0
0.0;159.3;0.0;0.0
0.0;159.3;0.0;0.0
0.0;159.3;0.0;0.0
0.0;159.3;1.0;0.0
