5.8;53.4;33.2;0.0
7.5;66.6;27.5;0.0
7.5;71.1;22.0;0.0
7.5;81.5;24.4;0.0
6.6;90.0;35.7;0.0
7.5;101.0;43.8;0.0
7.5;111.1;34.5;0.0
89.0;135.0;41.0;0.0
20.8;141.8;10.0;0.0
5.8;155.8;41.4;0.0
0.0;155.8;0.0;0.0
0.0;155.8;0.0;0.0
0.0;155.8;0.0;0.0
0.0;155.8;0.0;0.0
0.0;155.8;0.0;0.0
0.0;155.8;0.0;0.0
0.0;155.8;0.0;0.0
0.8;156.1;1.8;0.0
0.0;156.1;0.0;0.0
0.0;156.1;0.0;0.0
0.0;156.1;0.4;0.0
0.0;156.1;0.0;0.0
0.0;156.1;0.0;0.0
0.0;156.1;0.0;0.0
0.0;156.1;0.0;0.0
0.0;156.1;0.0;0.0
0.0;156.1;0.0;0.0
0.0;156.1;0.0;0.0
0.0;156.1;1.9;0.0
0.0;156.1;0.0;0.0
0.0;156.1;0.0;0.0
0.0;156.1;0.0;0.0
3.3;158.5;1.4;0.0
8.3;158.7;0.0;0.0
5.8;158.9;0.4;0.0
5.8;159.3;5.8;0.0
8.3;159.3;0.0;0.0
8.3;159.3;0.0;0.0
8.3;159.3;0.0;0.0
8.3;159.3;0.0;0.0
8.3;159.3;0.0;0.0
8.3;159.3;0.0;0.0
8.3;159.3;0.0;0.0
8.3;159.3;0.0;0.0
8.3;159.3;0.0;0.0
8.3;159.5;0.0;0.0
8.3;159.5;0.0;0.0
8.3;159.5;0.0;0.0
4.2;159.9;7.0;0.0
6.6;160.4;0.0;0.0
0.0;160.4;0.0;0.0
0.0;160.4;0.0;0.0
0.0;160.4;0.0;0.0
0.0;160.4;0.0;0.0
0.0;160.4;0.0;0.0
0.0;160.4;1.8;0.0
0.0;160.4;0.0;0.0
0.0;160.4;0.0;0.0
0.0;160.4;0.0;0.0
0.0;160.4;0.4;0.0
