10.8;55.5;30.5;0.0
7.5;70.8;32.2;0.0
6.6;79.8;24.1;0.0
8.3;91.1;26.2;0.0
6.6;100.8;41.7;0.0
7.5;111.3;44.4;0.0
22.5;132.2;29.1;0.0
84.9;146.8;38.6;0.0
8.3;153.5;9.8;0.0
6.6;167.1;41.4;0.0
0.0;167.1;0.0;0.0
0.0;167.1;0.0;0.0
0.0;167.1;0.0;0.0
0.0;167.1;0.0;0.0
0.0;167.1;0.0;0.0
0.0;167.1;0.0;0.0
0.0;167.1;0.0;0.0
0.8;167.3;1.8;0.0
0.0;167.3;0.0;0.0
0.0;167.3;0.0;0.0
0.0;167.3;0.4;0.0
0.0;167.3;0.0;0.0
0.0;167.3;0.0;0.0
0.0;167.3;0.0;0.0
0.0;167.3;0.0;0.0
0.0;167.3;0.0;0.0
0.0;167.3;0.0;0.0
0.0;167.3;0.0;0.0
0.0;167.3;2.1;0.0
0.0;167.3;0.0;0.0
0.0;167.3;0.0;0.0
0.0;167.9;0.9;0.0
8.3;169.7;0.4;0.0
8.3;170.2;0.1;0.0
4.2;170.5;6.2;0.0
8.3;170.5;0.0;0.0
8.3;170.5;0.0;0.0
8.3;170.5;0.0;0.0
8.3;170.5;0.0;0.0
7.5;170.5;0.0;0.0
8.3;170.5;0.0;0.0
9.2;170.5;0.0;0.0
8.3;170.5;0.0;0.0
8.3;170.5;0.0;0.0
8.3;170.5;0.0;0.0
8.3;170.5;0.0;0.0
8.3;170.5;0.0;0.0
5.0;170.7;3.1;0.0
7.5;171.1;3.8;0.0
3.3;171.6;0.0;0.0
0.0;171.6;0.0;0.0
0.0;171.6;0.0;0.0
0.0;171.6;0.0;0.0
0.0;171.6;0.0;0.0
0.0;171.6;1.0;0.0
0.0;171.6;0.8;0.0
0.0;171.6;0.0;0.0
0.0;171.6;0.0;0.0
0.0;171.6;0.4;0.0
0.0;171.6;0.0;0.0
