24.9;48.6;28.0;0.0
7.5;62.9;28.9;0.0
6.6;70.5;32.1;0.0
8.3;84.2;26.8;0.0
6.6;92.0;32.0;0.0
7.5;100.9;36.0;0.0
6.6;113.1;47.5;0.0
82.4;129.6;29.1;0.0
29.1;139.4;16.3;0.0
7.5;153.3;43.3;0.0
0.8;155.1;4.2;0.0
0.0;155.1;0.0;0.0
0.0;155.1;0.0;0.0
0.0;155.1;0.0;0.0
0.0;155.1;0.0;0.0
0.0;155.1;0.0;0.0
0.0;155.1;0.0;0.0
0.0;155.5;1.6;0.0
0.0;155.5;0.0;0.0
0.0;155.5;0.0;0.0
0.0;155.5;0.0;0.0
0.0;155.5;0.4;0.0
0.0;155.5;0.0;0.0
0.0;155.5;0.0;0.0
0.0;155.5;0.0;0.0
0.0;155.5;0.0;0.0
0.0;155.5;0.0;0.0
0.0;155.5;0.0;0.0
0.0;155.5;2.0;0.0
0.0;155.5;0.0;0.0
0.0;155.5;0.0;0.0
0.0;155.5;0.0;0.0
7.5;157.9;1.4;0.0
8.3;158.4;0.0;0.0
4.1;158.5;6.4;0.0
8.3;158.8;0.0;0.0
8.3;158.8;0.0;0.0
8.3;158.8;0.0;0.0
10.0;158.8;0.0;0.0
8.3;158.8;0.0;0.0
7.5;158.8;0.0;0.0
8.3;158.8;0.0;0.0
8.3;158.8;0.0;0.0
8.3;158.8;0.0;0.0
8.3;158.8;0.0;0.0
8.3;158.8;0.0;0.0
8.3;158.8;0.0;0.0
5.8;158.9;3.1;0.0
6.7;159.5;3.9;0.0
4.2;159.9;0.0;0.0
0.0;159.9;0.0;0.0
0.0;159.9;0.0;0.0
0.0;159.9;0.0;0.0
0.0;159.9;0.0;0.0
0.0;159.9;0.0;0.0
0.8;159.9;1.8;0.0
0.0;159.9;0.0;0.0
0.0;159.9;0.0;0.0
0.0;159.9;0.4;0.0
0.0;159.9;0.0;0.0
