5.8;55.7;31.7;0.0
7.5;70.6;31.0;0.0
7.5;77.6;21.9;0.0
8.3;90.5;26.8;0.0
6.6;99.5;36.4;0.0
7.5;107.9;40.2;0.0
7.5;118.6;37.5;0.0
95.1;143.1;36.6;0.0
12.5;153.0;14.8;0.0
7.5;167.1;41.4;0.0
0.0;167.1;0.0;0.0
0.0;167.1;0.0;0.0
0.0;167.1;0.0;0.0
0.0;167.1;0.0;0.0
0.0;167.1;0.0;0.0
0.0;167.1;0.0;0.0
0.0;167.1;0.0;0.0
0.0;167.3;1.7;0.0
0.0;167.3;0.0;0.0
0.0;167.3;0.0;0.0
0.0;167.3;0.4;0.0
0.0;167.3;0.0;0.0
0.0;167.3;0.0;0.0
0.0;167.3;0.0;0.0
0.0;167.3;0.0;0.0
0.0;167.3;0.0;0.0
0.0;167.3;0.0;0.0
0.0;167.3;0.2;0.0
0.0;167.3;1.9;0.0
0.0;167.3;0.0;0.0
0.0;167.3;0.0;0.0
2.5;169.7;1.4;0.0
8.3;169.9;0.0;0.0
6.6;170.2;0.4;0.0
6.6;170.6;5.9;0.0
8.3;170.6;0.0;0.0
8.3;170.6;0.0;0.0
8.3;170.6;0.0;0.0
8.3;170.6;0.0;0.0
8.3;170.6;0.0;0.0
8.3;170.6;0.0;0.0
8.3;170.6;0.0;0.0
8.3;170.6;0.0;0.0
8.3;170.6;0.0;0.0
8.3;170.6;0.0;0.0
8.3;170.6;0.0;0.0
5.8;171.1;6.9;0.0
8.3;171.1;0.0;0.0
2.5;171.7;0.0;0.0
0.0;171.7;0.0;0.0
0.0;171.7;0.0;0.0
0.0;171.7;0.0;0.0
0.0;171.7;0.0;0.0
0.0;171.7;1.7;0.0
0.0;171.7;0.0;0.0
0.0;171.7;0.0;0.0
0.0;171.7;0.0;0.0
0.0;171.7;1.1;0.0
0.0;171.7;0.0;0.0
0.0;171.7;0.0;0.0
