10.0;50.2;31.0;0.0
7.5;62.8;25.9;0.0
7.5;72.8;29.4;0.0
7.5;86.7;29.4;0.0
7.5;94.0;28.0;0.0
8.3;103.8;40.2;0.0
6.6;116.0;47.7;0.0
75.7;138.9;30.6;0.0
34.9;148.7;17.2;0.0
7.5;164.1;44.8;0.0
0.0;164.1;0.3;0.0
0.0;164.1;0.0;0.0
0.0;164.1;0.0;0.0
0.0;164.1;0.0;0.0
0.0;164.1;0.0;0.0
0.0;164.1;0.0;0.0
0.0;164.1;0.0;0.0
0.0;164.4;1.7;0.0
0.0;164.4;0.0;0.0
0.0;164.4;0.0;0.0
0.0;164.4;0.0;0.0
0.0;164.4;1.0;0.0
0.0;164.4;0.0;0.0
0.0;164.4;0.0;0.0
0.0;164.4;0.0;0.0
0.0;164.4;0.0;0.0
0.0;164.4;0.0;0.0
0.0;164.4;0.0;0.0
0.0;164.4;0.0;0.0
0.0;164.4;0.0;0.0
0.0;164.4;0.0;0.0
0.0;164.4;0.2;0.0
8.3;166.9;3.1;0.0
8.3;167.3;0.0;0.0
4.1;167.5;6.1;0.0
8.3;167.7;0.0;0.0
8.3;167.7;0.0;0.0
8.3;167.7;0.0;0.0
8.3;167.7;0.0;0.0
8.3;167.7;0.0;0.0
8.3;167.7;0.0;0.0
8.3;167.7;0.0;0.0
8.3;167.7;0.0;0.0
8.3;167.7;0.0;0.0
8.3;167.7;0.0;0.0
7.5;167.7;0.0;0.0
8.3;167.7;0.0;0.0
5.8;169.9;3.1;0.0
7.5;170.3;3.8;0.0
3.3;168.8;0.0;0.0
0.0;168.8;0.0;0.0
0.0;168.8;0.0;0.0
0.0;168.8;0.0;0.0
0.0;168.8;0.0;0.0
0.8;168.8;1.7;0.0
0.0;168.8;0.0;0.0
0.0;168.8;0.0;0.0
0.0;168.8;0.0;0.0
0.0;168.8;0.4;0.0
0.0;168.8;0.0;0.0
