10.8;50.0;35.0;0.0
8.3;64.1;28.2;0.0
6.6;68.8;23.3;0.0
9.2;78.7;25.0;0.0
6.6;88.8;43.5;0.0
7.5;98.8;42.6;0.0
16.6;119.1;28.7;0.0
91.3;130.5;32.8;0.0
8.3;139.2;12.4;0.0
9.2;154.8;44.7;0.0
0.0;154.8;0.3;0.0
0.0;154.8;0.0;0.0
0.0;154.8;0.0;0.0
0.0;154.8;0.0;0.0
0.0;154.8;0.0;0.0
0.0;154.8;0.0;0.0
0.0;154.8;0.0;0.0
0.0;155.0;1.7;0.0
0.0;155.0;0.0;0.0
0.0;155.0;0.0;0.0
0.0;155.0;0.0;0.0
0.0;155.0;0.4;0.0
0.0;155.0;0.0;0.0
0.0;155.0;0.0;0.0
0.0;155.0;0.0;0.0
0.0;155.0;0.0;0.0
0.0;155.0;0.0;0.0
0.0;155.0;0.0;0.0
0.0;155.0;0.0;0.0
0.0;155.0;0.0;0.0
0.0;155.0;0.0;0.0
0.0;155.0;0.0;0.0
0.0;155.0;0.0;0.0
0.0;155.0;2.1;0.0
0.0;155.0;0.0;0.0
0.0;155.0;0.0;0.0
2.5;157.3;1.3;0.0
8.3;157.7;0.0;0.0
8.3;158.0;0.0;0.0
4.2;158.3;6.1;0.0
8.3;158.3;0.0;0.0
8.3;158.3;0.0;0.0
8.3;158.3;0.0;0.0
8.3;158.3;0.0;0.0
8.3;158.3;0.0;0.0
8.3;158.3;0.0;0.0
8.3;158.3;0.0;0.0
8.3;158.3;0.0;0.0
8.3;158.3;0.0;0.0
8.3;158.5;0.0;0.0
8.3;158.5;0.0;0.0
8.3;158.5;0.0;0.0
6.7;158.5;1.3;0.0
5.0;158.9;5.7;0.0
5.8;159.4;0.0;0.0
0.0;159.4;0.0;0.0
0.0;159.4;0.0;0.0
0.0;159.4;0.0;0.0
0.0;159.4;0.0;0.0
0.0;159.4;0.0;0.0
