6.6;56.6;34.9;0.0
7.5;70.2;28.1;0.0
6.6;79.2;23.8;0.0
8.3;88.5;24.6;0.0
5.8;98.2;41.7;0.0
7.5;108.7;44.2;0.0
22.5;127.9;30.0;0.0
85.7;142.8;37.9;0.0
7.5;149.0;13.0;0.0
5.8;162.4;38.2;0.0
0.0;162.4;0.0;0.0
0.0;162.4;0.0;0.0
0.0;162.4;0.0;0.0
0.0;162.4;0.0;0.0
0.0;162.4;0.0;0.0
0.0;162.4;0.0;0.0
0.0;162.4;0.0;0.0
0.0;162.6;1.8;0.0
0.0;162.6;0.0;0.0
0.0;162.6;0.0;0.0
0.0;162.6;0.4;0.0
0.0;162.6;0.0;0.0
0.0;162.6;0.0;0.0
0.0;162.6;0.0;0.0
0.0;162.6;0.0;0.0
0.0;162.6;0.0;0.0
0.0;162.6;0.0;0.0
0.0;162.6;0.0;0.0
0.0;162.6;2.1;0.0
0.0;162.6;0.0;0.0
0.0;162.6;0.0;0.0
2.5;165.1;1.4;0.0
8.3;165.3;0.0;0.0
7.5;165.6;0.4;0.0
5.0;166.0;5.6;0.0
8.3;166.0;0.0;0.0
8.3;166.0;0.0;0.0
8.3;166.0;0.0;0.0
8.3;166.0;0.0;0.0
8.3;166.0;0.0;0.0
8.3;166.0;0.0;0.0
8.3;166.0;0.0;0.0
8.3;166.0;0.0;0.0
8.3;166.0;0.0;0.0
8.3;166.0;0.0;0.0
8.3;166.0;0.0;0.0
5.0;168.2;3.1;0.0
7.5;168.8;4.0;0.0
4.2;167.2;0.0;0.0
0.0;167.2;0.0;0.0
0.0;167.2;0.0;0.0
0.0;167.2;0.0;0.0
0.0;167.2;0.0;0.0
0.0;167.2;1.7;0.0
0.0;167.2;0.0;0.0
0.0;167.2;0.0;0.0
0.0;167.2;0.0;0.0
0.0;167.2;0.4;0.0
0.0;167.2;0.0;0.0
0.0;167.2;0.0;0.0
