6.6;54.5;36.2;0.0
9.1;67.4;25.8;0.0
5.8;78.1;21.2;0.0
8.3;87.2;24.2;0.0
6.6;97.2;42.1;0.0
7.5;107.6;44.3;0.0
24.9;129.5;34.5;0.0
85.7;141.4;32.9;0.0
7.5;147.7;13.0;0.0
5.0;161.0;38.2;0.0
0.0;161.0;0.0;0.0
0.0;161.0;0.0;0.0
0.0;161.0;0.0;0.0
0.0;161.0;0.0;0.0
0.0;161.0;0.0;0.0
0.0;161.0;0.0;0.0
0.0;161.0;0.0;0.0
0.0;161.2;1.8;0.0
0.0;161.2;0.0;0.0
0.0;161.2;0.0;0.0
0.0;161.2;0.4;0.0
0.0;161.2;0.0;0.0
0.8;161.2;0.6;0.0
0.0;161.2;0.0;0.0
0.0;161.2;0.0;0.0
0.0;161.2;0.0;0.0
0.0;161.2;0.0;0.0
0.0;161.2;0.0;0.0
0.0;161.2;0.0;0.0
0.0;161.2;0.0;0.0
0.0;161.2;0.0;0.0
0.0;161.2;0.0;0.0
0.0;161.5;2.7;0.0
8.3;163.6;0.4;0.0
8.3;164.1;0.0;0.0
4.2;164.4;6.4;0.0
8.3;164.4;0.0;0.0
8.3;164.4;0.0;0.0
8.3;164.4;0.0;0.0
8.3;164.4;0.0;0.0
8.3;164.4;0.0;0.0
8.3;164.4;0.0;0.0
8.3;164.4;0.0;0.0
8.3;164.4;0.0;0.0
8.3;164.4;0.0;0.0
8.3;164.4;0.0;0.0
8.3;164.4;0.0;0.0
8.3;164.4;0.0;0.0
5.0;164.7;1.3;0.0
0.8;165.1;5.9;0.0
8.3;165.1;0.0;0.0
0.8;165.7;0.0;0.0
0.0;165.7;0.0;0.0
0.0;165.7;0.0;0.0
0.0;165.7;0.0;0.0
0.0;165.7;0.0;0.0
0.0;165.7;1.6;0.0
0.0;165.7;0.0;0.0
0.0;165.7;0.0;0.0
0.8;165.7;1.2;0.0
