6.7;61.4;34.3;0.0
7.5;74.0;26.4;0.0
6.6;85.2;23.4;0.0
8.3;93.1;28.7;0.0
5.8;104.1;44.9;0.0
7.5;112.9;39.0;0.0
34.9;139.3;32.6;0.0
71.5;150.3;28.7;0.0
7.5;157.6;21.0;0.0
5.0;169.4;30.2;0.0
0.0;169.4;0.0;0.0
0.0;169.4;0.0;0.0
0.0;169.4;0.0;0.0
0.0;169.4;0.0;0.0
0.0;169.4;0.0;0.0
0.0;169.4;0.0;0.0
0.0;169.4;0.0;0.0
0.0;169.8;1.8;0.0
0.0;169.8;0.0;0.0
0.0;169.8;0.0;0.0
0.0;169.8;0.4;0.0
0.0;169.8;0.0;0.0
0.0;169.8;0.0;0.0
0.0;169.8;0.0;0.0
0.0;169.8;0.0;0.0
0.0;169.8;0.0;0.0
0.0;169.8;0.0;0.0
0.0;169.8;0.0;0.0
0.0;169.8;2.2;0.0
0.0;169.8;0.0;0.0
0.0;169.8;0.0;0.0
2.5;172.2;1.5;0.0
8.3;172.4;0.0;0.0
6.6;172.6;2.2;0.0
5.8;172.8;3.9;0.0
8.3;173.1;0.0;0.0
9.1;173.1;0.0;0.0
8.3;173.1;0.0;0.0
8.3;173.1;0.0;0.0
8.3;173.1;0.0;0.0
8.3;173.1;0.0;0.0
8.3;173.1;0.0;0.0
8.3;173.1;0.0;0.0
8.3;173.1;0.0;0.0
8.3;173.1;0.0;0.0
8.3;173.1;0.0;0.0
8.3;173.3;1.1;0.0
4.1;173.7;6.0;0.0
5.8;174.3;0.0;0.0
0.0;174.3;0.0;0.0
0.0;174.3;0.0;0.0
0.0;174.3;0.0;0.0
0.0;174.3;0.0;0.0
0.0;174.3;0.0;0.0
0.0;174.3;1.8;0.0
0.0;174.3;0.0;0.0
0.0;174.3;0.0;0.0
0.0;174.3;0.0;0.0
0.0;174.3;0.4;0.0
0.0;174.3;0.0;0.0
