19.1;45.8;25.1;0.0
6.6;63.4;31.6;0.0
7.5;68.9;26.6;0.0
7.5;81.7;23.5;0.0
7.5;89.2;32.3;0.0
6.7;99.9;39.6;0.0
8.3;112.0;49.6;0.0
60.7;131.3;22.9;0.0
48.2;141.2;23.2;0.0
7.5;150.4;29.9;0.0
3.3;160.0;21.3;0.0
0.0;160.0;0.0;0.0
0.0;160.0;0.0;0.0
0.0;160.0;0.0;0.0
0.0;160.0;0.0;0.0
0.0;160.0;0.0;0.0
0.0;160.0;0.0;0.0
0.8;160.4;1.7;0.0
0.0;160.4;0.0;0.0
0.0;160.4;0.0;0.0
0.0;160.4;0.0;0.0
0.0;160.4;0.4;0.0
0.0;160.4;0.0;0.0
0.0;160.4;0.0;0.0
0.0;160.4;0.0;0.0
0.0;160.4;0.0;0.0
0.0;160.4;0.0;0.0
0.0;160.4;0.0;0.0
0.0;160.4;0.0;0.0
0.0;160.4;0.0;0.0
0.0;160.4;0.0;0.0
0.0;160.4;0.0;0.0
0.0;160.4;0.0;0.0
0.0;160.4;0.0;0.0
0.0;160.4;2.3;0.0
0.0;160.4;0.0;0.0
0.0;160.4;0.0;0.0
0.0;160.4;0.0;0.0
7.5;162.8;1.3;0.0
8.3;163.0;0.0;0.0
4.1;163.5;6.0;0.0
8.3;163.7;0.0;0.0
8.3;163.7;0.0;0.0
8.3;163.7;0.0;0.0
8.3;163.7;0.0;0.0
8.3;163.7;0.0;0.0
8.3;163.7;0.0;0.0
8.3;163.7;0.0;0.0
7.5;163.7;0.0;0.0
8.3;163.7;0.0;0.0
8.3;163.7;0.0;0.0
8.3;163.7;0.0;0.0
8.3;163.7;0.0;0.0
5.0;163.9;3.3;0.0
8.3;164.5;3.7;0.0
1.7;164.9;0.0;0.0
0.0;164.9;0.0;0.0
0.0;164.9;0.0;0.0
0.0;164.9;0.0;0.0
0.0;164.9;0.0;0.0
