6.6;52.7;27.1;0.0
8.3;63.5;23.8;0.0
6.6;73.6;25.6;0.0
7.5;78.5;19.5;0.0
7.5;85.8;32.6;0.0
7.5;96.4;40.2;0.0
6.7;105.7;40.6;0.0
46.6;130.1;39.6;0.0
64.0;139.1;19.3;0.0
6.6;147.8;28.3;0.0
3.3;157.6;22.9;0.0
0.0;157.6;0.0;0.0
0.0;157.6;0.0;0.0
0.0;157.6;0.0;0.0
0.0;157.6;0.0;0.0
0.0;157.6;0.0;0.0
0.0;157.6;0.0;0.0
1.7;158.0;1.8;0.0
0.0;158.0;0.0;0.0
0.0;158.0;0.0;0.0
0.0;158.0;0.0;0.0
0.0;158.0;0.4;0.0
0.0;158.0;0.0;0.0
0.0;158.0;0.0;0.0
0.0;158.0;0.0;0.0
0.0;158.0;0.0;0.0
0.0;158.0;0.0;0.0
0.0;158.0;0.0;0.0
0.0;158.0;0.0;0.0
0.0;158.0;0.0;0.0
0.0;158.0;2.1;0.0
0.0;158.0;0.0;0.0
0.0;158.0;0.0;0.0
0.0;158.0;0.0;0.0
6.6;160.4;1.6;0.0
8.3;160.8;0.0;0.0
3.3;161.0;6.0;0.0
8.3;161.2;0.0;0.0
8.3;161.2;0.0;0.0
8.3;161.2;0.0;0.0
8.3;161.2;0.0;0.0
8.3;161.2;0.0;0.0
8.3;161.2;0.0;0.0
8.3;161.2;0.0;0.0
8.3;161.2;0.0;0.0
8.3;161.2;0.0;0.0
8.3;161.2;0.0;0.0
8.3;161.2;0.0;0.0
8.3;161.2;0.0;0.0
5.8;161.4;3.1;0.0
7.5;161.9;4.3;0.0
2.5;162.3;0.0;0.0
0.0;162.3;0.0;0.0
0.0;162.3;0.0;0.0
0.0;162.3;0.0;0.0
0.0;162.3;0.0;0.0
0.0;162.3;1.7;0.0
0.0;162.3;0.0;0.0
0.0;162.3;0.0;0.0
0.0;162.3;0.0;0.0
