7.5;55.9;31.9;0.0
8.3;67.4;26.6;0.0
7.5;77.2;18.9;0.0
7.5;85.4;28.1;0.0
6.6;95.7;42.5;0.0
6.6;105.4;42.6;0.0
39.1;125.7;33.0;0.0
70.7;136.8;28.3;0.0
7.5;144.4;22.8;0.0
5.0;156.0;28.4;0.0
0.0;156.0;0.0;0.0
0.0;156.0;0.0;0.0
0.0;156.0;0.0;0.0
0.0;156.0;0.0;0.0
0.0;156.0;0.0;0.0
0.0;156.0;0.0;0.0
0.0;156.1;1.7;0.0
0.0;156.1;0.0;0.0
0.0;156.1;0.0;0.0
0.0;156.1;0.0;0.0
0.0;156.1;0.4;0.0
0.0;156.1;0.0;0.0
0.0;156.1;0.0;0.0
0.0;156.1;0.0;0.0
0.0;156.1;0.0;0.0
0.0;156.1;0.0;0.0
0.0;156.1;0.0;0.0
0.0;156.1;2.3;0.0
0.0;156.1;0.0;0.0
0.0;156.1;0.0;0.0
0.0;156.1;0.0;0.0
3.3;158.4;1.4;0.0
8.3;158.6;0.0;0.0
5.8;158.9;0.4;0.0
5.8;159.2;5.7;0.0
8.3;159.2;0.0;0.0
8.3;159.2;0.0;0.0
8.3;159.2;0.0;0.0
8.3;159.2;0.0;0.0
8.3;159.2;0.0;0.0
8.3;159.2;0.0;0.0
8.3;159.2;0.0;0.0
8.3;159.2;0.0;0.0
8.3;159.2;0.0;0.0
8.3;159.2;0.0;0.0
8.3;159.2;0.0;0.0
8.3;159.2;0.0;0.0
5.0;159.9;6.9;0.0
8.3;160.5;0.0;0.0
0.0;160.5;0.0;0.0
0.0;160.5;0.0;0.0
0.0;160.5;0.0;0.0
0.0;160.5;0.0;0.0
0.0;160.5;0.0;0.0
0.0;160.5;1.7;0.0
0.0;160.5;0.0;0.0
0.0;160.5;0.0;0.0
0.0;160.5;0.0;0.0
0.0;160.5;0.4;0.0
0.0;160.5;0.0;0.0
