22.4;48.3;31.0;0.0
7.5;62.8;29.3;0.0
7.5;74.4;30.5;0.0
7.5;86.6;26.4;0.0
6.6;96.5;40.0;0.0
8.3;107.4;47.2;0.0
24.1;124.6;35.3;0.0
83.9;137.3;33.2;0.0
7.5;143.4;9.8;0.0
6.6;157.1;41.4;0.0
0.0;157.1;0.0;0.0
0.0;157.1;0.0;0.0
0.0;157.1;0.0;0.0
0.0;157.1;0.0;0.0
0.0;157.1;0.0;0.0
0.0;157.1;0.0;0.0
0.0;157.1;0.0;0.0
0.0;157.4;1.7;0.0
0.0;157.4;0.0;0.0
0.0;157.4;0.0;0.0
0.0;157.4;0.4;0.0
0.0;157.4;0.0;0.0
0.0;157.4;0.0;0.0
0.0;157.4;0.0;0.0
0.0;157.4;0.0;0.0
0.0;157.4;0.0;0.0
0.0;157.4;0.0;0.0
0.0;157.4;0.0;0.0
0.0;157.4;2.2;0.0
0.0;157.4;0.0;0.0
0.0;157.4;0.0;0.0
1.7;158.7;0.9;0.0
7.5;160.0;0.4;0.0
7.5;160.3;0.4;0.0
4.1;160.5;5.7;0.0
9.1;160.7;0.0;0.0
8.3;160.7;0.0;0.0
8.3;160.7;0.0;0.0
7.5;160.7;0.0;0.0
9.2;160.7;0.0;0.0
8.3;160.7;0.0;0.0
8.3;160.7;0.0;0.0
8.3;160.7;0.0;0.0
7.5;160.7;0.0;0.0
8.3;160.7;0.0;0.0
9.2;160.7;0.0;0.0
8.3;160.7;0.0;0.0
4.1;161.3;7.0;0.0
9.1;161.4;0.0;0.0
1.7;161.8;0.0;0.0
0.0;161.8;0.0;0.0
0.0;161.8;0.0;0.0
0.0;161.8;0.0;0.0
0.0;161.8;0.0;0.0
0.0;161.8;1.8;0.0
0.0;161.8;0.0;0.0
0.0;161.8;0.0;0.0
0.0;161.8;0.0;0.0
0.0;161.8;0.4;0.0
0.0;161.8;0.0;0.0
