6.6;49.4;34.2;0.0
7.5;63.1;26.7;0.0
6.7;66.5;22.9;0.0
8.3;77.9;25.8;0.0
7.5;85.2;31.6;0.0
6.6;94.2;38.6;0.0
7.5;106.0;43.9;0.0
83.5;128.2;28.1;0.0
24.1;138.4;17.9;0.0
9.1;153.7;45.3;0.0
0.0;154.2;1.6;0.0
0.0;154.2;0.0;0.0
0.0;154.2;0.0;0.0
0.0;154.2;0.0;0.0
0.0;154.2;0.0;0.0
0.0;154.2;0.0;0.0
0.0;154.2;0.0;0.0
0.0;154.6;1.8;0.0
0.0;154.6;0.0;0.0
0.0;154.6;0.0;0.0
0.0;154.6;0.0;0.0
0.0;154.6;1.1;0.0
0.0;154.6;0.0;0.0
0.0;154.6;0.0;0.0
0.0;154.6;0.0;0.0
0.0;154.6;0.0;0.0
0.0;154.6;0.0;0.0
0.0;154.6;0.0;0.0
0.0;154.6;0.0;0.0
0.0;154.6;0.0;0.0
0.0;154.6;0.0;0.0
0.0;154.6;0.0;0.0
0.0;154.6;0.0;0.0
0.0;154.6;2.0;0.0
0.0;154.6;0.0;0.0
4.2;157.0;0.9;0.0
8.3;157.2;0.0;0.0
6.7;157.4;1.9;0.0
7.5;157.8;4.3;0.0
8.3;157.8;0.0;0.0
8.3;157.8;0.0;0.0
8.3;157.8;0.0;0.0
8.3;157.8;0.0;0.0
8.3;158.0;0.0;0.0
8.3;158.0;0.0;0.0
8.3;158.0;0.0;0.0
8.3;158.0;0.0;0.0
8.3;158.0;0.0;0.0
8.3;158.0;0.0;0.0
8.3;158.0;0.0;0.0
8.3;158.0;0.0;0.0
5.0;158.4;6.9;0.0
6.6;158.9;0.0;0.0
0.0;158.9;0.0;0.0
0.0;158.9;0.0;0.0
0.0;158.9;0.0;0.0
0.0;158.9;0.0;0.0
0.0;158.9;0.0;0.0
0.8;158.9;1.7;0.0
0.0;158.9;0.0;0.0
