7.5;61.8;33.7;0.0
7.5;74.8;26.4;0.0
6.6;74.6;22.4;0.0
7.5;83.9;25.2;0.0
7.5;94.7;45.1;0.0
7.5;104.8;43.7;0.0
35.8;130.5;37.6;0.0
70.6;140.4;26.8;0.0
7.5;148.1;21.4;0.0
5.0;159.8;29.9;0.0
0.0;159.8;0.0;0.0
0.0;159.8;0.0;0.0
0.0;159.8;0.0;0.0
0.0;159.8;0.0;0.0
0.0;159.8;0.0;0.0
0.0;159.8;0.0;0.0
0.0;160.1;1.7;0.0
0.0;160.1;0.0;0.0
0.0;160.1;0.0;0.0
0.0;160.1;0.0;0.0
0.0;160.1;0.4;0.0
0.0;160.1;0.7;0.0
0.0;160.1;0.0;0.0
0.0;160.1;0.0;0.0
0.0;160.1;0.0;0.0
0.0;160.1;0.0;0.0
0.0;160.1;0.0;0.0
0.0;160.1;0.0;0.0
0.0;160.1;0.0;0.0
0.0;160.1;0.0;0.0
0.0;160.1;0.0;0.0
0.0;160.1;0.0;0.0
1.7;161.4;2.3;0.0
8.3;162.5;0.4;0.0
8.3;162.9;0.0;0.0
3.3;163.1;6.2;0.0
8.3;163.3;0.0;0.0
8.3;163.3;0.0;0.0
8.3;163.3;0.0;0.0
9.1;163.3;0.0;0.0
8.3;163.3;0.0;0.0
8.3;163.3;0.0;0.0
8.3;163.3;0.0;0.0
8.3;163.3;0.0;0.0
8.3;163.3;0.0;0.0
7.5;163.3;0.0;0.0
8.3;163.3;0.0;0.0
8.3;163.3;0.0;0.0
7.5;163.5;1.3;0.0
5.8;164.0;5.8;0.0
4.1;164.4;0.0;0.0
0.0;164.4;0.0;0.0
0.0;164.4;0.0;0.0
0.0;164.4;0.0;0.0
0.0;164.4;0.0;0.0
0.0;164.4;0.0;0.0
0.0;164.4;1.7;0.0
0.0;164.4;0.0;0.0
0.0;164.4;0.0;0.0
0.0;164.4;0.4;0.0
