6.6;52.0;36.2;0.0
8.3;65.0;25.7;0.0
5.8;74.1;22.5;0.0
8.3;83.5;24.6;0.0
6.6;92.4;36.9;0.0
7.5;102.7;43.0;0.0
7.5;110.9;32.3;0.0
94.2;135.7;40.3;0.0
14.9;143.1;11.1;0.0
6.6;157.3;41.1;0.0
0.0;157.3;0.3;0.0
0.0;157.3;0.0;0.0
0.0;157.3;0.0;0.0
0.0;157.3;0.0;0.0
0.0;157.3;0.0;0.0
0.0;157.3;0.0;0.0
0.0;157.3;0.0;0.0
0.8;157.4;1.8;0.0
0.0;157.4;0.0;0.0
0.0;157.4;0.0;0.0
0.0;157.4;0.0;0.0
0.0;157.4;0.4;0.0
0.0;157.4;0.0;0.0
0.0;157.4;0.0;0.0
0.0;157.4;0.0;0.0
0.0;157.4;0.0;0.0
0.0;157.4;0.0;0.0
0.0;157.4;0.0;0.0
0.0;157.4;2.1;0.0
0.0;157.4;0.0;0.0
0.0;157.4;0.0;0.0
0.0;158.7;1.1;0.0
8.3;159.7;0.4;0.0
7.5;160.1;0.4;0.0
0.8;160.1;1.8;0.0
0.8;160.5;3.7;0.0
8.3;160.5;0.0;0.0
8.3;160.5;0.0;0.0
8.3;160.5;0.0;0.0
8.3;160.5;0.0;0.0
8.3;160.5;0.0;0.0
8.3;160.5;0.0;0.0
8.3;160.5;0.0;0.0
8.3;160.5;0.0;0.0
8.3;160.5;0.0;0.0
8.3;160.5;0.0;0.0
8.3;160.6;0.0;0.0
8.3;160.6;0.0;0.0
5.8;160.6;5.9;0.0
7.5;161.0;1.0;0.0
3.3;161.6;0.0;0.0
0.0;161.6;0.0;0.0
0.0;161.6;0.0;0.0
0.0;161.6;0.0;0.0
0.0;161.6;0.0;0.0
0.0;161.6;1.7;0.0
0.0;161.6;0.0;0.0
0.0;161.6;0.0;0.0
0.0;161.6;0.0;0.0
0.0;161.6;0.4;0.0
