7.5;64.5;36.2;0.0
7.5;76.6;28.1;0.0
6.6;87.9;20.1;0.0
7.5;96.1;33.4;0.0
7.5;107.4;42.2;0.0
7.5;116.9;42.3;0.0
50.5;145.6;32.8;0.0
59.0;155.8;23.4;0.0
7.5;165.4;31.9;0.0
2.5;174.4;19.2;0.0
0.0;174.4;0.0;0.0
0.0;174.4;0.0;0.0
0.0;174.4;0.0;0.0
0.0;174.4;0.0;0.0
0.0;174.4;0.0;0.0
0.0;174.4;0.0;0.0
1.7;174.5;1.7;0.0
0.0;174.5;0.0;0.0
0.0;174.5;0.0;0.0
0.0;174.5;0.0;0.0
0.0;174.5;0.4;0.0
0.0;174.5;0.0;0.0
0.0;174.5;0.0;0.0
0.0;174.5;0.0;0.0
0.0;174.5;0.0;0.0
0.0;174.5;0.0;0.0
0.0;174.5;0.0;0.0
0.0;174.5;1.9;0.0
0.0;174.5;0.0;0.0
0.0;174.5;0.0;0.0
0.0;174.5;0.0;0.0
0.0;174.5;0.0;0.0
0.0;174.5;0.0;0.0
0.0;174.5;0.0;0.0
0.0;174.5;1.2;0.0
7.5;176.9;0.4;0.0
8.3;177.1;0.0;0.0
5.0;177.5;6.5;0.0
8.3;177.7;0.0;0.0
8.3;177.7;0.0;0.0
8.3;177.7;0.0;0.0
8.3;177.7;0.0;0.0
8.3;177.7;0.0;0.0
8.3;177.7;0.0;0.0
8.3;177.7;0.0;0.0
8.3;177.7;0.0;0.0
8.3;177.7;0.0;0.0
8.3;177.7;0.0;0.0
8.3;177.7;0.0;0.0
8.3;177.7;0.0;0.0
4.1;179.9;3.1;0.0
7.5;180.5;3.8;0.0
3.3;179.0;0.0;0.0
0.0;179.0;0.0;0.0
0.0;179.0;0.0;0.0
0.0;179.0;0.0;0.0
0.0;179.0;0.0;0.0
0.0;179.0;1.8;0.0
0.0;179.0;0.0;0.0
0.0;179.0;0.0;0.0
