11.6;48.7;31.7;0.0
8.3;63.3;31.7;0.0
7.5;63.1;26.2;0.0
8.3;76.2;26.4;0.0
5.8;84.7;34.8;0.0
7.5;93.8;39.8;0.0
7.5;105.0;40.7;0.0
84.9;133.4;37.6;0.0
20.8;142.3;10.6;0.0
9.1;157.4;44.3;0.0
0.0;157.4;0.3;0.0
0.0;157.4;0.0;0.0
0.0;157.4;0.0;0.0
0.0;157.4;0.0;0.0
0.0;157.4;0.0;0.0
0.0;157.4;0.0;0.0
0.0;157.4;0.0;0.0
0.0;157.5;1.8;0.0
0.0;157.5;0.0;0.0
0.0;157.5;0.0;0.0
0.0;157.5;0.0;0.0
0.0;157.5;0.4;0.0
0.0;157.5;0.0;0.0
0.0;157.5;0.0;0.0
0.0;157.5;0.0;0.0
0.0;157.5;0.0;0.0
0.0;157.5;0.0;0.0
0.0;157.5;0.0;0.0
0.0;157.5;0.0;0.0
0.0;157.5;0.0;0.0
0.0;157.5;0.0;0.0
0.0;157.5;0.0;0.0
0.0;157.5;0.0;0.0
0.0;157.5;0.0;0.0
0.0;157.5;0.0;0.0
0.0;157.5;0.0;0.0
0.0;157.5;0.0;0.0
0.0;157.5;0.0;0.0
0.0;157.5;0.0;0.0
0.0;157.5;0.0;0.0
0.0;157.5;0.0;0.0
0.0;157.5;0.0;0.0
0.0;157.5;0.0;0.0
0.0;157.5;0.0;0.0
0.0;157.5;0.0;0.0
0.0;157.5;0.0;0.0
0.0;157.5;0.0;0.0
0.0;157.5;0.0;0.0
0.0;157.5;0.0;0.0
0.0;157.5;2.1;0.0
0.0;157.5;0.0;0.0
0.0;157.5;0.0;0.0
0.0;157.5;0.0;0.0
5.0;159.8;1.3;0.0
8.3;160.0;0.0;0.0
4.1;160.6;6.4;0.0
8.3;160.6;0.0;0.0
8.3;160.6;0.0;0.0
8.3;160.6;0.0;0.0
8.3;160.6;0.0;0.0
