6.6;44.3;31.6;0.0
7.5;59.4;30.5;0.0
8.3;66.7;23.2;0.0
8.3;77.5;24.8;0.0
5.8;85.7;35.6;0.0
5.8;95.2;41.8;0.0
7.5;105.7;36.5;0.0
89.0;126.4;29.7;0.0
22.4;134.8;13.0;0.0
6.7;147.5;40.9;0.0
3.3;152.2;9.3;0.0
0.0;152.2;0.0;0.0
0.0;152.2;0.0;0.0
0.0;152.2;0.0;0.0
0.0;152.2;0.0;0.0
0.0;152.2;0.0;0.0
0.0;152.2;0.0;0.0
0.0;152.5;1.8;0.0
0.0;152.5;0.0;0.0
0.0;152.5;0.0;0.0
0.0;152.5;0.0;0.0
0.0;152.5;1.1;0.0
0.0;152.5;0.0;0.0
0.0;152.5;0.0;0.0
0.0;152.5;0.0;0.0
0.0;152.5;0.0;0.0
0.0;152.5;0.0;0.0
0.0;152.5;0.0;0.0
0.0;152.5;0.0;0.0
0.0;152.5;0.0;0.0
0.0;152.5;0.0;0.0
0.0;152.5;2.1;0.0
0.0;152.5;0.0;0.0
0.0;152.5;0.0;0.0
0.0;152.5;0.0;0.0
2.5;154.9;0.9;0.0
8.3;155.1;0.0;0.0
7.5;155.3;2.2;0.0
7.5;155.7;3.7;0.0
8.3;155.7;0.0;0.0
8.3;155.7;0.0;0.0
8.3;155.7;0.0;0.0
8.3;155.7;0.0;0.0
8.3;155.7;0.0;0.0
8.3;155.7;0.0;0.0
8.3;155.7;0.0;0.0
8.3;155.7;0.0;0.0
8.3;155.7;0.0;0.0
8.3;155.7;0.0;0.0
8.3;155.7;0.0;0.0
8.3;156.0;1.2;0.0
5.8;156.5;5.7;0.0
5.0;156.9;0.0;0.0
0.0;156.9;0.0;0.0
0.0;156.9;0.0;0.0
0.0;156.9;0.0;0.0
0.0;156.9;0.0;0.0
0.0;156.9;0.0;0.0
0.0;156.9;1.8;0.0
0.0;156.9;0.0;0.0
