7.5;59.0;33.9;0.0
8.3;71.2;24.6;0.0
6.7;73.6;21.8;0.0
7.5;83.0;24.6;0.0
6.7;92.6;41.7;0.0
8.3;103.0;42.8;0.0
16.6;121.1;34.5;0.0
88.2;135.0;34.8;0.0
8.3;141.4;9.8;0.0
6.7;154.9;41.5;0.0
0.0;154.9;0.0;0.0
0.0;154.9;0.0;0.0
0.0;154.9;0.0;0.0
0.0;154.9;0.0;0.0
0.0;154.9;0.0;0.0
0.0;154.9;0.0;0.0
0.0;154.9;0.0;0.0
0.0;155.1;1.7;0.0
0.0;155.1;0.0;0.0
0.0;155.1;0.0;0.0
0.0;155.1;0.4;0.0
0.0;155.1;0.0;0.0
0.0;155.1;0.0;0.0
0.0;155.1;0.0;0.0
0.0;155.1;0.0;0.0
0.0;155.1;0.0;0.0
0.0;155.1;0.0;0.0
0.0;155.1;0.0;0.0
0.0;155.1;2.5;0.0
0.0;155.1;0.0;0.0
0.0;155.1;0.0;0.0
2.5;157.2;1.5;0.0
8.3;157.6;0.0;0.0
7.5;157.8;0.4;0.0
5.0;158.2;5.8;0.0
8.3;158.2;0.0;0.0
9.1;158.2;0.0;0.0
8.3;158.2;0.0;0.0
7.5;158.2;0.0;0.0
8.3;158.2;0.0;0.0
8.3;158.2;0.0;0.0
8.3;158.2;0.0;0.0
8.3;158.2;0.0;0.0
8.3;158.3;0.0;0.0
9.1;158.3;0.0;0.0
8.3;158.3;0.0;0.0
8.3;158.3;0.0;0.0
3.3;160.7;7.0;0.0
8.3;160.7;0.0;0.0
0.8;159.4;0.0;0.0
0.0;159.4;0.0;0.0
0.0;159.4;0.0;0.0
0.0;159.4;0.0;0.0
0.0;159.4;0.0;0.0
0.8;159.4;1.7;0.0
0.0;159.4;0.0;0.0
0.0;159.4;0.0;0.0
0.0;159.4;0.0;0.0
0.0;159.4;0.4;0.0
0.0;159.4;0.0;0.0
