12.5;51.4;28.0;0.0
6.6;66.9;29.9;0.0
6.6;65.8;29.4;0.0
8.3;80.0;29.8;0.0
7.5;87.3;27.6;0.0
5.8;96.4;37.4;0.0
6.6;109.1;50.5;0.0
70.7;124.9;26.4;0.0
39.0;134.2;16.2;0.0
6.6;146.4;39.5;0.0
9.2;153.9;11.4;0.0
0.0;153.9;0.3;0.0
0.0;153.9;0.0;0.0
0.0;153.9;0.0;0.0
0.0;153.9;0.0;0.0
0.0;153.9;0.0;0.0
0.0;153.9;0.0;0.0
0.0;153.9;0.0;0.0
0.8;154.1;1.8;0.0
0.0;154.1;0.0;0.0
0.0;154.1;0.0;0.0
0.0;154.1;0.0;0.0
5.0;154.3;0.8;0.0
8.3;154.4;0.0;0.0
8.3;154.4;0.0;0.0
8.3;154.4;0.0;0.0
8.3;154.4;0.0;0.0
8.3;154.4;0.0;0.0
8.3;154.4;0.0;0.0
8.3;154.6;1.4;0.0
0.8;155.2;0.0;0.0
0.0;155.2;0.0;0.0
0.0;155.2;0.0;0.0
0.0;155.2;0.0;0.0
0.0;155.2;0.0;0.0
0.0;155.2;0.0;0.0
0.0;155.2;0.2;0.0
0.0;155.2;1.6;0.0
0.0;155.2;0.0;0.0
0.0;155.2;0.0;0.0
0.8;155.2;0.8;0.0
8.3;158.9;0.3;4.0
8.3;190.2;596.8;0.0
8.3;190.4;774.3;0.0
8.3;190.7;411.5;0.0
8.3;190.7;320.7;0.0
8.3;191.1;349.0;0.0
8.3;191.1;338.5;0.0
8.3;191.1;239.3;0.0
9.1;191.1;355.6;0.0
7.5;191.1;366.3;0.0
8.3;191.1;377.4;0.0
8.3;191.1;373.7;0.0
8.3;222.4;275.3;0.0
8.3;222.4;0.2;68.0
8.3;222.4;0.8;256.0
8.3;222.4;0.4;128.0
8.3;192.1;0.5;72.0
8.3;192.1;0.0;0.0
2.5;0.0;0.0;0.0
