7.5;54.2;34.8;0.0
7.5;66.6;29.3;0.0
6.6;79.7;20.9;0.0
8.3;87.5;35.8;0.0
7.5;98.9;41.2;0.0
6.6;112.1;53.4;0.0
69.9;135.5;38.3;0.0
39.0;143.3;10.0;0.0
7.5;159.2;43.2;0.0
7.5;161.2;2.7;0.0
0.0;161.2;0.0;0.0
0.0;161.2;0.0;0.0
0.0;161.2;0.0;0.0
0.0;161.2;0.0;0.0
0.0;161.2;0.0;0.0
0.0;161.2;0.0;0.0
0.0;161.2;0.0;0.0
0.0;161.2;1.8;0.0
0.0;161.2;0.0;0.0
0.0;161.2;0.0;0.0
0.0;161.5;0.9;0.0
8.3;161.5;0.0;0.0
8.3;161.6;0.0;0.0
8.3;161.6;0.0;0.0
8.3;161.6;0.0;0.0
8.3;161.6;0.0;0.0
9.1;161.6;0.0;0.0
8.3;161.6;0.0;0.0
5.0;162.4;1.4;0.0
0.0;162.4;0.0;0.0
0.0;162.4;0.0;0.0
0.0;162.4;0.0;0.0
0.0;162.4;0.0;0.0
0.0;162.4;0.0;0.0
0.0;162.4;0.0;0.0
0.0;162.4;1.8;0.0
0.0;162.4;0.0;0.0
0.0;162.4;0.0;0.0
0.0;162.4;0.0;0.0
5.8;163.2;1.1;4.0
8.3;195.3;227.6;0.0
8.3;195.5;839.2;0.0
8.3;196.3;628.5;0.0
8.3;196.3;339.0;0.0
8.3;196.3;325.6;0.0
8.3;196.3;329.6;0.0
8.3;196.3;214.4;0.0
8.3;196.3;357.6;0.0
8.3;196.3;369.3;0.0
9.1;196.3;378.4;0.0
8.3;196.3;371.9;0.0
8.3;196.3;386.5;0.0
8.3;227.6;110.6;0.0
8.3;227.6;0.6;196.0
8.3;227.6;0.6;192.0
8.3;227.6;0.2;64.0
9.1;197.3;0.3;60.0
7.5;0.0;0.0;0.0
0.0;0.0;0.0;0.0
0.0;0.0;0.0;0.0
