6.6;56.8;35.4;0.0
7.5;68.2;24.1;0.0
8.3;71.3;21.6;0.0
6.7;79.7;28.0;0.0
6.6;89.4;39.7;0.0
6.6;99.2;42.3;0.0
26.6;125.7;35.4;0.0
79.0;137.0;30.6;0.0
8.3;143.2;13.0;0.0
8.3;157.7;36.8;0.0
3.3;159.0;2.3;0.0
0.0;159.0;0.0;0.0
0.0;159.0;0.0;0.0
0.0;159.0;0.0;0.0
0.0;159.0;0.0;0.0
0.0;159.0;0.0;0.0
0.0;159.0;0.0;0.0
0.0;159.2;1.7;0.0
0.0;159.2;0.0;0.0
0.0;159.2;0.0;0.0
0.0;159.2;0.0;0.0
3.3;159.4;0.8;0.0
8.3;159.6;0.0;0.0
8.3;159.6;0.0;0.0
8.3;159.6;0.0;0.0
8.3;159.6;0.0;0.0
8.3;159.6;0.0;0.0
8.3;159.6;0.0;0.0
9.2;159.7;1.3;0.0
4.2;160.2;0.1;0.0
0.0;160.2;0.0;0.0
0.0;160.2;0.0;0.0
0.0;160.2;0.0;0.0
0.0;160.2;0.0;0.0
0.0;160.2;0.0;0.0
0.0;160.2;0.0;0.0
0.0;160.2;1.6;0.0
0.0;160.2;0.0;0.0
0.0;160.2;0.0;0.0
0.0;160.2;0.0;0.0
7.5;165.1;1.3;4.0
7.5;197.3;370.6;0.0
8.3;197.5;836.3;0.0
8.3;198.0;499.4;0.0
9.1;198.0;316.2;0.0
8.3;198.0;352.5;0.0
8.3;198.0;350.6;0.0
8.3;198.0;231.3;0.0
8.3;198.0;360.0;0.0
8.3;198.0;357.4;0.0
8.3;198.0;353.9;0.0
8.3;198.0;347.4;0.0
8.3;198.0;369.5;0.0
7.5;229.7;82.3;0.0
8.3;229.7;0.4;132.0
8.3;229.7;0.6;192.0
9.1;229.7;0.4;128.0
8.3;199.3;0.3;8.0
7.5;0.0;0.0;0.0
0.0;0.0;0.0;0.0
