18.3;42.1;31.0;0.0
8.3;57.9;32.8;0.0
6.6;68.3;23.4;0.0
7.5;78.3;25.0;0.0
5.8;87.3;36.5;0.0
7.5;97.9;45.6;0.0
13.3;115.1;32.7;0.0
96.4;130.1;39.0;0.0
7.5;136.8;12.6;0.0
7.5;151.3;37.3;0.0
3.3;152.5;2.3;0.0
0.0;152.5;0.0;0.0
0.0;152.5;0.0;0.0
0.0;152.5;0.0;0.0
0.0;152.5;0.0;0.0
0.0;152.5;0.0;0.0
0.0;152.5;0.0;0.0
0.0;152.6;1.7;0.0
0.0;152.6;0.0;0.0
0.0;152.6;0.0;0.0
0.0;152.6;0.0;0.0
0.0;152.6;0.4;0.0
0.0;152.6;0.0;0.0
0.0;152.6;0.0;0.0
1.7;152.6;0.4;0.0
7.5;152.9;0.0;0.0
8.3;153.0;0.0;0.0
8.3;153.0;0.0;0.0
8.3;153.0;0.0;0.0
8.3;153.0;0.0;0.0
8.3;153.0;0.0;0.0
8.3;153.0;0.0;0.0
7.5;153.7;1.4;0.0
0.0;153.7;0.0;0.0
0.0;153.7;0.0;0.0
0.0;153.7;0.0;0.0
0.0;153.7;0.0;0.0
0.0;153.7;0.0;0.0
0.0;153.7;0.0;0.0
0.0;153.7;1.7;0.0
0.0;153.7;0.0;0.0
0.0;153.7;0.0;0.0
0.0;153.7;0.0;0.0
3.3;154.0;0.8;0.0
8.3;157.9;0.3;4.0
8.3;188.7;779.9;0.0
8.3;188.9;819.3;0.0
9.1;189.2;286.3;0.0
8.3;189.2;343.0;0.0
8.3;189.8;355.4;0.0
8.3;189.8;275.4;0.0
8.3;189.8;305.2;0.0
8.3;189.8;361.4;0.0
8.3;189.8;384.0;0.0
8.3;189.8;389.4;0.0
8.3;189.8;374.0;0.0
8.3;221.0;104.5;0.0
8.3;221.0;0.4;132.0
8.3;221.0;0.8;256.0
8.3;221.0;0.2;64.0
