7.5;51.6;34.0;0.0
7.5;64.9;26.4;0.0
6.6;73.5;22.4;0.0
8.3;82.9;25.2;0.0
5.0;92.8;41.5;0.0
7.5;102.8;42.6;0.0
20.0;121.3;36.4;0.0
89.6;133.5;32.7;0.0
6.7;139.4;15.6;0.0
8.3;153.9;34.2;0.0
3.3;155.2;2.3;0.0
0.0;155.2;0.0;0.0
0.0;155.2;0.0;0.0
0.0;155.2;0.0;0.0
0.0;155.2;0.0;0.0
0.0;155.2;0.0;0.0
0.0;155.2;0.0;0.0
0.0;155.5;1.8;0.0
0.0;155.5;0.0;0.0
0.0;155.5;0.0;0.0
0.0;155.5;0.0;0.0
4.2;155.7;0.8;0.0
8.3;155.8;0.0;0.0
8.3;155.8;0.0;0.0
8.3;155.8;0.0;0.0
8.3;155.8;0.0;0.0
8.3;155.8;0.0;0.0
8.3;155.8;0.0;0.0
8.3;155.8;0.0;0.0
5.0;156.5;1.4;0.0
0.0;156.5;0.0;0.0
0.0;156.5;0.0;0.0
0.0;156.5;0.0;0.0
0.0;156.5;0.0;0.0
0.0;156.5;0.0;0.0
0.0;156.5;0.0;0.0
0.0;156.5;1.8;0.0
0.0;156.5;0.0;0.0
0.0;156.5;0.0;0.0
0.0;156.5;0.0;0.0
4.2;156.9;1.1;4.0
8.3;189.6;163.9;0.0
8.3;189.8;842.9;0.0
8.3;190.1;675.3;0.0
8.3;190.6;352.8;0.0
8.3;190.6;341.8;0.0
8.3;190.6;325.1;0.0
8.3;190.6;222.9;0.0
8.3;190.6;367.8;0.0
8.3;190.6;359.4;0.0
8.3;190.6;371.1;0.0
8.3;190.6;388.5;0.0
8.3;190.6;376.2;0.0
9.1;221.8;135.9;0.0
8.3;222.1;0.4;132.0
8.3;222.1;0.8;256.0
8.3;222.1;0.2;64.0
8.3;191.6;0.3;60.0
7.5;0.0;0.0;0.0
0.8;0.0;0.0;0.0
