5.8;58.8;34.0;0.0
9.1;74.3;30.0;0.0
5.8;74.7;22.8;0.0
8.3;85.6;25.8;0.0
5.8;95.0;39.7;0.0
7.5;105.3;44.4;0.0
20.0;124.7;39.5;0.0
85.5;135.8;30.2;0.0
7.5;142.1;13.0;0.0
8.3;156.6;36.8;0.0
4.1;157.8;2.3;0.0
0.0;157.8;0.0;0.0
0.0;157.8;0.0;0.0
0.0;157.8;0.0;0.0
0.0;157.8;0.0;0.0
0.0;157.8;0.0;0.0
0.0;157.8;0.0;0.0
0.8;157.9;1.7;0.0
0.0;157.9;0.0;0.0
0.0;157.9;0.0;0.0
0.0;157.9;0.0;0.0
2.5;158.1;0.9;0.0
9.1;158.1;0.0;0.0
7.5;158.3;0.0;0.0
8.3;158.3;0.0;0.0
8.3;158.3;0.0;0.0
8.3;158.3;0.0;0.0
8.3;158.3;0.0;0.0
10.0;158.5;1.3;0.0
2.5;159.0;0.1;0.0
0.0;159.0;0.0;0.0
0.0;159.0;0.0;0.0
0.0;159.0;0.0;0.0
0.0;159.0;0.0;0.0
0.0;159.0;0.0;0.0
0.0;159.0;0.0;0.0
0.0;159.0;1.8;0.0
0.0;159.0;0.0;0.0
0.0;159.0;0.0;0.0
0.0;159.0;0.4;0.0
7.5;159.9;0.7;4.0
8.3;192.1;284.6;0.0
7.5;192.1;743.1;0.0
8.3;192.5;605.0;0.0
8.3;192.5;313.5;0.0
8.3;192.5;346.5;0.0
8.3;193.0;346.7;0.0
8.3;193.0;237.7;0.0
8.3;193.0;355.6;0.0
8.3;193.0;365.5;0.0
8.3;193.0;381.5;0.0
8.3;193.0;369.0;0.0
10.0;193.0;373.7;0.0
8.3;224.2;55.4;0.0
8.3;224.2;0.6;196.0
8.3;224.2;0.6;192.0
8.3;193.9;0.7;132.0
7.5;194.0;0.0;0.0
6.6;0.0;0.0;0.0
0.0;0.0;0.0;0.0
