6.6;47.1;32.3;0.0
7.5;60.9;27.6;0.0
6.7;68.6;22.4;0.0
8.3;78.4;28.6;0.0
5.8;88.3;40.3;0.0
6.6;98.5;43.5;0.0
32.4;122.5;39.2;0.0
78.1;132.8;26.8;0.0
6.6;140.4;22.8;0.0
9.1;152.8;27.0;0.0
2.5;154.0;2.3;0.0
0.0;154.0;0.0;0.0
0.0;154.0;0.0;0.0
0.0;154.0;0.0;0.0
0.0;154.0;0.0;0.0
0.0;154.0;0.0;0.0
0.0;154.0;0.0;0.0
0.0;154.2;1.8;0.0
0.0;154.2;0.0;0.0
0.0;154.2;0.0;0.0
0.0;154.2;0.0;0.0
5.0;154.4;0.8;0.0
8.3;154.5;0.0;0.0
8.3;154.5;0.0;0.0
8.3;154.5;0.0;0.0
8.3;154.5;0.0;0.0
8.3;154.5;0.0;0.0
8.3;154.5;0.0;0.0
8.3;155.3;1.4;0.0
0.0;155.3;0.0;0.0
0.0;155.3;0.0;0.0
0.0;155.3;0.0;0.0
0.0;155.3;0.0;0.0
0.0;155.3;0.0;0.0
0.0;155.3;0.0;0.0
0.8;155.3;1.6;0.0
0.0;155.3;0.0;0.0
0.0;155.3;0.0;0.0
0.0;155.3;0.0;0.0
0.0;155.3;0.4;0.0
0.0;155.3;0.4;0.0
6.6;160.4;0.3;4.0
8.3;192.3;445.3;0.0
9.1;192.5;856.4;0.0
8.3;192.8;469.6;0.0
8.3;192.8;346.7;0.0
8.3;193.2;347.9;0.0
8.3;193.2;362.6;0.0
8.3;193.2;230.8;0.0
8.3;193.2;353.0;0.0
8.3;193.2;380.8;0.0
8.3;193.2;365.0;0.0
8.3;193.2;388.2;0.0
8.3;224.5;229.7;0.0
8.3;224.5;0.2;68.0
8.3;224.5;0.8;256.0
8.3;224.5;0.4;128.0
8.3;194.2;0.5;68.0
8.3;163.4;0.0;0.0
1.7;0.0;0.0;0.0
