8.3;57.5;35.1;0.0
6.6;70.1;25.8;0.0
7.5;81.1;21.8;0.0
7.5;89.9;31.4;0.0
5.8;101.6;46.1;0.0
8.3;113.9;49.3;0.0
61.6;131.3;39.4;0.0
46.6;139.6;11.6;0.0
8.3;152.1;40.7;0.0
8.3;158.1;8.0;0.0
0.0;158.6;1.6;0.0
0.0;158.6;0.0;0.0
0.0;158.6;0.0;0.0
0.0;158.6;0.0;0.0
0.0;158.6;0.0;0.0
0.0;158.6;0.0;0.0
0.0;158.6;0.0;0.0
0.0;158.9;1.7;0.0
0.0;158.9;0.0;0.0
0.0;158.9;0.0;0.0
0.0;158.9;0.0;0.0
7.5;159.1;0.8;0.0
8.3;159.2;0.0;0.0
8.3;159.2;0.0;0.0
8.3;159.2;0.0;0.0
8.3;159.2;0.0;0.0
8.3;159.2;0.0;0.0
8.3;159.2;0.0;0.0
8.3;159.4;1.4;0.0
0.8;159.9;0.0;0.0
0.0;159.9;0.0;0.0
0.0;159.9;0.0;0.0
0.0;159.9;0.0;0.0
0.0;159.9;0.0;0.0
0.0;159.9;0.0;0.0
0.0;159.9;0.0;0.0
0.0;159.9;1.8;0.0
0.0;159.9;0.0;0.0
0.0;159.9;0.0;0.0
1.7;160.2;0.8;0.0
8.3;161.6;0.3;4.0
8.3;193.1;586.9;0.0
8.3;193.3;842.3;0.0
8.3;194.0;420.9;0.0
8.3;194.0;342.8;0.0
8.3;194.0;346.0;0.0
8.3;194.0;348.8;0.0
8.3;194.0;253.9;0.0
8.3;194.0;365.7;0.0
8.3;194.0;369.0;0.0
9.1;194.0;375.8;0.0
8.3;194.0;362.6;0.0
8.3;225.2;262.3;0.0
8.3;225.2;0.2;68.0
8.3;225.5;0.6;192.0
8.3;225.5;0.6;192.0
9.2;195.0;0.3;56.0
8.3;195.0;0.0;0.0
4.1;0.0;0.0;0.0
0.0;0.0;0.0;0.0
