6.6;60.3;33.1;0.0
8.3;73.1;25.2;0.0
6.6;78.3;22.0;0.0
8.3;87.8;26.6;0.0
5.8;98.6;45.1;0.0
7.5;108.6;43.1;0.0
35.8;129.4;35.6;0.0
70.7;140.8;28.0;0.0
7.5;149.1;26.1;0.0
8.3;160.7;23.7;0.0
1.7;161.9;2.3;0.0
0.0;161.9;0.0;0.0
0.0;161.9;0.0;0.0
0.0;161.9;0.0;0.0
0.0;161.9;0.0;0.0
0.0;161.9;0.0;0.0
0.0;161.9;0.0;0.0
0.8;162.1;1.7;0.0
0.0;162.1;0.0;0.0
0.0;162.1;0.0;0.0
0.0;162.1;0.0;0.0
5.0;162.3;0.9;0.0
8.3;162.4;0.0;0.0
8.3;162.4;0.0;0.0
8.3;162.4;0.0;0.0
8.3;162.4;0.0;0.0
8.3;162.4;0.0;0.0
8.3;162.4;0.0;0.0
6.6;163.2;1.4;0.0
0.0;163.2;0.0;0.0
0.0;163.2;0.0;0.0
0.0;163.2;0.0;0.0
0.0;163.2;0.0;0.0
0.0;163.2;0.0;0.0
0.0;163.2;0.0;0.0
0.8;163.2;1.7;0.0
0.0;163.2;0.0;0.0
0.0;163.2;0.0;0.0
0.0;163.2;0.0;0.0
3.3;163.4;0.8;0.0
7.5;196.1;0.3;4.0
8.3;196.2;833.8;0.0
8.3;196.4;758.7;0.0
8.3;196.6;279.4;0.0
8.3;196.6;335.1;0.0
8.3;197.1;346.1;0.0
8.3;197.1;306.2;0.0
8.3;197.1;287.0;0.0
8.3;197.1;370.3;0.0
8.3;197.1;377.1;0.0
8.3;197.1;387.4;0.0
9.1;197.1;392.0;0.0
8.3;228.3;104.7;0.0
8.3;228.3;0.4;132.0
8.3;228.3;0.8;256.0
8.3;228.3;0.2;64.0
8.3;198.0;0.3;44.0
7.5;0.0;0.0;0.0
0.0;0.0;0.0;0.0
0.0;0.0;0.0;0.0
