24.9;44.6;27.1;0.0
8.3;59.7;32.1;0.0
5.8;65.6;26.1;0.0
8.3;79.3;27.6;0.0
5.8;86.3;30.4;0.0
7.5;95.3;38.0;0.0
5.8;107.4;45.7;0.0
83.2;131.7;41.6;0.0
27.4;137.7;9.6;0.0
8.3;152.5;39.8;0.0
5.0;154.2;2.7;0.0
0.0;154.2;0.0;0.0
0.0;154.2;0.0;0.0
0.0;154.2;0.0;0.0
0.0;154.2;0.0;0.0
0.0;154.2;0.0;0.0
0.0;154.2;0.0;0.0
0.0;154.2;0.0;0.0
1.7;154.5;1.7;0.0
0.0;154.5;0.0;0.0
0.0;154.5;0.0;0.0
0.0;154.7;0.9;0.0
8.3;154.7;0.0;0.0
8.3;154.8;0.0;0.0
8.3;154.8;0.0;0.0
8.3;154.8;0.0;0.0
8.3;154.8;0.0;0.0
8.3;154.8;0.0;0.0
8.3;155.0;1.4;0.0
2.5;155.5;0.0;0.0
0.0;155.5;0.0;0.0
0.0;155.5;0.0;0.0
0.0;155.5;0.0;0.0
0.0;155.5;0.0;0.0
0.0;155.5;0.0;0.0
0.0;155.5;0.0;0.0
0.0;155.5;1.8;0.0
0.0;155.5;0.0;0.0
0.0;155.5;0.0;0.0
0.0;155.5;0.8;0.0
8.3;158.8;0.3;4.0
8.3;190.6;454.6;0.0
8.3;190.8;774.4;0.0
8.3;191.1;515.1;0.0
8.3;191.1;346.8;0.0
8.3;191.1;361.6;0.0
8.3;191.5;359.0;0.0
8.3;191.5;245.8;0.0
8.3;191.5;372.0;0.0
9.1;191.5;363.8;0.0
8.3;191.5;380.4;0.0
8.3;191.5;375.8;0.0
7.5;222.8;229.7;0.0
8.3;222.8;0.2;68.0
8.3;222.8;0.6;192.0
8.3;222.8;0.6;192.0
8.3;192.5;0.3;64.0
8.3;192.6;0.0;0.0
5.0;0.0;0.0;0.0
0.0;0.0;0.0;0.0
