23.3;44.3;28.6;0.0
6.6;58.3;26.7;0.0
7.5;63.5;31.1;0.0
7.5;77.1;26.8;0.0
6.6;85.0;31.8;0.0
7.5;94.2;40.0;0.0
7.5;106.1;43.7;0.0
88.2;128.4;41.6;0.0
21.6;134.6;9.8;0.0
7.5;149.3;40.0;0.0
6.6;150.8;2.3;0.0
0.0;150.8;0.0;0.0
0.0;150.8;0.0;0.0
0.0;150.8;0.0;0.0
0.0;150.8;0.0;0.0
0.0;150.8;0.0;0.0
0.0;150.8;0.0;0.0
0.0;150.8;0.0;0.0
0.0;151.1;1.7;0.0
0.0;151.1;0.0;0.0
0.0;151.1;0.0;0.0
0.0;151.1;0.4;0.0
0.0;151.1;0.0;0.0
0.0;151.1;0.0;0.0
0.0;151.1;0.0;0.0
0.0;151.1;0.0;0.0
0.0;151.1;0.0;0.0
2.5;151.3;0.5;0.0
8.3;151.4;0.0;0.0
8.3;151.4;0.0;0.0
8.3;151.4;0.0;0.0
8.3;151.4;0.0;0.0
8.3;151.4;0.0;0.0
8.3;151.4;0.0;0.0
8.3;151.4;0.0;0.0
6.6;152.1;1.4;0.0
0.0;152.1;0.0;0.0
0.0;152.1;0.0;0.0
0.0;152.1;0.0;0.0
0.0;152.1;0.0;0.0
0.0;152.1;0.0;0.0
0.0;152.1;0.0;0.0
0.0;152.1;1.7;0.0
0.0;152.1;0.0;0.0
0.0;152.1;0.0;0.0
0.0;152.1;0.0;0.0
4.1;152.4;0.9;0.0
7.5;185.3;83.7;4.0
8.3;185.4;835.0;0.0
8.3;185.6;756.8;0.0
8.3;186.2;309.3;0.0
8.3;186.2;341.2;0.0
8.3;186.2;336.0;0.0
8.3;186.2;180.4;0.0
8.3;186.2;326.8;0.0
9.2;186.2;353.0;0.0
9.1;186.2;363.4;0.0
8.3;186.2;374.5;0.0
8.3;186.2;371.7;0.0
7.5;217.5;291.5;0.0
