11.6;49.9;35.0;0.0
8.3;62.7;25.3;0.0
5.8;73.3;23.9;0.0
8.3;82.8;30.0;0.0
5.8;93.1;41.7;0.0
7.5;103.1;44.0;0.0
42.4;128.7;37.7;0.0
67.3;138.9;23.6;0.0
8.3;147.5;28.1;0.0
7.5;159.4;21.8;0.0
0.8;160.3;2.2;0.0
0.0;160.3;0.0;0.0
0.0;160.3;0.0;0.0
0.0;160.3;0.0;0.0
0.0;160.3;0.0;0.0
0.0;160.3;0.0;0.0
0.0;160.3;0.0;0.0
0.8;160.6;1.7;0.0
0.0;160.6;0.0;0.0
0.0;160.6;0.0;0.0
0.0;160.6;0.0;0.0
0.0;160.6;0.4;0.0
0.0;160.6;0.0;0.0
0.0;160.6;0.0;0.0
5.8;160.8;0.4;0.0
8.3;160.9;0.0;0.0
8.3;160.9;0.0;0.0
8.3;160.9;0.0;0.0
8.3;160.9;0.0;0.0
8.3;160.9;0.0;0.0
8.3;160.9;0.0;0.0
8.3;161.1;1.4;0.0
0.8;161.6;0.0;0.0
0.0;161.6;0.0;0.0
0.0;161.6;0.0;0.0
0.0;161.6;0.0;0.0
0.0;161.6;0.0;0.0
0.0;161.6;0.0;0.0
0.0;161.6;0.0;0.0
0.0;161.6;1.6;0.0
0.0;161.6;0.0;0.0
0.0;161.6;0.0;0.0
1.7;161.9;0.9;0.0
7.5;163.7;0.3;4.0
9.1;194.8;679.5;0.0
8.3;195.0;855.0;0.0
8.3;195.7;360.9;0.0
8.3;195.7;362.3;0.0
7.5;195.7;354.8;0.0
9.1;195.7;236.4;0.0
8.3;195.7;361.2;0.0
8.3;195.7;372.8;0.0
8.3;195.7;360.0;0.0
8.3;195.7;376.6;0.0
8.3;195.7;389.2;0.0
8.3;226.9;210.1;0.0
8.3;226.9;0.4;132.0
8.3;226.9;0.6;192.0
8.3;226.9;0.4;128.0
8.3;196.6;0.5;76.0
