7.5;56.7;35.1;0.0
7.5;68.7;28.0;0.0
7.5;81.3;22.3;0.0
8.3;89.8;37.2;0.0
5.8;101.1;42.0;0.0
6.6;113.9;50.1;0.0
74.1;136.5;37.6;0.0
37.4;145.6;10.6;0.0
7.5;160.9;42.9;0.0
5.0;162.5;2.7;0.0
0.0;162.5;0.0;0.0
0.0;162.5;0.0;0.0
0.0;162.5;0.0;0.0
0.0;162.5;0.0;0.0
0.0;162.5;0.0;0.0
0.0;162.5;0.0;0.0
0.0;162.5;0.0;0.0
0.0;162.6;1.8;0.0
0.0;162.6;0.0;0.0
0.0;162.6;0.0;0.0
0.0;162.6;0.0;0.0
7.5;162.8;0.9;0.0
8.3;162.9;0.0;0.0
8.3;162.9;0.0;0.0
8.3;162.9;0.0;0.0
8.3;162.9;0.0;0.0
8.3;162.9;0.0;0.0
8.3;162.9;0.0;0.0
8.3;165.1;1.4;0.0
0.0;165.7;0.0;0.0
0.0;165.7;0.0;0.0
0.0;165.7;0.0;0.0
0.0;165.7;0.0;0.0
0.0;165.7;0.0;0.0
0.0;165.7;0.0;0.0
0.0;165.7;0.0;0.0
0.0;165.7;1.7;0.0
0.0;165.7;0.0;0.0
0.0;165.7;0.0;0.0
1.7;165.7;0.9;0.0
8.3;167.3;0.3;4.0
8.3;198.8;602.7;0.0
8.3;198.9;828.5;0.0
8.3;199.2;421.3;0.0
8.3;199.2;347.2;0.0
8.3;199.6;354.2;0.0
8.3;199.6;254.0;0.0
8.3;199.6;339.4;0.0
8.3;199.6;353.9;0.0
8.3;199.6;380.4;0.0
8.3;199.6;378.4;0.0
8.3;199.6;372.1;0.0
8.3;230.9;291.5;0.0
8.3;230.9;0.2;68.0
8.3;231.2;0.6;192.0
8.3;231.2;0.6;192.0
8.3;200.7;0.5;72.0
8.3;200.7;0.0;0.0
4.2;0.0;0.0;0.0
0.0;0.0;0.0;0.0
