6.7;55.6;33.4;0.0
8.3;69.0;28.2;0.0
6.6;74.7;22.1;0.0
8.3;84.3;26.8;0.0
5.0;93.8;39.3;0.0
8.3;104.2;43.6;0.0
17.5;127.2;31.8;0.0
89.8;141.8;36.7;0.0
8.3;148.4;13.0;0.0
7.5;162.9;36.8;0.0
3.3;164.1;2.3;0.0
0.0;164.1;0.0;0.0
0.0;164.1;0.0;0.0
0.0;164.1;0.0;0.0
0.0;164.1;0.0;0.0
0.0;164.1;0.0;0.0
0.0;164.1;0.0;0.0
0.0;164.4;1.7;0.0
0.0;164.4;0.0;0.0
0.0;164.4;0.0;0.0
0.0;164.4;0.0;0.0
2.5;164.7;0.8;0.0
8.3;164.8;0.0;0.0
8.3;164.8;0.0;0.0
8.3;164.8;0.0;0.0
8.3;164.8;0.0;0.0
8.3;164.8;0.0;0.0
8.3;164.8;0.0;0.0
8.3;164.8;0.0;0.0
6.6;165.4;1.4;0.0
0.0;165.4;0.0;0.0
0.0;165.4;0.0;0.0
0.0;165.4;0.0;0.0
0.0;165.4;0.0;0.0
0.0;165.4;0.0;0.0
0.0;165.4;0.0;0.0
0.8;165.4;1.7;0.0
0.0;165.4;0.0;0.0
0.0;165.4;0.0;0.0
0.0;165.4;0.0;0.0
3.3;165.7;0.9;0.0
8.3;200.6;25.9;4.0
8.3;200.6;837.2;0.0
8.3;200.9;796.8;0.0
8.3;201.5;276.2;0.0
8.3;201.5;302.3;0.0
8.3;201.5;365.4;0.0
8.3;201.5;300.0;0.0
8.3;201.5;295.4;0.0
8.3;201.5;342.2;0.0
8.3;201.5;329.0;0.0
8.3;201.5;372.5;0.0
8.3;201.5;372.1;0.0
7.5;232.8;262.3;0.0
8.3;232.8;0.2;68.0
8.3;232.8;0.8;256.0
8.3;232.8;0.4;128.0
8.3;202.5;0.3;52.0
8.3;202.5;0.0;0.0
4.1;0.0;0.0;0.0
