18.3;46.7;26.1;0.0
8.3;61.8;32.1;0.0
6.6;64.6;26.4;0.0
7.5;77.8;27.0;0.0
6.6;85.2;31.9;0.0
5.8;94.9;43.5;0.0
7.5;105.9;38.7;0.0
95.7;134.0;41.6;0.0
15.0;140.6;9.8;0.0
7.5;155.2;40.0;0.0
4.2;156.3;2.3;0.0
0.0;156.3;0.0;0.0
0.0;156.3;0.0;0.0
0.0;156.3;0.0;0.0
0.0;156.3;0.0;0.0
0.0;156.3;0.0;0.0
0.0;156.3;0.0;0.0
0.0;156.5;1.8;0.0
0.0;156.5;0.0;0.0
0.0;156.5;0.0;0.0
0.0;156.5;0.0;0.0
2.5;156.7;0.8;0.0
8.3;156.9;0.0;0.0
8.3;156.9;0.0;0.0
8.3;156.9;0.0;0.0
8.3;156.9;0.0;0.0
8.3;156.9;0.0;0.0
8.3;156.9;0.0;0.0
8.3;157.1;1.1;0.0
5.0;157.5;0.3;0.0
0.0;157.5;0.0;0.0
0.0;157.5;0.0;0.0
0.0;157.5;0.0;0.0
0.0;157.5;0.0;0.0
0.0;157.5;0.0;0.0
0.0;157.5;0.0;0.0
0.0;157.5;1.8;0.0
0.0;157.5;0.0;0.0
0.0;157.5;0.0;0.0
0.0;157.5;0.0;0.0
5.8;160.3;1.2;4.0
9.1;192.6;245.6;0.0
7.5;192.8;845.5;0.0
8.3;193.3;600.0;0.0
8.3;193.3;314.4;0.0
8.3;193.3;350.4;0.0
9.1;193.3;356.1;0.0
8.3;193.3;240.8;0.0
8.3;193.3;363.7;0.0
8.3;193.3;364.0;0.0
8.3;193.3;373.6;0.0
8.3;193.3;371.6;0.0
8.3;193.3;380.2;0.0
9.2;224.9;67.5;0.0
8.3;224.9;0.6;196.0
8.3;224.9;0.6;192.0
8.3;194.5;0.7;132.0
8.3;194.6;0.0;0.0
5.8;0.0;0.0;0.0
0.0;0.0;0.0;0.0
