27.4;46.5;28.0;0.0
7.5;61.7;29.1;0.0
5.8;70.8;32.2;0.0
8.3;84.5;26.8;0.0
7.5;92.3;32.0;0.0
6.6;101.4;38.6;0.0
6.6;113.3;44.9;0.0
84.9;138.5;37.8;0.0
25.8;146.1;10.0;0.0
7.5;161.6;43.3;0.0
6.6;163.8;2.7;0.0
0.0;163.8;0.0;0.0
0.0;163.8;0.0;0.0
0.0;163.8;0.0;0.0
0.0;163.8;0.0;0.0
0.0;163.8;0.0;0.0
0.0;163.8;0.0;0.0
0.0;163.8;0.0;0.0
0.0;163.9;1.7;0.0
0.0;163.9;0.0;0.0
0.0;163.9;0.0;0.0
0.8;164.1;0.8;0.0
8.3;164.1;0.0;0.0
8.3;164.2;0.0;0.0
8.3;164.2;0.0;0.0
8.3;164.2;0.0;0.0
8.3;164.2;0.0;0.0
8.3;164.2;0.0;0.0
8.3;164.2;0.0;0.0
8.3;164.4;1.4;0.0
0.8;165.0;0.0;0.0
0.0;165.0;0.0;0.0
0.0;165.0;0.0;0.0
0.0;165.0;0.0;0.0
0.0;165.0;0.0;0.0
0.0;165.0;0.0;0.0
0.0;165.0;0.0;0.0
0.0;165.0;1.7;0.0
0.0;165.0;0.0;0.0
0.0;165.0;0.0;0.0
1.7;165.2;0.9;0.0
7.5;168.9;0.3;4.0
8.3;200.1;661.2;0.0
8.3;200.2;853.0;0.0
8.3;201.0;377.0;0.0
9.1;201.0;351.3;0.0
8.3;201.0;341.8;0.0
8.3;201.0;223.0;0.0
8.3;201.0;339.4;0.0
8.3;201.0;375.3;0.0
8.3;201.0;378.3;0.0
8.3;201.0;315.7;0.0
8.3;201.0;341.0;0.0
8.3;219.5;363.2;0.0
8.3;232.3;1.6;0.0
8.3;232.3;0.8;260.0
8.3;232.3;0.6;192.0
8.3;202.0;0.5;72.0
8.3;202.0;0.0;0.0
6.6;0.0;0.0;0.0
