19.1;45.1;22.3;0.0
7.5;59.8;27.5;0.0
7.5;71.7;24.7;0.0
7.5;78.8;19.6;0.0
7.5;90.8;25.6;0.0
7.5;96.5;25.4;0.0
7.5;106.2;36.0;0.0
6.6;114.3;36.5;0.0
29.9;134.1;23.5;0.0
79.8;148.0;35.7;0.0
8.3;152.8;6.2;0.0
7.5;164.2;36.1;0.0
2.5;168.5;14.7;0.0
3.3;172.9;26.5;0.0
8.3;173.5;0.4;0.0
8.3;174.2;0.0;0.0
8.3;174.2;0.0;0.0
8.3;174.2;0.0;0.0
8.3;174.3;0.0;0.0
8.3;174.3;0.0;0.0
8.3;174.3;0.0;0.0
8.3;174.3;0.0;0.0
9.1;174.3;0.0;0.0
8.3;174.3;0.0;0.0
8.3;174.8;0.0;0.0
8.3;174.8;0.0;0.0
8.3;174.8;0.0;0.0
8.3;174.8;0.0;0.0
8.3;174.8;0.0;0.0
8.3;174.8;0.0;0.0
8.3;174.8;0.0;0.0
8.3;174.8;0.0;0.0
8.3;174.8;0.0;0.0
5.0;175.7;2.2;0.0
5.0;175.7;9.7;0.0
8.3;175.7;0.0;0.0
8.3;175.7;0.0;0.0
8.3;175.7;0.0;0.0
8.3;175.7;0.0;0.0
8.3;175.7;0.0;0.0
9.1;175.7;0.0;0.0
8.3;175.7;0.0;0.0
8.3;175.7;0.0;0.0
66.6;184.7;4.9;0.0
59.9;190.8;26.4;0.0
94.8;190.2;0.0;0.0
99.8;190.2;0.0;0.0
99.8;188.9;0.0;0.0
29.9;189.4;0.0;0.0
8.3;189.4;0.0;0.0
8.3;189.9;0.0;0.0
8.3;189.9;0.0;0.0
8.3;189.9;0.0;0.0
8.3;187.9;0.4;4.0
8.3;218.6;504.4;0.0
8.3;218.8;326.1;0.0
8.3;218.8;352.2;0.0
8.3;218.8;334.4;0.0
8.3;250.1;212.1;0.0
8.3;250.1;0.2;68.0
