19.9;42.1;21.2;0.0
6.6;58.4;29.0;0.0
7.5;68.2;20.8;0.0
8.3;63.7;18.6;0.0
6.6;74.8;22.4;0.0
7.5;79.7;21.2;0.0
7.5;89.6;37.6;0.0
8.3;98.6;37.7;0.0
25.8;124.1;29.6;0.0
83.1;137.7;34.8;0.0
8.3;142.1;6.2;0.0
8.3;152.5;34.3;0.0
1.7;158.0;17.2;0.0
6.6;162.9;22.9;0.0
8.3;163.2;0.0;0.0
8.3;164.0;0.0;0.0
8.3;164.0;0.0;0.0
8.3;164.0;0.0;0.0
8.3;164.1;0.0;0.0
8.3;164.1;0.0;0.0
8.3;164.1;0.0;0.0
8.3;164.1;0.0;0.0
8.3;164.1;0.0;0.0
9.1;164.1;0.0;0.0
8.3;164.6;0.0;0.0
8.3;164.6;0.0;0.0
8.3;164.6;0.0;0.0
8.3;164.6;0.0;0.0
8.3;164.6;0.0;0.0
8.3;164.6;0.0;0.0
8.3;164.6;0.0;0.0
8.3;164.6;0.0;0.0
5.0;165.4;2.2;0.0
5.0;165.4;9.1;0.0
8.3;165.4;0.0;0.0
8.3;165.4;0.0;0.0
8.3;165.4;0.0;0.0
8.3;165.4;0.0;0.0
8.3;165.4;0.0;0.0
8.3;165.4;0.0;0.0
8.3;165.4;0.0;0.0
8.3;165.4;0.0;0.0
80.7;196.4;3.1;0.0
54.0;202.5;24.3;0.0
99.8;201.9;0.0;0.0
100.6;201.9;0.0;0.0
99.0;201.9;0.0;0.0
78.1;202.7;0.0;0.0
8.3;203.0;0.0;0.0
8.3;203.5;0.0;0.0
8.3;203.5;0.0;0.0
8.3;203.5;0.0;0.0
8.3;203.5;0.0;0.0
7.5;231.6;190.1;4.0
8.3;231.8;511.3;0.0
9.1;231.8;344.5;0.0
8.3;231.8;321.2;0.0
8.3;236.5;358.5;0.0
8.3;263.1;1.6;0.0
8.3;263.1;0.6;196.0
