6.6;49.7;22.4;0.0
8.3;59.3;22.3;0.0
8.3;68.9;20.6;0.0
6.6;65.9;18.5;0.0
7.5;75.6;23.6;0.0
8.3;78.8;9.1;0.0
6.6;86.9;32.1;0.0
7.5;93.3;27.8;0.0
7.5;102.8;36.5;0.0
43.3;124.9;21.8;0.0
66.5;135.7;30.6;0.0
8.3;140.5;6.2;0.0
7.5;148.9;30.1;0.0
3.3;156.0;20.2;0.0
4.2;160.4;27.5;0.0
7.5;161.0;0.4;0.0
8.3;161.0;0.0;0.0
8.3;161.8;0.0;0.0
8.3;161.8;0.0;0.0
8.3;161.8;0.0;0.0
8.3;161.9;0.0;0.0
8.3;161.9;0.0;0.0
8.3;161.9;0.0;0.0
8.3;161.9;0.0;0.0
8.3;161.9;0.0;0.0
8.3;161.9;0.0;0.0
8.3;161.9;0.0;0.0
8.3;161.9;0.0;0.0
8.3;161.9;0.0;0.0
8.3;162.4;0.0;0.0
8.3;162.4;0.0;0.0
8.3;162.4;0.0;0.0
8.3;162.4;0.0;0.0
8.3;162.4;0.0;0.0
8.3;162.4;0.0;0.0
9.1;162.4;0.0;0.0
8.3;162.4;0.0;0.0
8.3;163.3;0.3;0.0
1.7;163.3;10.0;0.0
8.3;163.3;0.0;0.0
8.3;163.3;0.0;0.0
8.3;163.3;0.0;0.0
8.3;163.3;0.0;0.0
8.3;163.3;0.0;0.0
8.3;163.3;0.0;0.0
8.3;163.3;0.0;0.0
8.3;163.3;0.0;0.0
8.3;163.3;0.0;0.0
68.1;193.6;1.3;0.0
48.2;194.7;29.3;0.0
66.6;199.1;7.2;0.0
99.8;199.1;0.0;0.0
99.8;199.9;0.0;0.0
56.5;200.4;0.0;0.0
8.3;200.9;0.0;0.0
8.3;200.9;0.0;0.0
8.3;200.9;0.0;0.0
8.3;200.9;0.0;0.0
7.5;199.5;0.4;4.0
8.3;230.2;591.4;0.0
