6.6;46.5;24.2;0.0
6.6;58.7;25.7;0.0
7.5;66.1;28.6;0.0
8.3;77.3;14.2;0.0
9.2;84.1;24.3;0.0
5.8;93.7;40.3;0.0
7.5;103.2;40.2;0.0
17.5;119.6;33.7;0.0
91.5;132.2;34.2;0.0
8.3;137.1;5.0;0.0
8.3;146.8;33.5;0.0
1.7;153.1;20.3;0.0
6.6;157.9;24.3;0.0
8.3;158.3;0.0;0.0
8.3;159.1;0.0;0.0
8.3;159.1;0.0;0.0
8.3;159.1;0.0;0.0
8.3;159.1;0.0;0.0
8.3;159.2;0.0;0.0
8.3;159.2;0.0;0.0
8.3;159.2;0.0;0.0
8.3;159.2;0.0;0.0
8.3;159.2;0.0;0.0
8.3;159.7;0.0;0.0
8.3;159.7;0.0;0.0
8.3;159.7;0.0;0.0
8.3;159.7;0.0;0.0
8.3;159.7;0.0;0.0
8.3;159.7;0.0;0.0
8.3;159.7;0.0;0.0
8.3;159.7;0.0;0.0
8.3;159.7;0.0;0.0
8.3;160.6;0.0;0.0
0.8;160.6;14.6;0.0
8.3;160.6;0.0;0.0
8.3;160.6;0.0;0.0
8.3;160.6;0.0;0.0
8.3;160.6;0.0;0.0
8.3;160.6;0.0;0.0
8.3;160.6;0.0;0.0
9.1;160.6;0.0;0.0
8.3;160.6;0.0;0.0
44.9;173.6;0.9;0.0
71.5;178.1;23.7;0.0
84.9;179.3;15.3;0.0
94.9;179.3;0.0;0.0
98.2;179.9;0.0;0.0
34.9;180.4;0.0;0.0
8.3;180.4;0.0;0.0
8.3;181.0;0.0;0.0
8.3;181.0;0.0;0.0
8.3;181.0;0.0;0.0
6.6;178.8;0.4;4.0
8.3;209.7;494.3;0.0
8.3;209.9;311.0;0.0
8.3;209.9;315.2;0.0
8.3;209.9;316.4;0.0
8.3;241.2;290.5;0.0
8.3;241.2;0.0;0.0
8.3;241.2;0.6;196.0
