16.6;40.1;22.6;0.0
7.5;57.2;30.0;0.0
7.5;67.0;20.9;0.0
7.5;76.3;21.0;0.0
8.3;86.2;22.9;0.0
6.6;94.0;32.2;0.0
7.5;102.7;35.5;0.0
7.5;114.8;47.4;0.0
74.0;137.3;28.8;0.0
34.9;144.8;13.1;0.0
6.7;151.6;22.6;0.0
6.6;163.0;30.2;0.0
2.5;167.8;27.8;0.0
9.1;168.5;0.4;0.0
8.3;169.2;0.0;0.0
8.3;169.2;0.0;0.0
8.3;169.2;0.0;0.0
8.3;169.4;0.0;0.0
8.3;169.4;0.0;0.0
8.3;169.4;0.0;0.0
8.3;169.4;0.0;0.0
8.3;169.4;0.0;0.0
8.3;169.4;0.0;0.0
8.3;169.8;0.0;0.0
8.3;169.8;0.0;0.0
8.3;169.8;0.0;0.0
8.3;169.8;0.0;0.0
8.3;169.8;0.0;0.0
8.3;169.8;0.0;0.0
8.3;169.8;0.0;0.0
9.1;169.8;0.0;0.0
8.3;170.6;0.1;0.0
1.7;170.8;11.3;0.0
8.3;170.8;0.0;0.0
8.3;170.8;0.0;0.0
8.3;170.8;0.0;0.0
8.3;170.8;0.0;0.0
8.3;170.8;0.0;0.0
8.3;170.8;0.0;0.0
8.3;170.8;0.0;0.0
8.3;170.8;0.0;0.0
45.8;183.3;1.2;0.0
67.4;184.8;29.6;0.0
77.4;188.6;5.6;0.0
98.1;188.6;0.0;0.0
99.8;189.3;0.0;0.0
45.7;189.9;0.0;0.0
9.1;190.4;0.0;0.0
8.3;190.4;0.0;0.0
7.5;190.4;0.0;0.0
8.3;190.4;0.0;0.0
8.3;188.6;0.4;4.0
8.3;219.5;592.4;0.0
8.3;219.7;269.8;0.0
8.3;219.7;329.6;0.0
8.3;220.1;326.3;0.0
8.3;250.9;211.7;0.0
8.3;250.9;0.0;0.0
8.3;250.9;0.6;196.0
8.3;250.9;0.2;64.0
