98.5;26.2;2.4;0.0
90.6;26.7;1.8;0.0
90.7;27.2;2.0;0.0
98.9;28.3;2.7;0.0
98.8;29.7;4.6;0.0
98.9;31.1;2.8;0.0
98.8;34.1;4.4;0.0
90.7;34.9;1.2;0.0
107.3;35.6;1.6;0.0
16.4;36.4;3.4;0.0
8.2;37.0;1.4;0.0
0.0;41.6;3.8;0.0
8.1;44.7;4.4;0.0
8.2;45.8;2.6;0.0
16.5;47.1;5.5;0.0
0.0;50.1;5.8;0.0
8.2;51.4;3.8;0.0
8.2;53.7;3.1;0.0
8.2;54.3;1.3;0.0
8.2;56.3;3.6;0.0
8.1;57.9;1.9;0.0
8.2;58.3;0.5;0.0
8.2;60.6;6.1;0.0
8.2;62.0;5.3;0.0
8.2;63.4;1.7;0.0
8.1;63.9;1.7;0.0
0.0;65.4;4.2;0.0
8.2;66.2;3.8;0.0
8.2;57.2;4.1;0.0
0.0;58.5;1.4;0.0
8.2;59.7;3.2;0.0
16.5;60.6;1.0;0.0
0.0;63.4;3.1;0.0
8.3;64.9;1.2;0.0
8.2;65.6;1.0;0.0
8.2;67.2;2.0;0.0
8.2;68.8;3.6;0.0
8.2;70.7;6.1;0.0
8.0;72.9;10.1;0.0
8.0;73.6;0.6;0.0
8.0;74.4;1.4;0.0
8.1;75.2;1.9;0.0
8.1;75.2;0.0;0.0
8.2;76.2;4.4;0.0
0.0;76.6;5.6;0.0
8.2;77.5;6.3;0.0
8.2;80.5;4.4;0.0
0.0;81.1;5.2;0.0
8.2;82.3;6.0;0.0
8.2;84.2;4.0;0.0
0.0;84.8;5.2;0.0
16.0;85.5;3.0;0.0
0.0;86.5;5.0;0.0
8.2;88.0;5.2;0.0
8.0;88.8;3.8;0.0
16.3;90.1;5.6;0.0
0.0;90.9;3.6;0.0
8.2;92.2;7.8;0.0
8.2;94.6;6.4;0.0
8.2;95.4;4.4;0.0
0.0;95.8;2.5;0.0
8.2;97.0;5.1;0.0
8.2;98.3;5.6;0.0
8.2;101.1;7.8;0.0
8.1;102.6;5.0;0.0
8.0;102.6;0.0;0.0
8.2;102.9;0.7;0.0
74.3;113.7;2.4;0.0
98.9;117.2;6.1;0.0
99.1;118.7;4.2;0.0
97.2;120.3;5.5;0.0
98.9;122.7;9.0;0.0
99.0;124.0;5.2;0.0
107.1;126.3;5.2;0.0
98.9;128.6;3.8;0.0
99.0;128.8;0.0;0.0
99.0;129.2;0.0;0.0
33.0;129.5;0.0;0.0
0.0;129.7;0.0;0.0
8.2;130.2;0.2;0.0
8.2;131.0;0.8;0.0
8.2;132.2;2.2;0.0
8.1;133.1;3.0;0.0
8.2;134.5;3.4;0.0
8.2;135.3;0.2;0.0
0.0;135.4;1.6;0.0
8.2;135.4;1.6;0.0
8.2;136.4;7.2;0.0
8.2;137.8;3.4;0.0
8.2;140.2;8.1;0.0
8.2;142.6;5.0;0.0
8.2;144.8;5.8;0.0
8.2;146.7;3.8;0.0
8.2;149.1;4.6;0.0
0.0;149.1;0.2;0.0
0.0;149.1;0.0;0.0
0.0;149.1;0.1;0.0
0.0;149.1;0.0;0.0
0.0;149.1;1.8;0.0
0.0;149.1;0.0;0.0
0.0;149.1;0.2;0.0
0.0;149.1;4.6;0.0
0.0;149.1;2.7;0.0
16.3;149.1;1.8;0.0
0.0;149.1;0.6;0.0
0.0;149.1;0.4;0.0
0.0;149.1;0.8;0.0
0.0;149.1;1.1;0.0
0.0;149.1;0.0;0.0
0.0;149.1;0.6;0.0
0.0;149.4;1.8;0.0
0.0;149.4;0.5;0.0
0.0;149.4;0.9;0.0
0.0;149.4;0.0;0.0
0.0;149.4;1.7;0.0
0.0;149.4;0.0;0.0
0.0;149.4;1.4;0.0
0.0;149.4;1.2;0.0
0.0;149.4;1.1;0.0
0.0;149.4;0.4;0.0
0.0;149.6;0.9;0.0
0.0;149.6;1.7;0.0
0.0;149.6;0.6;0.0
0.0;149.6;0.0;0.0
0.0;149.6;3.1;0.0
0.0;149.9;6.5;0.0
0.0;149.9;0.0;0.0
0.0;153.8;1.4;0.0
8.2;153.2;0.0;0.0
8.0;153.2;0.0;0.0
8.1;153.2;0.0;0.0
16.1;153.9;0.4;0.0
8.1;154.2;0.0;0.0
8.3;154.2;0.0;0.0
8.1;154.2;0.0;0.0
8.2;154.2;0.0;0.0
8.0;154.2;0.0;0.0
8.2;154.2;0.0;0.0
8.1;154.2;0.0;0.0
8.2;154.2;0.0;0.0
8.1;154.9;0.0;0.0
8.2;154.9;0.0;0.0
8.1;154.9;0.0;0.0
8.0;154.9;0.0;0.0
8.2;154.9;0.0;0.0
8.1;154.9;0.0;0.0
8.2;155.1;0.0;0.0
16.3;155.1;0.0;0.0
8.1;155.1;0.0;0.0
8.2;155.1;0.0;0.0
8.1;155.1;0.0;0.0
8.2;155.1;0.0;0.0
8.1;155.1;0.0;0.0
8.2;155.1;0.0;0.0
8.0;155.1;0.0;0.0
8.2;155.1;0.0;0.0
8.0;155.1;0.0;0.0
8.2;155.1;0.0;0.0
8.0;155.1;0.0;0.0
8.1;155.1;0.0;0.0
16.1;155.1;0.0;0.0
8.3;155.1;0.0;0.0
8.2;155.1;0.0;0.0
8.1;155.1;0.0;0.0
8.2;155.1;0.0;0.0
8.1;155.1;0.0;0.0
8.2;155.1;0.0;0.0
8.2;155.2;0.0;0.0
8.1;155.2;0.0;0.0
8.2;155.2;0.0;0.0
8.1;155.2;0.0;0.0
8.2;155.2;0.0;0.0
8.1;155.2;0.0;0.0
8.2;155.2;0.0;0.0
16.1;155.2;0.0;0.0
8.2;155.2;0.0;0.0
8.1;155.2;0.0;0.0
8.2;155.2;0.0;0.0
8.1;155.2;0.0;0.0
8.2;155.2;0.0;0.0
8.1;155.2;0.0;0.0
8.2;155.2;0.0;0.0
8.1;155.2;0.0;0.0
8.2;155.2;0.0;0.0
8.1;155.2;0.0;0.0
8.1;155.6;0.0;0.0
8.2;155.6;0.0;0.0
8.0;155.6;0.0;0.0
16.5;155.6;0.0;0.0
8.2;155.6;0.0;0.0
8.1;155.6;0.0;0.0
8.2;155.6;0.0;0.0
8.0;155.6;0.0;0.0
8.1;155.6;0.0;0.0
8.2;155.6;0.0;0.0
8.0;155.6;0.0;0.0
8.2;155.6;0.0;0.0
8.1;155.6;0.0;0.0
8.2;155.6;0.0;0.0
8.1;155.6;0.0;0.0
8.2;155.6;0.0;0.0
16.5;155.6;0.0;0.0
8.2;155.6;0.0;0.0
8.1;155.6;0.0;0.0
8.2;155.6;0.0;0.0
8.1;155.6;0.0;0.0
8.2;155.6;0.0;0.0
8.3;155.6;0.0;0.0
8.2;155.6;0.0;0.0
8.1;155.6;0.0;0.0
0.0;155.6;0.0;0.0
8.2;155.6;0.0;0.0
8.0;155.6;0.0;0.0
8.2;155.6;0.0;0.0
8.1;155.6;0.0;0.0
16.4;155.6;0.0;0.0
8.2;155.6;0.0;0.0
8.1;155.6;0.0;0.0
8.2;155.6;0.0;0.0
8.1;155.6;0.0;0.0
8.2;155.6;0.0;0.0
8.1;156.1;0.0;0.0
8.2;156.1;0.0;0.0
8.2;156.4;0.0;0.0
8.1;156.4;0.0;0.0
24.4;156.4;0.3;0.0
0.0;156.4;0.0;0.0
0.0;156.4;0.1;0.0
0.0;156.4;0.0;0.0
0.0;156.4;1.8;0.0
0.0;156.4;0.0;0.0
0.0;156.4;3.3;0.0
0.0;156.4;1.5;0.0
0.0;156.4;0.0;0.0
0.0;156.4;2.5;0.0
0.0;156.4;1.9;0.0
0.0;156.4;1.0;0.0
0.0;159.6;3.9;0.0
8.2;156.5;0.0;0.0
8.0;156.5;0.0;0.0
8.1;156.5;0.0;0.0
8.0;156.5;0.0;0.0
8.2;156.5;0.0;0.0
8.1;156.5;0.0;0.0
8.2;156.5;0.0;0.0
8.1;156.5;0.0;0.0
16.2;156.5;0.0;0.0
8.1;156.5;0.0;0.0
8.2;156.5;0.0;0.0
8.0;156.5;0.0;0.0
8.1;156.5;0.0;0.0
8.2;156.5;0.0;0.0
8.3;156.5;0.0;0.0
8.2;156.5;0.0;0.0
8.1;156.5;0.0;0.0
8.2;156.5;0.0;0.0
8.1;156.5;0.0;0.0
8.2;156.5;0.0;0.0
8.1;156.5;0.0;0.0
7.9;156.5;0.0;0.0
8.1;156.5;0.0;0.0
8.2;156.5;0.0;0.0
16.5;156.5;0.0;0.0
8.1;156.5;0.0;0.0
8.2;156.5;0.0;0.0
8.1;156.5;0.0;0.0
8.2;156.5;0.0;0.0
8.1;156.5;0.0;0.0
8.2;156.5;0.0;0.0
8.0;156.5;0.0;0.0
8.2;156.5;0.0;0.0
8.1;156.5;0.0;0.0
8.0;156.5;0.0;0.0
8.2;156.5;0.0;0.0
8.1;156.5;0.0;0.0
8.2;156.5;0.0;0.0
16.2;156.5;0.0;0.0
8.2;156.5;0.0;0.0
8.1;156.5;0.0;0.0
8.2;156.5;0.0;0.0
8.1;156.5;0.0;0.0
8.0;156.5;0.0;0.0
8.1;156.5;0.0;0.0
8.2;156.5;0.0;0.0
8.1;156.5;0.0;0.0
8.2;156.5;0.0;0.0
8.0;156.5;0.0;0.0
74.2;180.8;0.0;0.0
98.9;186.8;0.0;0.0
99.1;187.3;1.1;0.0
89.2;187.3;0.0;0.0
90.4;187.3;0.0;0.0
90.4;187.3;0.1;0.0
90.1;187.3;0.1;0.0
90.4;187.3;0.0;0.0
90.8;187.3;2.0;0.0
90.5;187.3;1.8;0.0
90.8;187.3;0.0;0.0
57.6;187.3;0.2;0.0
8.3;187.3;0.7;0.0
0.0;187.3;1.4;0.0
0.0;187.3;0.7;0.0
0.0;187.3;1.0;0.0
0.0;187.3;0.0;0.0
0.0;187.3;0.1;0.0
0.0;187.3;0.0;0.0
0.0;187.3;2.6;0.0
0.0;187.3;2.1;0.0
0.0;187.3;1.1;0.0
0.0;187.6;0.9;0.0
0.0;187.6;1.3;0.0
0.0;187.6;0.2;0.0
0.0;187.6;0.3;0.0
0.0;187.6;0.0;0.0
0.0;187.9;1.7;0.0
0.0;187.9;0.6;0.0
0.0;187.9;1.5;0.0
0.0;187.9;2.3;0.0
0.0;187.9;0.8;0.0
0.0;187.9;1.0;0.0
0.0;191.8;0.8;0.0
16.4;189.2;0.7;0.0
98.9;189.8;0.0;0.0
98.8;190.5;0.0;0.0
98.9;190.5;0.0;0.0
90.7;190.5;0.8;0.0
98.9;190.5;1.0;0.0
107.2;190.5;1.3;0.0
98.8;190.5;0.0;0.0
98.5;190.5;0.1;0.0
98.9;190.5;0.0;0.0
107.0;190.5;0.0;0.0
90.7;190.5;0.0;0.0
106.3;190.6;0.0;0.0
90.4;190.9;0.8;0.0
91.0;190.9;1.5;0.0
98.3;190.9;2.1;0.0
96.6;190.9;1.0;0.0
93.5;190.9;0.4;0.0
97.9;190.9;0.0;0.0
90.2;190.9;0.1;0.0
89.8;191.1;0.5;0.0
32.8;191.1;0.0;0.0
0.0;191.1;1.9;0.0
0.0;191.1;0.5;0.0
0.0;191.1;0.7;0.0
0.0;192.2;1.7;0.0
8.2;193.0;0.0;0.0
8.2;193.5;0.0;0.0
8.1;193.5;0.0;0.0
8.2;194.0;0.0;0.0
8.1;194.0;0.0;0.0
8.2;194.0;0.0;0.0
8.2;194.8;0.0;0.0
8.1;194.8;0.0;0.0
8.0;194.8;0.0;0.0
8.2;194.8;0.0;0.0
8.1;194.8;0.0;0.0
8.2;194.8;0.0;0.0
8.3;194.8;0.0;0.0
8.1;194.8;0.0;0.0
8.2;194.8;0.0;0.0
8.1;194.8;0.0;0.0
8.0;194.8;0.0;0.0
8.1;194.8;0.0;0.0
8.2;194.8;0.0;0.0
8.1;194.8;0.0;0.0
8.2;194.8;0.0;0.0
8.1;194.8;0.0;0.0
8.2;194.8;0.0;0.0
8.2;192.4;0.3;4.0
0.0;192.4;0.1;0.0
8.2;192.4;0.0;0.0
8.2;192.5;0.0;0.0
8.2;223.2;14.5;0.0
8.3;223.2;94.1;0.0
8.2;223.2;98.7;0.0
8.2;223.3;95.9;0.0
8.1;223.3;99.4;0.0
8.2;223.3;88.7;0.0
8.2;223.3;82.8;0.0
8.1;223.5;18.1;0.0
8.2;223.5;19.7;0.0
8.2;223.5;26.0;0.0
8.1;223.5;26.0;0.0
8.1;223.5;47.6;0.0
8.1;223.5;48.3;0.0
8.1;223.5;34.4;0.0
8.2;223.5;36.3;0.0
8.2;223.5;45.8;0.0
8.1;223.5;41.2;0.0
8.2;223.5;48.3;0.0
8.2;223.5;47.7;0.0
8.1;223.5;40.8;0.0
8.0;223.5;37.4;0.0
8.2;223.5;45.2;0.0
8.2;223.5;46.8;0.0
8.2;223.5;34.9;0.0
16.3;223.5;40.5;0.0
8.2;223.5;52.6;0.0
8.2;223.5;33.2;0.0
8.2;223.5;39.8;0.0
8.2;223.5;37.6;0.0
8.0;223.5;44.9;0.0
8.0;223.5;49.9;0.0
8.1;223.5;38.8;0.0
8.2;223.5;43.4;0.0
8.2;223.5;17.4;0.0
8.2;223.5;47.2;0.0
8.1;223.5;52.6;0.0
8.2;254.6;11.1;0.0
8.2;254.8;1.6;0.0
8.1;254.8;0.0;0.0
8.2;254.8;0.0;0.0
8.0;254.8;0.2;68.0
8.2;254.8;0.0;0.0
8.1;254.8;0.2;64.0
8.1;254.8;0.0;0.0
8.2;254.8;0.0;0.0
8.3;254.8;0.0;0.0
8.1;254.8;0.2;64.0
8.1;254.8;0.0;0.0
8.2;254.8;0.0;0.0
8.0;254.8;0.0;0.0
8.2;254.8;0.0;0.0
8.1;254.8;0.0;0.0
8.1;254.8;0.2;64.0
8.1;254.8;0.0;0.0
8.2;254.8;0.0;0.0
8.1;254.8;0.2;64.0
8.0;254.8;0.0;0.0
8.2;254.8;0.0;0.0
8.1;254.8;0.0;0.0
8.2;254.8;0.0;0.0
8.0;254.8;0.0;0.0
16.2;254.8;0.0;0.0
8.2;224.4;0.3;64.0
8.0;224.4;0.0;0.0
8.2;224.4;0.0;0.0
8.0;224.4;0.0;0.0
8.1;224.4;0.0;0.0
8.0;224.4;0.0;0.0
8.2;224.4;0.0;0.0
8.0;224.4;0.0;0.0
8.1;224.4;0.0;0.0
8.0;224.4;0.0;0.0
8.1;224.4;0.0;0.0
16.2;161.2;0.0;0.0
8.1;0.0;0.0;0.0
0.0;0.0;0.0;0.0
90.5;29.2;2.0;0.0
90.6;30.6;4.5;0.0
90.5;32.6;4.4;0.0
98.7;35.0;5.2;0.0
98.9;36.9;1.8;0.0
99.0;37.8;2.2;0.0
73.4;39.0;3.6;0.0
8.2;41.1;2.5;0.0
0.0;44.4;3.3;0.0
8.2;47.4;4.4;0.0
8.1;48.2;4.9;0.0
8.2;49.7;4.3;0.0
8.2;52.6;4.9;0.0
0.0;54.6;3.8;0.0
16.3;56.3;2.6;0.0
8.1;58.3;3.4;0.0
8.1;59.7;1.6;0.0
8.2;60.3;1.0;0.0
8.2;62.1;5.5;0.0
0.0;64.0;5.1;0.0
8.2;65.0;2.5;0.0
8.2;65.8;1.3;0.0
8.2;67.2;2.8;0.0
8.2;68.0;5.0;0.0
8.2;66.1;2.2;0.0
0.0;67.4;4.2;0.0
8.1;68.5;3.0;0.0
8.1;69.5;1.0;0.0
8.2;72.0;3.1;0.0
8.2;74.0;1.4;0.0
8.1;75.3;1.6;0.0
16.0;76.6;4.0;0.0
8.1;78.8;2.6;0.0
8.1;80.0;8.8;0.0
8.2;82.2;6.0;0.0
8.2;82.7;0.4;0.0
8.2;83.5;1.4;0.0
8.2;84.2;1.9;0.0
8.1;84.2;0.0;0.0
8.1;84.5;2.8;0.0
0.0;85.2;4.2;0.0
8.2;86.1;6.9;0.0
0.0;87.3;4.0;0.0
16.3;89.5;3.2;0.0
0.0;90.1;5.6;0.0
8.2;91.1;4.9;0.0
8.1;92.9;3.7;0.0
0.0;93.8;6.2;0.0
16.5;94.6;2.8;0.0
0.0;95.6;4.8;0.0
8.2;96.6;4.4;0.0
16.2;97.6;4.0;0.0
8.2;98.9;3.6;0.0
0.0;99.7;5.4;0.0
8.2;100.8;6.2;0.0
8.3;103.4;6.8;0.0
16.5;104.2;5.2;0.0
8.2;104.8;2.7;0.0
8.2;105.5;5.1;0.0
8.2;106.8;4.0;0.0
8.2;109.8;7.5;0.0
0.0;110.8;7.3;0.0
8.2;111.6;0.6;0.0
8.2;111.6;0.0;0.0
41.3;119.8;2.7;0.0
99.0;126.4;6.9;0.0
99.1;128.0;4.7;0.0
107.3;130.0;6.9;0.0
99.0;130.9;4.4;0.0
107.2;132.9;6.7;0.0
90.6;135.9;7.5;0.0
107.1;137.7;2.3;0.0
99.0;138.0;0.0;0.0
99.0;138.2;0.0;0.0
32.9;138.8;0.0;0.0
8.2;139.0;0.0;0.0
8.1;139.7;0.6;0.0
8.1;140.7;1.0;0.0
8.2;142.0;3.6;0.0
8.2;142.9;1.4;0.0
8.2;143.8;3.2;0.0
8.1;144.4;0.0;0.0
8.1;144.4;3.2;0.0
0.0;144.6;3.2;0.0
16.2;146.4;6.6;0.0
8.2;147.9;5.5;0.0
8.2;149.5;5.6;0.0
8.2;153.6;8.2;0.0
8.1;156.9;5.8;0.0
8.2;158.1;3.0;0.0
0.0;158.1;0.2;0.0
0.0;158.1;0.0;0.0
0.0;158.1;0.1;0.0
0.0;158.1;0.0;0.0
0.0;158.1;1.8;0.0
0.0;158.1;0.0;0.0
0.0;158.1;4.1;0.0
0.0;158.1;0.0;0.0
0.0;158.1;2.8;0.0
0.0;158.1;1.5;0.0
0.0;158.1;1.1;0.0
0.0;158.4;3.3;0.0
0.0;158.4;1.4;0.0
0.0;158.4;4.1;0.0
0.0;158.4;0.5;0.0
0.0;158.6;3.1;0.0
0.0;158.6;4.6;0.0
0.0;158.6;0.0;0.0
0.0;158.9;4.6;0.0
0.0;158.9;3.5;0.0
8.2;161.1;0.3;0.0
8.1;162.2;0.0;0.0
8.2;162.2;0.0;0.0
8.3;162.2;0.0;0.0
8.2;162.7;0.0;0.0
8.2;163.2;0.4;0.0
8.1;163.2;0.0;0.0
8.2;163.2;0.0;0.0
8.1;163.2;0.0;0.0
8.2;163.2;0.0;0.0
8.1;163.2;0.0;0.0
8.2;163.2;0.0;0.0
8.1;163.2;0.0;0.0
8.2;163.2;0.0;0.0
8.1;163.2;0.0;0.0
8.1;163.9;0.0;0.0
8.2;163.9;0.0;0.0
8.1;163.9;0.0;0.0
8.2;163.9;0.0;0.0
8.0;163.9;0.0;0.0
8.1;163.9;0.0;0.0
8.2;163.9;0.0;0.0
8.1;163.9;0.0;0.0
8.2;163.9;0.0;0.0
8.2;164.2;0.0;0.0
8.1;164.2;0.0;0.0
8.2;164.2;0.0;0.0
8.1;164.2;0.0;0.0
8.3;164.2;0.0;0.0
8.1;164.2;0.0;0.0
8.2;164.2;0.0;0.0
8.1;164.2;0.0;0.0
8.2;164.2;0.0;0.0
8.0;164.2;0.0;0.0
8.2;164.2;0.0;0.0
8.1;164.2;0.0;0.0
8.0;164.2;0.0;0.0
8.2;164.2;0.0;0.0
8.0;164.2;0.0;0.0
8.2;164.2;0.0;0.0
8.1;164.2;0.0;0.0
8.2;164.2;0.0;0.0
8.1;164.2;0.0;0.0
8.2;164.2;0.0;0.0
8.1;164.2;0.0;0.0
8.2;164.2;0.0;0.0
8.1;164.2;0.0;0.0
8.0;164.2;0.0;0.0
8.2;164.2;0.0;0.0
8.1;164.2;0.0;0.0
7.8;164.2;0.0;0.0
8.0;164.2;0.0;0.0
8.2;164.2;0.0;0.0
8.1;164.2;0.0;0.0
8.2;164.2;0.0;0.0
8.1;164.2;0.0;0.0
8.0;164.2;0.0;0.0
8.2;164.2;0.0;0.0
8.1;164.2;0.0;0.0
8.2;164.2;0.0;0.0
8.1;164.2;0.0;0.0
8.2;164.2;0.0;0.0
8.2;164.6;0.0;0.0
8.1;164.6;0.0;0.0
16.4;164.6;0.0;0.0
8.2;164.6;0.0;0.0
8.0;164.6;0.0;0.0
8.2;164.6;0.0;0.0
8.0;164.6;0.0;0.0
8.2;164.6;0.0;0.0
8.0;164.6;0.0;0.0
8.2;164.6;0.0;0.0
16.4;164.6;0.0;0.0
8.2;164.6;0.0;0.0
8.0;164.6;0.0;0.0
8.3;164.6;0.0;0.0
8.2;164.6;0.0;0.0
8.1;164.6;0.0;0.0
8.2;164.6;0.0;0.0
8.1;164.6;0.0;0.0
8.2;164.6;0.0;0.0
8.1;164.6;0.0;0.0
8.2;164.6;0.0;0.0
8.1;164.6;0.0;0.0
8.2;164.6;0.0;0.0
16.3;164.6;0.0;0.0
8.2;164.6;0.0;0.0
8.1;164.6;0.0;0.0
8.2;164.6;0.0;0.0
8.0;164.6;0.0;0.0
8.2;164.6;0.0;0.0
8.1;164.6;0.0;0.0
8.0;164.6;0.0;0.0
8.1;165.2;0.0;0.0
8.2;165.2;0.0;0.0
8.2;165.4;0.0;0.0
8.2;165.4;0.3;0.0
0.0;165.4;0.0;0.0
0.0;165.4;0.1;0.0
0.0;165.4;0.0;0.0
0.0;165.4;1.8;0.0
0.0;165.4;0.0;0.0
0.0;165.4;0.2;0.0
0.0;165.4;0.0;0.0
0.0;165.4;6.9;0.0
0.0;165.4;0.0;0.0
0.0;165.4;0.5;0.0
0.0;165.4;0.0;0.0
0.0;165.4;2.2;0.0
0.0;165.4;2.1;0.0
0.0;165.4;0.0;0.0
8.2;165.4;1.4;0.0
0.0;167.6;1.9;0.0
0.0;165.5;0.0;0.0
8.1;165.5;0.0;0.0
8.0;165.5;0.0;0.0
8.1;165.5;0.0;0.0
8.2;165.5;0.0;0.0
16.2;165.5;0.0;0.0
8.1;165.5;0.0;0.0
8.0;165.5;0.0;0.0
8.2;165.5;0.0;0.0
8.1;165.5;0.0;0.0
8.2;165.5;0.0;0.0
8.1;165.5;0.0;0.0
8.2;165.5;0.0;0.0
8.1;165.5;0.0;0.0
8.2;165.5;0.0;0.0
8.0;165.5;0.0;0.0
8.1;165.5;0.0;0.0
8.2;165.5;0.0;0.0
8.0;165.5;0.0;0.0
8.2;165.5;0.0;0.0
8.1;165.5;0.0;0.0
8.0;165.5;0.0;0.0
16.1;165.5;0.0;0.0
8.2;165.5;0.0;0.0
8.1;165.5;0.0;0.0
8.2;165.5;0.0;0.0
8.1;165.5;0.0;0.0
8.0;165.5;0.0;0.0
8.2;165.5;0.0;0.0
8.1;165.5;0.0;0.0
8.2;165.5;0.0;0.0
7.9;165.5;0.0;0.0
8.1;165.5;0.0;0.0
8.0;165.5;0.0;0.0
16.4;165.5;0.0;0.0
8.2;165.5;0.0;0.0
8.0;165.5;0.0;0.0
8.1;165.5;0.0;0.0
8.2;165.5;0.0;0.0
8.1;165.5;0.0;0.0
8.0;165.5;0.0;0.0
8.2;165.5;0.0;0.0
8.0;165.5;0.0;0.0
8.2;165.5;0.0;0.0
8.1;165.5;0.0;0.0
8.2;165.5;0.0;0.0
8.1;165.5;0.0;0.0
16.2;169.9;0.0;0.0
90.5;173.9;0.0;0.0
90.8;174.4;0.9;0.0
90.1;174.4;0.2;0.0
90.4;174.4;0.0;0.0
90.9;174.4;0.2;0.0
90.2;174.4;0.0;0.0
98.4;174.4;0.0;0.0
90.6;174.4;3.7;0.0
90.8;174.4;0.0;0.0
90.6;174.4;0.0;0.0
64.3;174.4;0.2;0.0
0.0;174.4;3.1;0.0
0.0;174.4;1.1;0.0
0.0;174.4;0.2;0.0
0.0;174.4;4.0;0.0
0.0;174.4;1.6;0.0
0.0;174.9;1.4;0.0
0.0;174.9;0.0;0.0
0.0;174.9;2.1;0.0
16.4;174.9;6.6;0.0
0.0;174.9;1.2;0.0
0.0;175.9;0.0;0.0
66.0;176.8;0.0;0.0
98.7;177.4;2.0;0.0
99.0;177.9;3.4;0.0
94.9;177.9;1.6;0.0
106.7;177.9;2.9;0.0
98.8;178.1;4.3;0.0
99.0;180.4;1.1;0.0
98.9;180.0;0.0;0.0
99.1;180.0;0.0;0.0
115.5;180.0;0.0;0.0
97.2;180.0;0.0;0.0
99.2;180.0;0.0;0.0
107.4;180.0;0.0;0.0
98.9;180.5;0.0;0.0
98.9;180.6;0.0;0.0
107.5;180.6;0.0;0.0
99.2;180.6;0.0;0.0
99.1;180.6;0.0;0.0
107.2;180.6;0.0;0.0
99.2;180.6;0.0;0.0
107.3;181.1;0.0;0.0
32.6;181.1;0.0;0.0
8.1;181.1;0.0;0.0
8.2;181.1;0.0;0.0
8.1;181.1;0.0;0.0
8.2;181.1;0.0;0.0
8.1;181.1;0.0;0.0
8.1;181.9;0.0;0.0
16.4;181.9;0.0;0.0
8.2;181.9;0.0;0.0
8.3;181.9;0.0;0.0
8.2;181.9;0.0;0.0
8.1;181.9;0.0;0.0
8.2;181.9;0.0;0.0
8.1;181.9;0.0;0.0
8.2;181.9;0.0;0.0
8.0;181.9;0.0;0.0
8.2;181.9;0.0;0.0
7.9;181.9;0.0;0.0
8.2;181.9;0.0;0.0
8.1;181.9;0.0;0.0
8.2;181.9;0.0;0.0
16.2;181.9;0.0;0.0
8.2;179.4;0.4;4.0
8.1;179.4;0.0;0.0
8.2;179.4;0.0;0.0
8.2;179.5;0.0;0.0
8.2;210.2;29.2;0.0
8.1;210.2;86.5;0.0
8.2;210.2;83.3;0.0
8.0;210.2;80.8;0.0
8.1;210.2;98.9;0.0
8.2;210.2;75.4;0.0
8.2;210.4;75.5;0.0
8.1;210.4;58.5;0.0
8.2;210.4;3.3;0.0
8.2;210.8;19.7;0.0
8.1;210.8;27.8;0.0
8.2;210.8;37.6;0.0
8.1;210.8;33.8;0.0
8.2;210.8;41.7;0.0
8.1;210.8;34.3;0.0
8.1;210.8;35.5;0.0
8.2;210.8;45.8;0.0
8.1;210.8;36.9;0.0
16.2;210.8;38.7;0.0
8.2;210.8;46.2;0.0
8.1;210.8;39.7;0.0
8.1;210.8;40.7;0.0
8.0;210.8;38.1;0.0
8.1;210.8;41.6;0.0
8.2;210.8;48.6;0.0
8.1;210.8;42.1;0.0
8.0;210.8;38.0;0.0
8.1;210.8;49.9;0.0
8.2;210.8;39.4;0.0
8.2;210.8;30.8;0.0
8.2;210.8;38.6;0.0
8.0;210.8;46.8;0.0
8.1;210.8;51.2;0.0
8.1;210.8;40.8;0.0
8.0;210.8;54.1;0.0
8.0;210.8;44.5;0.0
8.0;211.7;50.9;0.0
8.2;241.7;1.0;0.0
8.1;242.0;0.6;0.0
16.3;242.0;0.0;0.0
8.1;242.0;0.0;0.0
8.2;242.0;0.0;0.0
8.3;242.0;0.0;0.0
8.2;242.0;0.0;0.0
8.2;242.0;0.2;68.0
8.2;242.0;0.0;0.0
8.0;242.0;0.2;64.0
8.1;242.0;0.0;0.0
8.0;242.0;0.0;0.0
8.2;242.0;0.0;0.0
8.0;242.0;0.2;64.0
8.2;242.0;0.0;0.0
8.1;242.0;0.0;0.0
8.0;242.0;0.0;0.0
8.2;242.0;0.0;0.0
8.0;242.0;0.2;64.0
8.0;242.0;0.0;0.0
8.2;242.0;0.0;0.0
16.3;242.0;0.0;0.0
8.2;242.0;0.2;64.0
8.1;242.0;0.0;0.0
8.2;242.0;0.0;0.0
8.0;242.0;0.0;0.0
8.1;242.0;0.0;0.0
8.2;242.0;0.0;0.0
8.1;242.0;0.0;0.0
8.3;211.5;0.3;64.0
8.2;211.5;0.0;0.0
8.1;211.5;0.0;0.0
8.2;211.5;0.0;0.0
8.1;211.5;0.0;0.0
8.0;211.5;0.0;0.0
8.2;211.5;0.0;0.0
8.0;211.5;0.0;0.0
8.1;211.5;0.0;0.0
16.4;211.5;0.0;0.0
8.2;181.0;0.0;0.0
8.2;0.0;0.0;0.0
0.0;0.0;0.0;0.0
0.0;8.9;2.2;0.0
0.0;9.2;3.5;0.0
8.2;12.2;3.7;0.0
82.0;27.6;1.2;0.0
107.1;27.6;0.4;0.0
99.0;28.3;2.4;0.0
90.8;28.8;1.4;0.0
107.3;29.1;1.6;0.0
90.7;29.6;1.0;0.0
99.0;30.4;3.7;0.0
90.8;31.8;3.0;0.0
99.0;33.1;3.2;0.0
107.1;35.0;3.4;0.0
16.5;36.9;2.2;0.0
0.0;37.8;2.0;0.0
0.0;38.9;3.6;0.0
8.0;41.2;2.5;0.0
8.2;44.4;3.3;0.0
8.2;47.5;4.2;0.0
0.0;48.4;3.1;0.0
8.2;49.7;5.9;0.0
8.0;52.5;4.3;0.0
16.2;54.6;4.5;0.0
8.1;56.1;2.9;0.0
0.0;58.3;2.9;0.0
8.1;59.8;2.1;0.0
8.2;60.0;0.5;0.0
8.2;61.9;3.3;0.0
8.1;63.5;7.6;0.0
8.2;65.1;2.7;0.0
8.2;65.8;1.2;0.0
8.1;66.5;1.7;0.0
8.2;67.8;5.6;0.0
0.0;68.5;1.6;0.0
8.2;64.3;3.3;0.0
8.2;65.6;1.8;0.0
8.2;66.9;3.2;0.0
8.1;67.8;1.0;0.0
8.0;70.7;3.1;0.0
8.2;72.1;1.2;0.0
8.0;73.5;1.6;0.0
8.0;76.0;5.0;0.0
0.0;76.9;1.6;0.0
8.1;78.8;9.8;0.0
8.2;80.3;5.0;0.0
8.2;81.1;0.4;0.0
8.2;81.6;1.4;0.0
8.1;82.3;1.9;0.0
8.1;82.4;0.0;0.0
8.2;83.3;4.8;0.0
8.2;83.9;6.1;0.0
0.0;85.2;6.4;0.0
8.2;87.6;3.8;0.0
8.2;88.5;6.0;0.0
0.0;89.4;4.6;0.0
8.0;91.0;3.0;0.0
0.0;91.7;5.0;0.0
8.2;92.4;3.2;0.0
8.1;93.7;5.4;0.0
8.2;94.7;4.8;0.0
8.1;95.7;3.2;0.0
8.2;96.5;3.6;0.0
8.2;97.7;4.8;0.0
0.0;98.6;7.0;0.0
8.2;101.3;6.4;0.0
8.2;102.1;6.0;0.0
16.4;102.8;3.3;0.0
8.2;103.5;4.5;0.0
0.0;104.9;4.0;0.0
16.2;107.8;8.1;0.0
0.0;109.7;7.9;0.0
8.1;109.7;0.0;0.0
8.2;109.7;0.0;0.0
34.8;117.6;5.1;0.0
99.0;120.8;5.9;0.0
107.1;122.2;3.2;0.0
98.9;123.5;5.0;0.0
98.9;125.5;7.4;0.0
98.9;126.9;5.3;0.0
107.1;129.1;6.5;0.0
98.9;131.9;3.8;0.0
98.9;132.0;0.0;0.0
107.1;132.3;0.0;0.0
57.7;132.5;0.0;0.0
8.2;133.0;0.0;0.0
8.2;133.3;0.0;0.0
8.1;134.0;0.6;0.0
8.2;134.9;1.0;0.0
8.2;136.2;3.6;0.0
8.1;136.4;1.2;0.0
8.2;137.8;3.2;0.0
8.2;138.6;0.2;0.0
0.0;138.6;0.2;0.0
16.4;138.6;3.2;0.0
8.2;140.3;8.0;0.0
8.1;141.5;4.4;0.0
8.2;143.7;8.1;0.0
8.2;147.5;7.2;0.0
8.2;150.0;5.6;0.0
8.2;152.3;4.4;0.0
0.0;152.3;0.0;0.0
0.0;152.3;0.2;0.0
0.0;152.3;0.0;0.0
0.0;152.3;0.1;0.0
0.0;152.3;0.0;0.0
0.0;152.3;1.8;0.0
0.0;152.3;0.0;0.0
0.0;152.3;0.6;0.0
0.0;152.3;2.9;0.0
0.0;152.3;0.0;0.0
0.0;152.3;0.2;0.0
0.0;152.3;1.6;0.0
0.0;152.3;0.0;0.0
0.0;152.3;1.4;0.0
0.0;152.3;0.0;0.0
0.0;152.3;1.0;0.0
0.0;152.6;1.5;0.0
0.0;152.6;1.3;0.0
0.0;152.6;1.5;0.0
0.0;152.6;0.0;0.0
0.0;152.6;0.5;0.0
0.0;152.6;0.0;0.0
0.0;152.6;1.5;0.0
0.0;152.6;0.9;0.0
0.0;152.6;0.8;0.0
0.0;152.6;1.5;0.0
0.0;152.6;0.1;0.0
0.0;152.8;2.1;0.0
0.0;152.8;0.0;0.0
0.0;152.8;1.0;0.0
0.0;152.8;0.0;0.0
0.0;152.8;0.4;0.0
0.0;152.8;1.2;0.0
0.0;152.8;1.1;0.0
0.0;152.8;1.4;0.0
0.0;152.8;0.0;0.0
16.3;152.8;1.1;0.0
0.0;152.8;0.0;0.0
0.0;153.1;0.9;0.0
0.0;153.1;2.0;0.0
0.0;153.1;0.0;0.0
0.0;153.1;0.5;0.0
0.0;155.4;0.7;0.0
8.1;155.5;0.0;0.0
8.1;156.5;0.0;0.0
8.2;156.5;0.0;0.0
8.1;157.1;0.4;0.0
8.2;157.3;0.0;0.0
8.1;157.3;0.0;0.0
8.0;157.3;0.0;0.0
8.1;157.3;0.0;0.0
8.2;157.3;0.0;0.0
8.0;157.3;0.0;0.0
8.2;157.3;0.0;0.0
16.3;158.1;0.0;0.0
8.2;158.1;0.0;0.0
8.1;158.1;0.0;0.0
8.2;158.1;0.0;0.0
8.0;158.1;0.0;0.0
8.2;158.1;0.0;0.0
8.1;158.1;0.0;0.0
8.2;158.1;0.0;0.0
8.2;158.3;0.0;0.0
8.1;158.3;0.0;0.0
8.2;158.3;0.0;0.0
8.0;158.3;0.0;0.0
8.1;158.3;0.0;0.0
8.2;158.3;0.0;0.0
8.1;158.3;0.0;0.0
8.2;158.3;0.0;0.0
8.1;158.3;0.0;0.0
8.2;158.3;0.0;0.0
8.3;158.3;0.0;0.0
8.2;158.3;0.0;0.0
8.1;158.3;0.0;0.0
8.2;158.3;0.0;0.0
8.1;158.3;0.0;0.0
8.2;158.3;0.0;0.0
0.0;158.3;0.0;0.0
8.1;158.3;0.0;0.0
8.2;158.3;0.0;0.0
8.1;158.3;0.0;0.0
8.2;158.3;0.0;0.0
16.4;158.3;0.0;0.0
8.3;158.3;0.0;0.0
8.1;158.3;0.0;0.0
8.2;158.3;0.0;0.0
8.1;158.3;0.0;0.0
8.2;158.3;0.0;0.0
8.1;158.3;0.0;0.0
8.2;158.3;0.0;0.0
7.9;158.3;0.0;0.0
8.0;158.3;0.0;0.0
8.2;158.3;0.0;0.0
8.1;158.3;0.0;0.0
8.0;158.3;0.0;0.0
8.2;158.3;0.0;0.0
8.1;158.3;0.0;0.0
8.2;158.3;0.0;0.0
8.0;158.3;0.0;0.0
8.2;158.3;0.0;0.0
8.0;158.3;0.0;0.0
8.2;158.3;0.0;0.0
8.0;158.3;0.0;0.0
8.1;158.3;0.0;0.0
8.2;158.3;0.0;0.0
8.1;158.3;0.0;0.0
8.2;158.3;0.0;0.0
8.1;158.3;0.0;0.0
8.2;158.3;0.0;0.0
8.0;158.3;0.0;0.0
8.1;158.3;0.0;0.0
16.1;158.3;0.0;0.0
8.2;158.3;0.0;0.0
8.1;158.3;0.0;0.0
8.2;158.3;0.0;0.0
8.2;158.8;0.0;0.0
16.2;158.8;0.0;0.0
8.1;158.8;0.0;0.0
8.2;158.8;0.0;0.0
8.1;158.8;0.0;0.0
8.0;158.8;0.0;0.0
8.2;158.8;0.0;0.0
8.0;158.8;0.0;0.0
8.1;158.8;0.0;0.0
8.2;158.8;0.0;0.0
8.1;158.8;0.0;0.0
8.2;158.8;0.0;0.0
8.1;158.8;0.0;0.0
8.2;158.8;0.0;0.0
8.0;158.8;0.0;0.0
8.1;158.8;0.0;0.0
8.2;158.8;0.0;0.0
8.1;158.8;0.0;0.0
8.2;158.8;0.0;0.0
8.1;158.8;0.0;0.0
8.0;158.8;0.0;0.0
8.1;158.8;0.0;0.0
8.0;158.8;0.0;0.0
16.0;158.8;0.0;0.0
8.0;158.8;0.0;0.0
7.7;158.8;0.0;0.0
8.1;158.8;0.0;0.0
8.2;158.8;0.0;0.0
8.1;158.8;0.0;0.0
8.2;158.8;0.0;0.0
8.1;158.8;0.0;0.0
8.1;159.0;0.0;0.0
8.1;159.3;0.0;0.0
8.2;159.3;0.0;0.0
8.2;159.6;0.0;0.0
8.3;159.6;0.0;0.0
8.0;159.6;0.3;0.0
0.0;159.6;0.0;0.0
0.0;159.6;0.1;0.0
0.0;159.6;0.0;0.0
0.0;159.6;1.9;0.0
0.0;159.6;0.0;0.0
0.0;159.6;0.2;0.0
0.0;159.6;0.0;0.0
0.0;159.6;5.4;0.0
0.0;159.6;0.0;0.0
0.0;159.6;1.2;0.0
8.2;159.6;3.1;0.0
0.0;159.6;0.0;0.0
0.0;159.6;0.2;0.0
0.0;159.6;2.4;0.0
0.0;165.7;0.7;0.0
0.0;159.6;0.0;0.0
16.2;159.6;0.0;0.0
8.2;159.6;0.0;0.0
8.1;159.6;0.0;0.0
8.0;159.6;0.0;0.0
8.2;159.6;0.0;0.0
8.0;159.6;0.0;0.0
8.1;159.6;0.0;0.0
8.0;159.6;0.0;0.0
8.1;159.6;0.0;0.0
8.2;159.6;0.0;0.0
8.1;159.6;0.0;0.0
8.2;159.6;0.0;0.0
8.1;159.6;0.0;0.0
8.2;159.6;0.0;0.0
8.1;159.6;0.0;0.0
8.2;159.6;0.0;0.0
8.1;159.6;0.0;0.0
8.2;159.6;0.0;0.0
8.1;159.6;0.0;0.0
8.0;159.6;0.0;0.0
8.2;159.6;0.0;0.0
8.1;159.6;0.0;0.0
8.0;159.6;0.0;0.0
8.1;159.6;0.0;0.0
8.2;159.6;0.0;0.0
8.1;159.6;0.0;0.0
8.2;159.6;0.0;0.0
8.0;159.6;0.0;0.0
8.1;159.6;0.0;0.0
8.3;159.6;0.0;0.0
8.2;159.6;0.0;0.0
8.1;159.6;0.0;0.0
8.2;159.6;0.0;0.0
8.3;159.6;0.0;0.0
8.2;159.6;0.0;0.0
8.0;159.6;0.0;0.0
8.1;159.6;0.0;0.0
8.2;159.6;0.0;0.0
8.1;159.6;0.0;0.0
8.2;159.6;0.0;0.0
8.0;159.6;0.0;0.0
8.2;159.6;0.0;0.0
8.0;159.6;0.0;0.0
8.2;159.6;0.0;0.0
8.0;159.6;0.0;0.0
8.1;159.6;0.0;0.0
8.2;159.6;0.0;0.0
74.5;174.0;0.0;0.0
107.2;174.5;0.9;0.0
84.5;174.5;0.2;0.0
89.0;174.5;0.0;0.0
90.5;174.5;0.1;0.0
98.8;174.5;0.1;0.0
90.7;174.5;0.0;0.0
107.2;174.5;1.8;0.0
90.5;174.5;1.9;0.0
90.8;174.5;0.0;0.0
99.1;174.5;0.6;0.0
16.4;174.5;0.0;0.0
0.0;174.5;5.2;0.0
0.0;174.5;2.3;0.0
0.0;174.5;0.0;0.0
0.0;174.5;0.2;0.0
0.0;174.5;0.0;0.0
0.0;174.5;2.0;0.0
0.0;174.5;1.2;0.0
0.0;174.8;1.9;0.0
0.0;174.8;0.0;0.0
0.0;174.8;2.3;0.0
0.0;174.8;1.5;0.0
0.0;174.8;0.6;0.0
0.0;174.8;0.4;0.0
0.0;174.8;0.0;0.0
0.0;176.0;1.9;0.0
82.5;177.0;0.8;0.0
99.6;177.5;2.2;0.0
98.9;177.5;0.3;0.0
98.9;177.5;0.0;0.0
98.7;177.5;0.0;0.0
98.9;177.5;0.1;0.0
98.9;177.5;0.6;0.0
98.9;177.5;0.5;0.0
107.2;177.5;0.7;0.0
98.9;177.5;0.0;0.0
98.9;177.5;0.1;0.0
98.9;177.5;0.0;0.0
107.1;177.7;0.1;0.0
90.7;177.7;1.2;0.0
98.9;178.0;0.0;0.0
90.7;178.0;0.8;0.0
90.7;178.0;0.7;0.0
90.7;178.0;0.6;0.0
90.7;178.0;0.3;0.0
99.0;178.0;0.3;0.0
90.9;178.0;0.6;0.0
90.8;178.0;0.0;0.0
90.7;178.0;0.0;0.0
24.5;178.0;0.0;0.0
0.0;178.0;0.0;0.0
0.0;178.3;1.1;0.0
0.0;178.3;2.5;0.0
8.2;180.0;2.4;0.0
8.2;180.7;0.0;0.0
8.1;180.7;0.0;0.0
8.0;180.7;0.0;0.0
8.1;181.2;0.0;0.0
8.2;181.2;0.0;0.0
8.1;181.2;0.0;0.0
8.2;181.2;0.0;0.0
8.0;181.2;0.0;0.0
8.2;181.2;0.0;0.0
8.2;182.0;0.0;0.0
8.0;182.0;0.0;0.0
8.2;182.0;0.0;0.0
8.1;182.0;0.0;0.0
8.0;182.0;0.0;0.0
8.2;182.0;0.0;0.0
16.1;182.0;0.0;0.0
8.2;182.0;0.0;0.0
8.1;182.0;0.0;0.0
8.3;182.0;0.0;0.0
8.2;182.0;0.0;0.0
8.0;182.0;0.0;0.0
8.3;182.0;0.0;0.0
8.2;182.0;0.0;0.0
8.1;182.0;0.0;0.0
8.2;182.0;0.0;0.0
16.3;182.0;0.0;0.0
8.1;182.0;0.0;0.0
0.0;179.5;0.4;4.0
8.1;179.5;0.0;0.0
8.2;179.5;0.0;0.0
8.2;179.6;0.0;0.0
8.2;198.1;0.0;0.0
8.2;210.3;52.7;0.0
8.1;210.3;73.1;0.0
0.0;210.5;77.5;0.0
8.3;210.5;74.7;0.0
8.1;210.5;97.9;0.0
8.2;210.5;90.8;0.0
8.0;210.5;94.1;0.0
8.1;210.6;30.4;0.0
8.2;210.6;21.8;0.0
8.1;210.6;36.9;0.0
8.2;210.6;32.4;0.0
8.2;210.6;42.7;0.0
8.2;210.6;38.7;0.0
8.2;210.6;36.6;0.0
8.2;210.6;36.8;0.0
8.2;210.6;42.7;0.0
8.1;210.6;37.5;0.0
8.2;210.6;45.4;0.0
8.2;210.6;46.0;0.0
8.1;210.6;48.8;0.0
8.2;210.6;36.9;0.0
8.2;210.6;39.1;0.0
8.2;210.6;46.7;0.0
8.1;210.6;28.7;0.0
8.2;210.6;43.4;0.0
8.1;210.6;39.6;0.0
8.2;210.6;47.0;0.0
16.3;210.6;39.8;0.0
8.1;210.6;39.8;0.0
8.0;210.6;46.9;0.0
8.2;210.6;47.9;0.0
8.2;210.6;42.6;0.0
8.1;210.6;54.7;0.0
8.2;210.6;43.1;0.0
8.2;210.6;40.8;0.0
8.2;228.3;30.1;0.0
8.2;242.0;1.6;0.0
8.1;242.0;0.0;0.0
8.2;242.0;0.0;0.0
8.1;242.0;0.0;0.0
8.2;242.0;0.0;0.0
8.3;242.0;0.0;0.0
8.2;242.0;0.0;0.0
8.2;242.0;0.2;68.0
8.2;242.0;0.0;0.0
8.1;242.0;0.0;0.0
8.2;242.0;0.2;64.0
8.2;242.0;0.0;0.0
8.1;242.0;0.0;0.0
16.3;242.0;0.2;64.0
8.2;242.0;0.0;0.0
8.0;242.0;0.0;0.0
7.9;242.0;0.0;0.0
8.2;242.0;0.0;0.0
8.1;242.0;0.2;64.0
8.2;242.0;0.0;0.0
8.1;242.0;0.2;64.0
8.2;242.0;0.0;0.0
8.3;242.0;0.0;0.0
8.2;242.0;0.0;0.0
8.2;211.6;0.3;64.0
8.2;211.6;0.0;0.0
8.1;211.6;0.0;0.0
8.2;211.6;0.0;0.0
8.1;211.6;0.0;0.0
16.1;211.6;0.0;0.0
8.2;211.6;0.0;0.0
8.1;211.6;0.0;0.0
8.2;211.6;0.0;0.0
8.2;181.1;0.0;0.0
8.2;0.0;0.0;0.0
0.0;0.0;0.0;0.0
98.8;32.3;2.9;0.0
98.9;34.4;5.2;0.0
107.1;35.3;2.6;0.0
98.9;38.3;4.0;0.0
96.5;39.4;1.6;0.0
24.3;40.0;2.4;0.0
0.0;41.2;3.0;0.0
8.2;43.6;3.3;0.0
8.2;46.7;2.5;0.0
8.1;49.8;4.4;0.0
0.0;50.6;4.5;0.0
16.1;52.1;4.3;0.0
0.0;54.4;3.5;0.0
8.1;56.0;4.4;0.0
0.0;58.2;3.1;0.0
8.0;58.8;1.9;0.0
8.0;61.8;3.4;0.0
8.0;62.3;0.9;0.0
8.1;64.0;2.9;0.0
8.2;65.6;7.4;0.0
8.0;67.4;3.3;0.0
8.1;68.2;1.3;0.0
8.2;69.6;2.8;0.0
8.1;70.4;5.0;0.0
0.0;71.1;2.2;0.0
8.1;63.2;3.8;0.0
8.1;64.4;3.2;0.0
8.1;65.2;0.6;0.0
8.1;67.4;2.4;0.0
0.0;69.9;2.5;0.0
8.2;70.7;1.0;0.0
24.4;72.3;2.8;0.0
0.0;74.4;3.4;0.0
8.2;76.0;7.5;0.0
8.1;78.0;8.1;0.0
8.0;78.7;0.6;0.0
8.2;79.5;1.4;0.0
8.2;80.3;1.9;0.0
8.2;80.3;0.0;0.0
8.2;81.0;4.2;0.0
0.0;81.7;5.4;0.0
0.0;82.4;6.3;0.0
8.2;85.6;4.8;0.0
8.1;86.2;5.2;0.0
8.2;87.1;5.7;0.0
0.0;88.7;3.1;0.0
8.1;89.6;5.0;0.0
8.2;90.6;4.2;0.0
8.2;91.6;5.2;0.0
0.0;92.6;4.4;0.0
16.2;93.9;4.2;0.0
8.2;94.9;4.0;0.0
8.2;95.9;5.2;0.0
0.0;97.0;7.6;0.0
16.1;99.5;6.4;0.0
0.0;100.4;4.4;0.0
8.2;100.8;2.5;0.0
8.2;101.8;4.9;0.0
8.1;103.2;6.1;0.0
8.2;105.8;6.1;0.0
8.2;107.5;7.0;0.0
8.2;107.5;0.0;0.0
32.9;121.3;0.9;0.0
99.0;125.9;6.0;0.0
98.9;129.1;5.0;0.0
98.9;130.3;2.8;0.0
99.1;131.5;6.2;0.0
99.2;133.5;7.9;0.0
99.2;134.8;4.5;0.0
99.1;137.1;5.2;0.0
99.1;139.3;3.6;0.0
98.9;139.6;0.0;0.0
81.7;140.0;0.0;0.0
8.1;140.3;0.0;0.0
8.2;140.8;0.0;0.0
8.1;141.1;0.2;0.0
8.1;142.3;1.0;0.0
8.1;143.6;4.0;0.0
8.2;144.3;1.4;0.0
8.2;145.6;3.2;0.0
8.1;146.2;0.0;0.0
0.0;146.2;2.8;0.0
16.3;146.2;2.2;0.0
8.2;147.9;6.8;0.0
8.1;149.3;4.3;0.0
8.2;151.3;7.8;0.0
8.1;155.9;8.8;0.0
8.0;159.2;6.4;0.0
0.0;160.2;2.2;0.0
0.0;160.2;0.0;0.0
0.0;160.2;0.1;0.0
0.0;160.2;0.0;0.0
0.0;160.2;1.8;0.0
0.0;160.2;0.0;0.0
0.0;160.2;0.2;0.0
0.0;160.2;7.0;0.0
0.0;160.2;0.0;0.0
8.2;160.2;1.7;0.0
0.0;160.2;0.0;0.0
0.0;160.2;3.9;0.0
0.0;160.2;1.4;0.0
0.0;160.2;0.0;0.0
0.0;160.2;0.8;0.0
0.0;160.4;2.8;0.0
0.0;160.4;1.4;0.0
0.0;160.4;0.0;0.0
0.0;160.4;0.6;0.0
0.0;160.4;0.0;0.0
0.0;160.4;2.2;0.0
0.0;160.4;1.8;0.0
0.0;160.4;1.0;0.0
0.0;160.4;1.8;0.0
0.0;160.6;0.8;0.0
0.0;160.6;0.7;0.0
0.0;160.6;1.9;0.0
0.0;160.6;0.0;0.0
0.0;160.6;2.1;0.0
0.0;160.6;1.6;0.0
0.0;160.6;0.6;0.0
0.0;160.6;1.0;0.0
0.0;160.6;1.4;0.0
0.0;160.9;0.7;0.0
0.0;160.9;1.0;0.0
0.0;160.9;1.3;0.0
8.1;166.0;1.0;0.0
8.1;163.7;0.0;0.0
8.1;164.8;0.0;0.0
8.1;165.2;0.4;0.0
8.0;165.2;0.0;0.0
8.2;165.2;0.0;0.0
8.1;165.2;0.0;0.0
8.2;165.2;0.0;0.0
8.1;165.2;0.0;0.0
8.2;165.9;0.0;0.0
8.0;165.9;0.0;0.0
8.2;165.9;0.0;0.0
16.2;165.9;0.0;0.0
8.2;165.9;0.0;0.0
8.1;165.9;0.0;0.0
8.2;165.9;0.0;0.0
8.1;165.9;0.0;0.0
8.2;165.9;0.0;0.0
8.2;166.1;0.0;0.0
8.1;166.1;0.0;0.0
8.2;166.1;0.0;0.0
8.1;166.1;0.0;0.0
8.2;166.1;0.0;0.0
8.1;166.1;0.0;0.0
8.2;166.1;0.0;0.0
8.1;166.1;0.0;0.0
8.2;166.1;0.0;0.0
8.1;166.1;0.0;0.0
16.4;166.1;0.0;0.0
8.3;166.1;0.0;0.0
8.2;166.1;0.0;0.0
8.1;166.1;0.0;0.0
8.0;166.1;0.0;0.0
8.2;166.1;0.0;0.0
8.1;166.1;0.0;0.0
8.0;166.1;0.0;0.0
8.1;166.1;0.0;0.0
8.2;166.1;0.0;0.0
8.0;166.1;0.0;0.0
8.2;166.1;0.0;0.0
16.2;166.1;0.0;0.0
8.2;166.1;0.0;0.0
8.1;166.1;0.0;0.0
8.2;166.1;0.0;0.0
8.1;166.1;0.0;0.0
8.2;166.1;0.0;0.0
8.1;166.1;0.0;0.0
8.0;166.1;0.0;0.0
8.2;166.1;0.0;0.0
8.1;166.1;0.0;0.0
8.2;166.1;0.0;0.0
8.1;166.1;0.0;0.0
8.0;166.1;0.0;0.0
8.2;166.1;0.0;0.0
8.0;166.1;0.0;0.0
8.2;166.1;0.0;0.0
8.0;166.1;0.0;0.0
8.2;166.1;0.0;0.0
8.0;166.1;0.0;0.0
8.1;166.1;0.0;0.0
8.2;166.1;0.0;0.0
8.1;166.1;0.0;0.0
8.2;166.1;0.0;0.0
0.0;166.1;0.0;0.0
8.2;166.1;0.0;0.0
8.1;166.1;0.0;0.0
8.2;166.1;0.0;0.0
8.2;166.6;0.0;0.0
8.0;166.6;0.0;0.0
8.2;166.6;0.0;0.0
8.1;166.6;0.0;0.0
8.2;166.6;0.0;0.0
8.1;166.6;0.0;0.0
8.2;166.6;0.0;0.0
15.9;166.6;0.0;0.0
8.2;166.6;0.0;0.0
8.1;166.6;0.0;0.0
8.2;166.6;0.0;0.0
8.1;166.6;0.0;0.0
8.2;166.6;0.0;0.0
8.1;166.6;0.0;0.0
8.2;166.6;0.0;0.0
8.1;166.6;0.0;0.0
8.2;166.6;0.0;0.0
8.2;167.1;0.0;0.0
8.3;167.1;0.0;0.0
8.1;167.3;0.0;0.0
8.2;167.3;0.0;0.0
8.1;167.3;0.0;0.0
16.5;167.3;0.3;0.0
0.0;167.3;0.0;0.0
0.0;167.3;0.1;0.0
0.0;167.3;0.0;0.0
0.0;167.3;1.9;0.0
0.0;167.3;0.0;0.0
0.0;167.3;0.2;0.0
0.0;167.3;0.0;0.0
0.0;167.3;6.2;0.0
0.0;167.3;0.0;0.0
0.0;167.3;1.2;0.0
0.0;167.3;0.0;0.0
0.0;167.3;3.4;0.0
0.0;167.3;0.0;0.0
0.0;167.3;1.3;0.0
0.0;167.3;2.5;0.0
8.3;167.4;0.2;0.0
8.2;167.4;0.0;0.0
8.1;167.4;0.0;0.0
8.2;167.4;0.0;0.0
8.0;167.4;0.0;0.0
8.1;167.4;0.0;0.0
8.2;167.4;0.0;0.0
8.1;167.4;0.0;0.0
8.2;167.4;0.0;0.0
8.0;167.4;0.0;0.0
8.1;167.4;0.0;0.0
8.2;167.4;0.0;0.0
8.1;167.4;0.0;0.0
8.2;167.4;0.0;0.0
8.1;167.4;0.0;0.0
8.2;167.4;0.0;0.0
8.1;167.4;0.0;0.0
8.2;167.4;0.0;0.0
8.1;167.4;0.0;0.0
16.3;167.4;0.0;0.0
8.2;167.4;0.0;0.0
8.1;167.4;0.0;0.0
8.3;167.4;0.0;0.0
8.1;167.4;0.0;0.0
8.0;167.4;0.0;0.0
8.2;167.4;0.0;0.0
8.1;167.4;0.0;0.0
8.2;167.4;0.0;0.0
0.0;167.4;0.0;0.0
8.1;167.4;0.0;0.0
8.2;167.4;0.0;0.0
8.1;167.4;0.0;0.0
8.2;167.4;0.0;0.0
8.0;167.4;0.0;0.0
8.2;167.4;0.0;0.0
8.3;167.4;0.0;0.0
8.1;167.4;0.0;0.0
8.2;167.4;0.0;0.0
8.1;167.4;0.0;0.0
8.2;167.4;0.0;0.0
8.1;167.4;0.0;0.0
8.2;167.4;0.0;0.0
8.1;167.4;0.0;0.0
49.5;173.7;0.0;0.0
107.2;174.4;0.1;0.0
89.6;178.4;1.0;0.0
99.0;178.4;0.0;0.0
90.6;178.4;0.0;0.0
90.6;178.4;0.2;0.0
90.5;178.4;0.0;0.0
90.5;178.4;1.8;0.0
90.6;178.4;0.0;0.0
91.1;178.4;1.1;0.0
49.4;178.4;0.0;0.0
0.0;178.4;2.7;0.0
0.0;178.4;1.2;0.0
0.0;178.4;0.0;0.0
0.0;178.6;1.8;0.0
0.0;178.6;4.0;0.0
0.0;178.6;1.4;0.0
0.0;178.6;0.7;0.0
0.0;178.9;4.6;0.0
0.0;179.1;5.7;0.0
0.0;179.1;1.0;0.0
0.0;180.1;1.3;0.0
49.6;180.9;0.0;0.0
107.3;181.2;3.0;0.0
90.8;181.5;1.7;0.0
99.0;184.5;0.9;0.0
90.8;183.6;0.0;0.0
107.4;183.6;0.0;0.0
98.7;183.6;0.0;0.0
98.8;183.6;0.0;0.0
107.1;183.6;0.0;0.0
90.8;183.6;0.0;0.0
115.5;184.1;0.0;0.0
99.1;184.1;0.0;0.0
90.9;182.7;0.0;0.0
99.1;182.7;0.0;0.0
94.1;182.7;0.0;0.0
99.2;182.7;0.0;0.0
99.1;182.7;0.0;0.0
99.2;182.7;0.0;0.0
99.0;182.7;0.0;0.0
81.2;183.3;0.0;0.0
8.1;183.3;0.0;0.0
8.2;183.3;0.0;0.0
8.1;183.3;0.0;0.0
8.2;183.3;0.0;0.0
8.1;183.3;0.0;0.0
8.2;183.3;0.0;0.0
8.1;184.0;0.0;0.0
8.2;184.0;0.0;0.0
8.1;184.0;0.0;0.0
8.2;184.0;0.0;0.0
8.3;184.0;0.0;0.0
8.1;184.0;0.0;0.0
8.2;184.0;0.0;0.0
8.1;184.0;0.0;0.0
8.2;184.0;0.0;0.0
8.1;184.0;0.0;0.0
8.2;184.0;0.0;0.0
8.1;184.0;0.0;0.0
8.2;184.0;0.0;0.0
8.1;184.0;0.0;0.0
8.2;184.0;0.0;0.0
8.2;179.6;0.4;4.0
0.0;179.6;0.0;0.0
8.2;179.6;0.0;0.0
8.2;179.7;0.0;0.0
8.1;198.4;0.0;0.0
8.2;210.4;53.1;0.0
16.0;210.4;63.8;0.0
8.1;210.4;83.3;0.0
8.1;210.4;82.7;0.0
8.2;210.4;82.2;0.0
8.1;210.4;83.9;0.0
8.1;210.4;85.1;0.0
8.2;210.7;57.3;0.0
8.2;210.7;6.7;0.0
8.1;210.7;39.0;0.0
8.1;210.7;28.0;0.0
8.0;210.7;45.6;0.0
8.1;210.7;49.2;0.0
8.0;210.7;39.8;0.0
8.0;210.7;36.8;0.0
8.2;210.7;42.7;0.0
8.2;210.7;37.5;0.0
8.1;211.1;39.6;0.0
8.2;211.1;43.0;0.0
8.1;211.1;45.2;0.0
8.2;211.1;30.0;0.0
8.1;211.1;45.4;0.0
8.1;211.1;39.9;0.0
16.1;211.1;34.3;0.0
8.2;211.1;47.0;0.0
8.2;211.1;31.1;0.0
8.2;211.1;47.0;0.0
8.1;211.1;34.5;0.0
8.1;211.1;37.3;0.0
8.2;211.1;29.3;0.0
8.1;211.1;49.5;0.0
8.1;211.1;45.7;0.0
8.1;211.1;45.8;0.0
8.2;211.1;53.0;0.0
8.2;211.1;40.0;0.0
8.1;211.1;39.2;0.0
8.1;223.2;31.7;0.0
8.1;242.0;1.6;0.0
8.1;242.0;0.0;0.0
8.2;242.0;0.0;0.0
8.1;242.0;0.0;0.0
8.2;242.0;0.0;0.0
8.1;242.0;0.0;0.0
16.3;242.0;0.0;0.0
8.1;242.0;0.0;0.0
8.0;242.0;0.0;0.0
8.3;242.0;0.2;68.0
8.2;242.0;0.0;0.0
8.2;242.0;0.2;64.0
8.2;242.0;0.0;0.0
8.1;242.0;0.2;64.0
8.1;242.0;0.0;0.0
8.2;242.0;0.0;0.0
8.0;242.0;0.0;0.0
8.1;242.0;0.0;0.0
7.7;242.0;0.0;0.0
8.2;242.0;0.2;64.0
8.2;242.0;0.0;0.0
8.1;242.0;0.2;64.0
8.2;242.0;0.0;0.0
8.1;242.0;0.0;0.0
8.2;242.0;0.0;0.0
16.4;242.0;0.0;0.0
8.2;242.0;0.0;0.0
8.2;211.6;0.3;64.0
8.2;211.6;0.0;0.0
8.1;211.6;0.0;0.0
8.2;211.6;0.0;0.0
8.1;211.6;0.0;0.0
8.0;211.6;0.0;0.0
8.2;211.6;0.0;0.0
8.0;211.6;0.0;0.0
8.1;211.6;0.0;0.0
8.2;211.6;0.0;0.0
8.0;181.1;0.0;0.0
16.2;0.0;0.0;0.0
8.1;0.0;0.0;0.0
0.0;0.0;0.0;0.0
99.1;22.0;1.8;0.0
90.7;22.3;0.6;0.0
90.8;22.8;1.4;0.0
99.1;23.3;2.0;0.0
99.1;24.4;3.3;0.0
99.0;25.9;3.8;0.0
99.1;27.5;4.2;0.0
99.1;30.2;3.4;0.0
99.0;31.3;2.0;0.0
8.2;32.4;4.0;0.0
8.2;33.0;1.6;0.0
0.0;37.5;3.6;0.0
8.2;40.8;4.4;0.0
8.2;41.9;3.2;0.0
8.2;43.2;5.2;0.0
8.1;46.1;5.5;0.0
8.2;47.4;3.8;0.0
0.0;49.9;3.3;0.0
8.1;50.7;2.1;0.0
8.1;53.6;3.0;0.0
8.0;54.0;1.5;0.0
8.0;55.4;2.9;0.0
8.1;57.3;6.6;0.0
16.5;58.7;3.5;0.0
0.0;59.4;1.6;0.0
8.2;60.5;1.9;0.0
0.0;61.6;4.8;0.0
8.2;62.5;2.8;0.0
8.2;58.2;4.4;0.0
8.1;59.8;3.6;0.0
8.1;60.6;0.2;0.0
8.2;62.2;1.6;0.0
8.2;64.2;2.9;0.0
8.2;65.6;0.8;0.0
8.2;67.0;1.6;0.0
8.2;67.8;2.2;0.0
0.0;69.6;2.8;0.0
8.2;71.1;5.6;0.0
8.2;72.7;7.2;0.0
8.2;74.1;4.0;0.0
8.1;74.3;0.0;0.0
8.1;75.1;1.4;0.0
8.2;75.8;1.9;0.0
16.4;75.9;0.6;0.0
8.2;76.8;5.2;0.0
0.0;77.4;5.7;0.0
8.2;78.6;6.2;0.0
8.2;81.1;3.2;0.0
8.1;81.9;4.6;0.0
0.0;82.7;4.5;0.0
8.2;84.2;4.5;0.0
8.2;85.2;4.8;0.0
8.2;85.9;4.2;0.0
8.1;87.2;5.2;0.0
8.2;88.2;4.8;0.0
8.2;88.9;2.2;0.0
8.0;89.8;3.0;0.0
0.0;91.2;5.6;0.0
8.0;91.5;3.4;0.0
8.2;92.7;7.4;0.0
7.9;95.2;6.4;0.0
8.2;96.1;4.2;0.0
0.0;96.4;2.5;0.0
8.0;97.5;4.7;0.0
8.1;99.0;6.0;0.0
8.1;101.8;7.8;0.0
0.0;103.3;5.2;0.0
16.2;103.3;0.0;0.0
8.1;103.3;0.0;0.0
48.8;115.0;0.9;0.0
99.2;117.6;6.0;0.0
99.1;120.9;5.0;0.0
98.9;122.3;3.0;0.0
98.6;123.7;6.3;0.0
99.0;125.4;7.6;0.0
99.0;126.5;4.1;0.0
99.0;128.7;5.4;0.0
99.0;131.2;3.8;0.0
99.0;131.4;0.0;0.0
57.4;131.6;0.0;0.0
8.2;132.1;0.0;0.0
8.2;132.4;0.0;0.0
8.1;132.9;0.2;0.0
8.2;133.7;0.8;0.0
8.2;135.1;2.2;0.0
8.2;135.8;3.0;0.0
8.0;137.1;3.4;0.0
8.2;138.0;0.2;0.0
8.1;138.0;2.0;0.0
8.2;138.0;1.2;0.0
8.2;139.6;8.4;0.0
8.1;141.3;5.7;0.0
8.1;144.0;7.8;0.0
8.1;147.5;7.4;0.0
8.1;150.8;6.2;0.0
8.2;151.7;2.4;0.0
0.0;151.7;0.2;0.0
0.0;151.7;0.0;0.0
0.0;151.7;0.1;0.0
0.0;151.7;0.0;0.0
0.0;151.7;1.8;0.0
0.0;151.7;0.0;0.0
0.0;151.7;0.2;0.0
0.0;151.7;3.2;0.0
0.0;151.7;3.5;0.0
0.0;151.7;0.0;0.0
0.0;151.7;0.5;0.0
0.0;151.7;0.0;0.0
0.0;151.7;2.0;0.0
0.0;151.7;0.8;0.0
0.0;151.7;0.4;0.0
0.0;151.7;0.0;0.0
0.0;151.7;1.6;0.0
0.0;152.0;0.8;0.0
0.0;152.0;1.2;0.0
0.0;152.0;0.5;0.0
0.0;152.0;0.0;0.0
0.0;152.0;0.4;0.0
0.0;152.0;0.0;0.0
0.0;152.0;1.5;0.0
0.0;152.0;1.6;0.0
0.0;152.0;0.9;0.0
0.0;152.0;0.4;0.0
0.0;152.0;0.0;0.0
0.0;152.2;3.0;0.0
0.0;152.2;0.8;0.0
0.0;152.2;0.4;0.0
0.0;152.2;0.5;0.0
0.0;152.2;0.0;0.0
0.0;152.2;0.4;0.0
0.0;152.2;0.0;0.0
0.0;152.2;1.2;0.0
0.0;152.2;4.0;0.0
0.0;152.5;1.7;0.0
0.0;152.5;0.9;0.0
0.0;152.5;0.0;0.0
0.0;152.5;0.5;0.0
0.0;152.5;0.0;0.0
0.0;155.1;2.0;0.0
8.2;154.9;0.0;0.0
8.1;155.9;0.0;0.0
8.2;155.9;0.0;0.0
8.1;155.9;0.0;0.0
16.0;156.4;0.4;0.0
8.2;156.4;0.0;0.0
8.0;156.4;0.0;0.0
8.1;156.4;0.0;0.0
8.2;156.7;0.0;0.0
8.0;156.7;0.0;0.0
8.2;156.7;0.0;0.0
8.0;156.7;0.0;0.0
8.2;157.4;0.0;0.0
8.1;157.4;0.0;0.0
8.2;157.4;0.0;0.0
8.0;157.4;0.0;0.0
16.0;157.4;0.0;0.0
8.2;157.4;0.0;0.0
8.0;157.4;0.0;0.0
8.2;157.4;0.0;0.0
8.1;157.4;0.0;0.0
8.2;157.4;0.0;0.0
8.1;157.4;0.0;0.0
8.2;157.4;0.0;0.0
8.1;157.4;0.0;0.0
8.0;157.4;0.0;0.0
8.2;157.4;0.0;0.0
8.1;157.4;0.0;0.0
16.0;157.4;0.0;0.0
8.2;157.6;0.0;0.0
8.1;157.6;0.0;0.0
8.2;157.6;0.0;0.0
8.1;157.6;0.0;0.0
8.2;157.6;0.0;0.0
8.1;157.6;0.0;0.0
8.2;157.6;0.0;0.0
8.0;157.6;0.0;0.0
8.2;157.6;0.0;0.0
8.0;157.6;0.0;0.0
8.2;157.6;0.0;0.0
8.0;157.6;0.0;0.0
8.2;157.9;0.0;0.0
16.2;157.9;0.0;0.0
8.3;157.9;0.0;0.0
8.0;157.9;0.0;0.0
8.2;157.9;0.0;0.0
8.0;157.9;0.0;0.0
8.1;157.9;0.0;0.0
8.2;157.9;0.0;0.0
8.1;157.9;0.0;0.0
8.2;157.9;0.0;0.0
7.9;157.9;0.0;0.0
8.2;157.9;0.0;0.0
8.1;157.9;0.0;0.0
8.2;157.9;0.0;0.0
8.1;157.9;0.0;0.0
8.2;157.9;0.0;0.0
8.1;157.9;0.0;0.0
8.2;157.9;0.0;0.0
8.1;157.9;0.0;0.0
8.2;157.9;0.0;0.0
8.1;157.9;0.0;0.0
8.2;157.9;0.0;0.0
8.1;157.9;0.0;0.0
8.2;157.9;0.0;0.0
16.2;157.9;0.0;0.0
8.2;157.9;0.0;0.0
8.1;157.9;0.0;0.0
8.2;157.9;0.0;0.0
8.0;157.9;0.0;0.0
8.2;157.9;0.0;0.0
8.1;157.9;0.0;0.0
8.2;157.9;0.0;0.0
8.0;158.1;0.0;0.0
8.1;158.1;0.0;0.0
8.2;158.1;0.0;0.0
8.1;158.1;0.0;0.0
8.2;158.1;0.0;0.0
16.2;158.1;0.0;0.0
8.2;158.1;0.0;0.0
8.1;158.1;0.0;0.0
8.2;158.1;0.0;0.0
8.1;158.1;0.0;0.0
8.2;158.1;0.0;0.0
8.0;158.1;0.0;0.0
8.2;158.1;0.0;0.0
8.2;158.6;0.0;0.0
8.0;158.6;0.0;0.0
8.2;158.6;0.0;0.0
24.7;158.6;0.3;0.0
0.0;158.6;0.0;0.0
0.0;158.6;0.1;0.0
0.0;158.6;0.0;0.0
0.0;158.6;1.8;0.0
0.0;158.6;0.0;0.0
0.0;158.6;6.4;0.0
0.0;158.6;1.3;0.0
0.0;158.6;2.0;0.0
0.0;158.6;1.8;0.0
0.0;158.6;1.5;0.0
0.0;158.6;3.0;0.0
0.0;158.6;2.1;0.0
0.0;158.8;0.7;0.0
8.2;158.8;0.0;0.0
8.1;158.8;0.0;0.0
8.2;158.8;0.0;0.0
8.1;158.8;0.0;0.0
16.3;158.8;0.0;0.0
8.1;158.8;0.0;0.0
8.2;158.8;0.0;0.0
8.0;158.8;0.0;0.0
8.1;158.8;0.0;0.0
8.0;158.8;0.0;0.0
8.2;158.8;0.0;0.0
16.3;158.8;0.0;0.0
8.2;158.8;0.0;0.0
8.0;158.8;0.0;0.0
8.2;158.8;0.0;0.0
8.1;158.8;0.0;0.0
8.2;158.8;0.0;0.0
8.1;158.8;0.0;0.0
8.2;158.8;0.0;0.0
8.1;158.8;0.0;0.0
8.0;158.8;0.0;0.0
8.2;158.8;0.0;0.0
8.0;158.8;0.0;0.0
8.2;158.8;0.0;0.0
8.1;158.8;0.0;0.0
8.2;158.8;0.0;0.0
8.1;158.8;0.0;0.0
8.2;158.8;0.0;0.0
8.1;158.8;0.0;0.0
8.2;158.8;0.0;0.0
8.3;158.8;0.0;0.0
8.1;158.8;0.0;0.0
8.0;158.8;0.0;0.0
8.2;158.8;0.0;0.0
8.1;158.8;0.0;0.0
8.2;158.8;0.0;0.0
8.0;158.8;0.0;0.0
8.2;158.8;0.0;0.0
8.1;158.8;0.0;0.0
8.0;158.8;0.0;0.0
8.2;158.8;0.0;0.0
8.1;158.8;0.0;0.0
8.2;158.8;0.0;0.0
8.0;158.8;0.0;0.0
8.1;158.8;0.0;0.0
8.3;158.8;0.0;0.0
8.2;158.8;0.0;0.0
8.0;158.8;0.0;0.0
8.2;158.8;0.0;0.0
16.5;159.2;0.0;0.0
99.1;177.2;0.0;0.0
90.8;177.8;1.1;0.0
106.6;177.8;0.0;0.0
90.6;177.8;0.0;0.0
90.9;177.8;0.2;0.0
90.4;177.8;0.0;0.0
90.5;177.8;0.0;0.0
90.6;177.8;3.6;0.0
98.7;177.8;0.0;0.0
90.5;177.8;0.0;0.0
90.5;177.8;0.2;0.0
0.0;177.8;0.0;0.0
0.0;177.8;1.9;0.0
0.0;177.8;1.3;0.0
0.0;177.8;0.0;0.0
0.0;177.8;0.1;0.0
0.0;177.8;0.0;0.0
8.1;177.8;1.2;0.0
0.0;177.8;0.0;0.0
0.0;177.8;1.9;0.0
0.0;177.8;0.8;0.0
0.0;177.8;1.0;0.0
0.0;178.1;0.8;0.0
0.0;178.1;0.0;0.0
0.0;178.1;0.4;0.0
0.0;178.1;0.0;0.0
0.0;178.3;2.8;0.0
0.0;178.3;0.9;0.0
0.0;178.3;1.8;0.0
0.0;178.3;1.0;0.0
0.0;178.3;1.2;0.0
0.0;178.3;0.9;0.0
0.0;180.3;1.5;0.0
23.5;180.0;0.3;0.0
90.6;182.0;0.0;0.0
90.6;182.4;0.0;0.0
98.8;182.4;0.0;0.0
102.1;182.9;1.7;0.0
99.0;182.9;0.5;0.0
98.9;183.1;0.3;0.0
99.0;183.1;0.3;0.0
99.0;183.4;0.3;0.0
99.2;183.4;0.0;0.0
99.0;183.4;1.0;0.0
106.8;183.4;0.1;0.0
99.1;183.4;0.6;0.0
96.8;183.4;1.3;0.0
98.8;183.4;0.0;0.0
90.8;183.5;0.5;0.0
90.5;183.5;0.7;0.0
90.4;183.5;0.5;0.0
98.8;183.5;0.0;0.0
90.3;183.8;0.8;0.0
90.2;183.8;0.0;0.0
90.8;183.8;1.0;0.0
98.3;183.8;0.3;0.0
90.3;183.8;0.5;0.0
49.1;189.1;0.3;0.0
8.3;185.6;0.0;0.0
8.3;186.2;0.0;0.0
0.0;186.2;0.0;0.0
8.2;186.7;0.0;0.0
8.1;186.7;0.0;0.0
0.0;186.7;0.0;0.0
8.1;186.7;0.0;0.0
8.2;186.7;0.0;0.0
8.1;187.4;0.0;0.0
8.0;187.4;0.0;0.0
8.2;187.4;0.0;0.0
8.1;187.4;0.0;0.0
8.2;187.4;0.0;0.0
8.1;187.4;0.0;0.0
16.4;187.4;0.0;0.0
8.3;187.4;0.0;0.0
7.8;187.4;0.0;0.0
8.2;187.4;0.0;0.0
16.3;187.4;0.0;0.0
8.2;187.4;0.0;0.0
0.0;185.0;0.1;0.0
7.9;185.0;0.3;4.0
8.2;185.0;0.0;0.0
8.1;185.1;0.0;0.0
8.2;199.6;0.0;0.0
8.2;215.8;44.4;0.0
8.2;215.8;87.6;0.0
8.1;215.8;86.4;0.0
8.3;216.0;77.4;0.0
8.2;216.0;86.9;0.0
8.1;216.0;83.1;0.0
8.2;216.0;87.2;0.0
8.2;216.0;39.0;0.0
8.2;216.3;14.2;0.0
8.1;216.3;31.5;0.0
16.2;216.3;39.4;0.0
8.2;216.3;34.2;0.0
8.1;216.3;50.0;0.0
8.2;216.3;26.8;0.0
8.1;216.3;42.0;0.0
8.2;216.3;33.9;0.0
8.1;216.3;40.3;0.0
8.2;216.3;28.6;0.0
8.2;216.3;40.4;0.0
8.1;216.3;41.6;0.0
8.1;216.3;49.2;0.0
8.2;216.3;27.8;0.0
8.2;216.3;43.6;0.0
7.7;216.3;31.1;0.0
8.1;216.3;43.9;0.0
8.1;216.3;32.4;0.0
8.2;216.3;41.1;0.0
8.2;216.3;39.8;0.0
8.1;216.3;32.1;0.0
8.2;216.3;36.7;0.0
8.2;216.3;29.9;0.0
8.2;216.3;38.7;0.0
8.2;216.3;46.1;0.0
8.2;216.3;45.9;0.0
8.2;216.3;42.3;0.0
8.2;216.3;40.6;0.0
8.2;216.3;32.3;0.0
8.2;216.3;29.1;0.0
8.2;230.0;29.5;0.0
8.2;247.4;1.0;0.0
8.2;247.4;0.6;0.0
8.2;247.4;0.0;0.0
8.1;247.4;0.0;0.0
8.2;247.4;0.0;0.0
8.1;247.4;0.0;0.0
8.2;247.4;0.0;0.0
8.2;247.4;0.2;68.0
8.2;247.4;0.0;0.0
8.1;247.4;0.0;0.0
8.2;247.4;0.2;64.0
8.1;247.4;0.0;0.0
8.2;247.4;0.0;0.0
16.3;247.4;0.0;0.0
8.3;247.4;0.2;64.0
8.2;247.4;0.0;0.0
8.1;247.4;0.0;0.0
8.2;247.4;0.0;0.0
8.1;247.4;0.0;0.0
8.2;247.4;0.2;64.0
8.1;247.4;0.0;0.0
8.2;247.4;0.0;0.0
8.0;247.4;0.2;64.0
8.2;247.4;0.0;0.0
8.0;247.4;0.0;0.0
8.2;247.4;0.0;0.0
8.2;217.1;0.3;64.0
8.1;217.1;0.0;0.0
8.2;217.1;0.0;0.0
8.1;217.1;0.0;0.0
16.2;217.1;0.0;0.0
8.2;217.1;0.0;0.0
8.1;217.1;0.0;0.0
8.2;217.1;0.0;0.0
8.1;217.1;0.0;0.0
8.2;217.1;0.0;0.0
8.2;186.6;0.0;0.0
8.1;0.0;0.0;0.0
0.0;0.0;0.0;0.0
90.5;32.4;0.4;0.0
90.6;32.6;1.0;0.0
98.8;32.9;0.4;0.0
98.9;33.4;1.8;0.0
90.5;34.2;2.5;0.0
98.8;35.7;4.4;0.0
81.8;36.6;2.4;0.0
8.2;40.2;5.2;0.0
8.2;41.4;3.0;0.0
0.0;42.8;4.0;0.0
8.2;45.0;2.5;0.0
8.1;48.3;3.3;0.0
8.2;51.4;4.6;0.0
8.2;52.2;3.9;0.0
8.2;53.8;4.7;0.0
8.2;56.4;4.1;0.0
8.2;58.5;4.1;0.0
8.2;60.1;3.5;0.0
8.3;61.2;2.1;0.0
8.2;63.4;2.7;0.0
8.2;63.9;0.7;0.0
8.2;64.3;1.3;0.0
8.2;66.7;5.9;0.0
0.0;68.3;4.9;0.0
8.2;69.3;1.5;0.0
16.4;69.9;1.7;0.0
8.2;71.5;4.2;0.0
0.0;72.3;3.8;0.0
8.2;71.3;3.8;0.0
8.1;72.7;1.8;0.0
8.2;73.7;3.0;0.0
8.2;74.5;0.6;0.0
8.2;76.9;2.6;0.0
8.1;78.8;1.9;0.0
0.0;79.4;0.8;0.0
8.2;81.1;2.0;0.0
8.2;83.1;4.2;0.0
8.2;84.7;4.5;0.0
8.2;86.3;7.7;0.0
8.2;87.6;4.4;0.0
8.2;88.1;0.2;0.0
8.1;88.7;1.4;0.0
8.2;89.4;1.9;0.0
8.2;89.4;0.0;0.0
16.4;90.2;4.2;0.0
0.0;90.9;7.1;0.0
8.2;92.2;6.4;0.0
8.2;94.7;4.0;0.0
8.2;95.6;5.6;0.0
8.2;97.1;7.0;0.0
8.2;98.5;2.8;0.0
0.0;99.3;4.8;0.0
16.5;100.1;3.8;0.0
0.0;101.2;6.0;0.0
8.2;102.0;2.8;0.0
8.2;103.0;3.8;0.0
8.2;104.4;5.0;0.0
8.2;104.9;3.4;0.0
8.2;105.9;7.0;0.0
8.2;108.5;6.0;0.0
8.2;109.5;5.2;0.0
8.1;110.0;3.3;0.0
8.2;111.0;4.5;0.0
8.2;112.3;5.7;0.0
8.2;115.0;7.3;0.0
0.0;116.6;6.2;0.0
8.2;116.6;0.0;0.0
49.6;128.8;1.9;0.0
98.9;133.5;7.5;0.0
98.9;134.9;4.0;0.0
98.9;136.4;3.9;0.0
99.3;137.5;6.1;0.0
98.7;138.6;4.7;0.0
98.8;139.6;3.0;0.0
98.6;140.5;3.6;0.0
98.8;141.2;3.6;0.0
104.0;143.7;2.9;0.0
24.7;144.9;0.9;0.0
8.2;145.4;0.0;0.0
8.2;145.7;0.0;0.0
8.2;146.2;0.0;0.0
8.2;146.4;0.2;0.0
8.2;146.9;0.4;0.0
8.2;147.9;1.0;0.0
0.0;148.9;3.6;0.0
8.2;149.4;1.0;0.0
8.2;150.8;3.4;0.0
8.2;151.2;0.2;0.0
24.7;151.6;0.0;0.0
0.0;151.6;3.2;0.0
8.2;152.1;5.2;0.0
8.1;153.7;4.6;0.0
8.2;155.9;7.1;0.0
8.2;158.9;6.8;0.0
8.2;161.2;5.8;0.0
0.0;164.3;5.0;0.0
8.2;165.5;3.7;0.0
0.0;165.5;0.0;0.0
0.0;165.5;0.1;0.0
0.0;165.5;0.0;0.0
16.3;165.5;1.9;0.0
0.0;165.5;0.0;0.0
0.0;165.5;0.2;0.0
0.0;165.5;0.0;0.0
0.0;165.5;6.0;0.0
0.0;165.5;0.0;0.0
0.0;165.5;0.3;0.0
0.0;165.5;0.0;0.0
0.0;165.5;1.8;0.0
0.0;165.5;1.0;0.0
0.0;165.5;1.5;0.0
0.0;165.5;0.0;0.0
0.0;165.5;0.3;0.0
0.0;165.5;0.0;0.0
0.0;165.7;1.3;0.0
0.0;165.7;1.2;0.0
0.0;165.7;0.9;0.0
0.0;165.7;0.6;0.0
0.0;165.7;0.0;0.0
0.0;165.7;0.3;0.0
0.0;165.7;0.0;0.0
0.0;165.7;1.5;0.0
0.0;165.7;0.0;0.0
0.0;165.7;1.5;0.0
0.0;165.7;0.5;0.0
0.0;165.7;0.9;0.0
0.0;165.7;0.0;0.0
0.0;166.0;1.4;0.0
0.0;166.0;1.2;0.0
0.0;166.0;0.7;0.0
0.0;166.0;0.9;0.0
0.0;166.0;0.6;0.0
0.0;166.0;0.3;0.0
0.0;166.0;0.0;0.0
0.0;166.0;0.3;0.0
0.0;166.0;0.8;0.0
0.0;166.0;0.4;0.0
0.0;166.0;1.0;0.0
0.0;166.0;0.6;0.0
0.0;166.0;0.9;0.0
0.0;166.0;1.0;0.0
0.0;166.0;0.0;0.0
0.0;166.0;0.1;0.0
0.0;166.0;0.0;0.0
0.0;166.0;1.2;0.0
0.0;166.0;0.0;0.0
0.0;166.3;0.8;0.0
0.0;166.3;0.0;0.0
0.0;166.3;0.8;0.0
0.0;166.3;0.0;0.0
0.0;166.3;2.0;0.0
0.0;166.3;0.5;0.0
0.0;166.3;0.0;0.0
0.0;169.7;0.6;0.0
8.2;169.5;0.0;0.0
16.5;170.1;0.4;0.0
0.0;170.4;0.0;0.0
8.2;170.4;0.0;0.0
7.9;170.4;0.0;0.0
8.1;170.4;0.0;0.0
8.1;171.1;0.0;0.0
8.2;171.1;0.0;0.0
8.1;171.1;0.0;0.0
8.2;171.1;0.0;0.0
8.1;171.1;0.0;0.0
8.2;171.1;0.0;0.0
8.2;171.3;0.0;0.0
8.1;171.3;0.0;0.0
8.0;171.3;0.0;0.0
8.2;171.3;0.0;0.0
8.0;171.3;0.0;0.0
8.1;171.3;0.0;0.0
8.2;171.3;0.0;0.0
8.1;171.3;0.0;0.0
8.2;171.3;0.0;0.0
8.2;171.4;0.0;0.0
16.4;171.4;0.0;0.0
8.2;171.4;0.0;0.0
8.1;171.4;0.0;0.0
8.2;171.4;0.0;0.0
8.1;171.4;0.0;0.0
8.2;171.4;0.0;0.0
8.1;171.4;0.0;0.0
8.2;171.4;0.0;0.0
8.1;171.4;0.0;0.0
8.2;171.4;0.0;0.0
16.3;171.4;0.0;0.0
8.1;171.4;0.0;0.0
8.2;171.8;0.0;0.0
8.1;171.8;0.0;0.0
8.2;171.8;0.0;0.0
16.4;171.8;0.0;0.0
8.2;171.8;0.0;0.0
8.1;171.8;0.0;0.0
8.2;171.8;0.0;0.0
8.1;171.8;0.0;0.0
8.2;171.8;0.0;0.0
8.1;171.8;0.0;0.0
16.4;171.8;0.0;0.0
8.2;171.8;0.0;0.0
8.1;171.8;0.0;0.0
8.2;171.8;0.0;0.0
8.3;172.3;0.0;0.0
8.2;172.3;0.0;0.0
8.2;172.6;0.0;0.0
8.1;172.6;0.0;0.0
8.2;172.6;0.0;0.0
16.2;172.6;0.3;0.0
0.0;172.6;0.0;0.0
0.0;172.6;0.1;0.0
0.0;172.6;0.0;0.0
0.0;172.6;1.9;0.0
0.0;172.6;0.0;0.0
0.0;172.6;0.2;0.0
0.0;172.6;0.0;0.0
0.0;172.6;7.1;0.0
0.0;172.6;0.0;0.0
0.0;172.6;0.7;0.0
0.0;172.6;0.0;0.0
0.0;172.6;2.1;0.0
0.0;172.6;0.1;0.0
0.0;172.6;1.4;0.0
0.0;172.6;0.0;0.0
0.0;172.6;1.3;0.0
0.0;172.6;0.5;0.0
0.0;172.6;0.8;0.0
0.0;172.7;0.6;0.0
8.2;172.7;0.0;0.0
8.1;172.7;0.0;0.0
8.2;172.7;0.0;0.0
8.1;172.7;0.0;0.0
8.2;172.7;0.0;0.0
8.1;172.7;0.0;0.0
8.2;172.7;0.0;0.0
16.3;172.7;0.0;0.0
8.2;172.7;0.0;0.0
8.1;172.7;0.0;0.0
8.2;172.7;0.0;0.0
8.1;172.7;0.0;0.0
8.2;172.7;0.0;0.0
8.0;172.7;0.0;0.0
8.1;172.7;0.0;0.0
8.2;172.7;0.0;0.0
8.1;172.7;0.0;0.0
8.2;172.7;0.0;0.0
8.1;172.7;0.0;0.0
8.2;172.7;0.0;0.0
8.3;172.7;0.0;0.0
8.2;172.7;0.0;0.0
16.4;172.7;0.0;0.0
8.2;172.7;0.0;0.0
8.3;172.7;0.0;0.0
8.2;172.7;0.0;0.0
8.1;172.7;0.0;0.0
8.2;172.7;0.0;0.0
56.7;179.1;0.0;0.0
99.0;179.1;0.0;0.0
99.1;179.1;0.1;0.0
90.7;179.6;1.0;0.0
98.5;179.6;0.0;0.0
98.4;179.6;0.0;0.0
90.5;179.6;0.0;0.0
99.0;179.6;0.2;0.0
90.6;179.6;0.0;0.0
98.7;179.6;0.0;0.0
90.5;179.6;3.7;0.0
90.0;179.6;0.0;0.0
0.0;179.6;0.0;0.0
0.0;179.6;0.8;0.0
0.0;179.6;3.9;0.0
0.0;179.6;0.7;0.0
0.0;179.6;0.0;0.0
0.0;179.6;0.2;0.0
0.0;179.6;2.1;0.0
0.0;179.6;1.7;0.0
0.0;179.8;2.7;0.0
0.0;179.8;1.2;0.0
0.0;179.8;0.0;0.0
0.0;179.8;0.2;0.0
0.0;180.1;4.2;0.0
0.0;180.1;3.9;0.0
0.0;180.1;0.8;0.0
0.0;180.1;0.0;0.0
0.0;180.8;0.3;0.0
16.4;181.4;2.2;0.0
98.9;181.9;0.0;0.0
98.9;182.2;0.3;0.0
90.6;182.7;0.1;0.0
110.0;183.0;2.1;0.0
106.9;183.0;0.1;0.0
89.2;183.0;1.7;0.0
98.9;183.2;3.9;0.0
98.8;183.2;1.7;0.0
107.2;183.2;0.5;0.0
98.8;183.2;0.0;0.0
90.5;183.2;0.0;0.0
99.0;183.2;0.0;0.0
107.0;183.2;0.0;0.0
98.9;184.1;0.4;0.0
98.9;188.3;0.0;0.0
99.0;184.9;0.0;0.0
115.4;185.1;0.0;0.0
98.8;183.6;0.1;0.0
98.8;183.6;0.0;0.0
107.2;183.6;0.0;0.0
99.0;183.6;0.0;0.0
107.2;183.6;0.0;0.0
99.0;183.6;0.0;0.0
98.6;184.7;0.0;0.0
98.9;185.3;0.0;0.0
99.2;185.3;0.0;0.0
99.1;185.3;0.0;0.0
99.0;185.3;0.0;0.0
98.8;185.3;0.0;0.0
93.2;185.3;0.0;0.0
40.6;185.3;0.0;0.0
8.2;186.1;0.0;0.0
8.2;186.3;0.0;0.0
8.1;186.3;0.0;0.0
8.2;186.3;0.0;0.0
8.2;186.8;0.0;0.0
8.1;186.8;0.0;0.0
8.2;186.8;0.0;0.0
8.1;186.8;0.0;0.0
8.2;186.8;0.0;0.0
8.2;187.1;0.0;0.0
8.1;187.1;0.0;0.0
8.3;187.1;0.0;0.0
8.2;187.1;0.0;0.0
8.1;187.1;0.0;0.0
8.2;187.1;0.0;0.0
8.1;187.1;0.0;0.0
8.2;187.1;0.0;0.0
0.0;184.7;0.3;4.0
8.2;184.7;0.0;0.0
8.2;186.2;0.0;0.0
0.0;215.4;16.9;0.0
8.2;215.4;69.6;0.0
8.2;215.4;82.2;0.0
8.2;215.6;74.9;0.0
8.3;215.6;77.9;0.0
8.2;215.6;87.1;0.0
8.2;215.6;81.1;0.0
8.2;215.6;75.7;0.0
8.2;215.6;25.8;0.0
8.2;216.0;19.7;0.0
8.2;216.0;32.3;0.0
8.2;216.0;33.1;0.0
8.2;216.0;36.0;0.0
8.2;216.0;41.5;0.0
8.1;216.0;32.7;0.0
8.2;216.0;36.9;0.0
8.2;216.0;44.7;0.0
8.2;216.0;35.0;0.0
8.2;216.0;28.6;0.0
16.5;216.0;40.2;0.0
8.2;216.0;38.2;0.0
8.2;216.0;44.9;0.0
8.2;216.0;32.7;0.0
8.2;216.0;36.0;0.0
8.2;216.0;36.1;0.0
8.1;216.0;34.5;0.0
8.2;216.0;30.2;0.0
8.2;216.0;36.0;0.0
8.2;216.0;42.1;0.0
8.1;216.0;37.1;0.0
8.2;216.0;28.6;0.0
8.2;216.0;33.5;0.0
8.2;216.0;43.4;0.0
8.2;216.0;44.7;0.0
8.2;216.0;40.0;0.0
8.2;216.0;42.2;0.0
8.2;216.0;38.2;0.0
8.2;222.1;40.8;0.0
24.7;246.8;1.0;0.0
0.0;247.0;0.6;0.0
8.2;247.0;0.0;0.0
8.3;247.0;0.0;0.0
8.2;247.0;0.0;0.0
8.1;247.0;0.0;0.0
8.2;247.0;0.0;0.0
8.1;247.0;0.2;68.0
8.2;247.0;0.0;0.0
8.1;247.0;0.2;64.0
8.2;247.0;0.0;0.0
8.2;247.0;0.2;64.0
8.2;247.0;0.0;0.0
8.1;247.0;0.0;0.0
8.2;247.0;0.0;0.0
8.0;247.0;0.2;64.0
8.2;247.0;0.0;0.0
8.2;247.0;0.2;64.0
16.4;247.0;0.0;0.0
8.1;247.0;0.0;0.0
8.2;247.0;0.0;0.0
16.4;216.6;0.3;64.0
0.0;216.6;0.0;0.0
8.2;216.6;0.0;0.0
8.1;216.6;0.0;0.0
8.2;216.6;0.0;0.0
8.2;216.7;0.0;0.0
8.2;186.1;0.0;0.0
0.0;0.0;0.0;0.0
16.4;0.0;0.0;0.0
0.0;0.0;0.0;0.0
