98.5;36.4;2.2;0.0
98.5;36.8;1.0;0.0
8.2;40.3;5.4;0.0
0.0;41.6;2.4;0.0
8.2;42.7;4.0;0.0
8.1;44.2;2.2;0.0
8.2;48.0;3.5;0.0
8.2;51.1;3.9;0.0
8.2;52.0;3.0;0.0
8.2;53.4;5.8;0.0
8.2;56.0;4.9;0.0
8.2;57.6;3.6;0.0
8.2;59.5;2.9;0.0
0.0;60.5;1.7;0.0
8.2;62.5;3.4;0.0
8.1;63.9;1.6;0.0
8.1;64.5;1.0;0.0
8.2;66.1;4.6;0.0
8.2;67.9;5.8;0.0
8.2;68.4;1.2;0.0
8.2;69.5;1.5;0.0
8.2;70.1;1.4;0.0
16.4;71.4;3.1;0.0
0.0;72.2;4.6;0.0
16.4;72.9;1.8;0.0
0.0;60.8;3.8;0.0
8.2;62.1;0.7;0.0
8.2;63.1;3.1;0.0
8.2;64.0;1.2;0.0
8.1;66.8;2.9;0.0
8.2;68.4;1.2;0.0
8.2;69.0;1.0;0.0
8.3;70.7;3.2;0.0
8.2;72.5;3.0;0.0
8.2;74.1;5.5;0.0
8.2;75.8;8.5;0.0
8.2;77.0;2.2;0.0
8.2;77.3;0.4;0.0
8.2;78.1;1.5;0.0
0.0;78.6;1.4;0.0
24.5;78.7;1.6;0.0
8.2;79.8;6.0;0.0
0.0;80.7;7.7;0.0
8.2;82.4;5.2;0.0
8.2;84.5;4.0;0.0
0.0;85.7;7.2;0.0
8.2;87.5;4.2;0.0
0.0;88.3;5.8;0.0
16.2;89.0;3.2;0.0
8.2;90.0;4.2;0.0
8.1;91.0;4.4;0.0
8.2;92.0;4.0;0.0
8.2;93.3;4.0;0.0
8.2;94.1;5.2;0.0
8.1;95.1;6.4;0.0
8.2;97.7;6.2;0.0
8.2;98.6;5.6;0.0
8.2;99.2;3.1;0.0
8.1;100.2;4.7;0.0
8.2;101.3;4.9;0.0
8.2;103.7;4.4;0.0
8.2;104.8;7.3;0.0
8.2;106.0;2.6;0.0
8.2;106.0;0.0;0.0
8.1;106.4;0.9;0.0
74.3;123.4;2.2;0.0
99.0;127.2;6.8;0.0
98.9;128.2;3.1;0.0
98.8;129.5;4.3;0.0
94.9;130.8;4.9;0.0
99.0;131.8;5.9;0.0
98.5;132.9;3.0;0.0
92.8;133.7;3.4;0.0
98.5;135.2;3.8;0.0
41.0;137.9;3.8;0.0
8.2;138.4;0.0;0.0
8.2;138.8;0.0;0.0
8.2;139.1;0.0;0.0
8.1;139.6;0.0;0.0
8.1;140.1;0.8;0.0
8.2;141.2;1.4;0.0
8.2;142.3;3.8;0.0
8.1;143.3;0.6;0.0
8.2;144.1;3.2;0.0
8.2;144.7;0.0;0.0
8.2;144.7;3.2;0.0
8.1;145.0;4.6;0.0
8.2;146.8;5.2;0.0
8.2;148.4;5.5;0.0
8.2;151.0;7.0;0.0
8.2;154.3;7.2;0.0
8.2;156.7;4.8;0.0
8.2;158.6;3.8;0.0
0.0;158.6;0.0;0.0
0.0;158.6;0.1;0.0
0.0;158.6;0.0;0.0
0.0;158.6;1.8;0.0
0.0;158.6;0.0;0.0
0.0;158.6;1.6;0.0
0.0;158.6;0.5;0.0
0.0;158.6;0.0;0.0
0.0;158.6;0.5;0.0
0.0;158.6;0.6;0.0
0.0;158.6;0.7;0.0
0.0;158.6;0.9;0.0
0.0;158.6;1.0;0.0
8.2;158.6;1.2;0.0
0.0;158.6;0.5;0.0
0.0;158.6;1.2;0.0
0.0;158.6;1.8;0.0
0.0;158.6;0.7;0.0
0.0;158.6;1.3;0.0
0.0;158.6;0.0;0.0
0.0;158.6;1.0;0.0
0.0;158.6;0.7;0.0
0.0;158.8;1.0;0.0
0.0;158.8;0.7;0.0
0.0;158.8;0.0;0.0
0.0;158.8;2.1;0.0
0.0;158.8;1.3;0.0
0.0;158.8;0.0;0.0
0.0;158.8;1.4;0.0
0.0;158.8;0.0;0.0
0.0;158.8;1.3;0.0
0.0;158.8;0.0;0.0
0.0;158.8;1.7;0.0
0.0;158.8;0.0;0.0
0.0;159.1;1.9;0.0
0.0;159.1;0.5;0.0
0.0;159.1;0.7;0.0
0.0;159.1;0.4;0.0
0.0;159.1;0.7;0.0
8.3;159.1;0.7;0.0
0.0;159.1;0.6;0.0
0.0;159.1;0.4;0.0
0.0;159.1;0.7;0.0
0.0;159.1;1.0;0.0
0.0;159.1;0.4;0.0
0.0;159.4;0.7;0.0
0.0;159.4;0.6;0.0
0.0;159.4;0.3;0.0
0.0;159.4;1.0;0.0
0.0;159.4;0.5;0.0
0.0;159.4;0.1;0.0
0.0;159.4;0.4;0.0
0.0;159.4;0.7;0.0
0.0;159.4;0.0;0.0
0.0;159.4;0.1;0.0
0.0;159.4;0.0;0.0
0.0;159.4;0.3;0.0
0.0;159.4;0.0;0.0
0.0;161.5;0.2;0.0
8.2;162.8;0.0;0.0
8.1;162.8;0.0;0.0
8.2;163.2;0.0;0.0
8.2;163.4;0.4;0.0
8.1;163.4;0.0;0.0
8.2;163.4;0.0;0.0
16.4;163.4;0.0;0.0
8.2;163.6;0.0;0.0
8.1;163.6;0.0;0.0
8.2;163.6;0.0;0.0
8.1;164.4;0.0;0.0
8.2;164.4;0.0;0.0
8.1;164.4;0.0;0.0
8.0;164.4;0.0;0.0
8.2;164.4;0.0;0.0
8.1;164.4;0.0;0.0
8.2;164.4;0.0;0.0
8.1;164.4;0.0;0.0
8.2;164.4;0.0;0.0
8.0;164.4;0.0;0.0
8.2;164.4;0.0;0.0
8.1;164.4;0.0;0.0
8.2;164.4;0.0;0.0
8.1;164.4;0.0;0.0
8.2;164.4;0.0;0.0
0.0;164.4;0.0;0.0
8.2;164.4;0.0;0.0
8.1;164.5;0.0;0.0
8.2;164.5;0.0;0.0
16.3;164.5;0.0;0.0
8.3;164.5;0.0;0.0
8.2;164.5;0.0;0.0
8.1;164.5;0.0;0.0
8.2;164.5;0.0;0.0
8.1;164.5;0.0;0.0
16.4;164.5;0.0;0.0
8.2;164.5;0.0;0.0
8.1;164.5;0.0;0.0
8.2;164.5;0.0;0.0
8.1;164.5;0.0;0.0
8.2;164.5;0.0;0.0
8.1;164.5;0.0;0.0
8.2;164.5;0.0;0.0
8.1;164.5;0.0;0.0
16.3;164.5;0.0;0.0
8.2;164.5;0.0;0.0
8.1;164.5;0.0;0.0
8.2;164.5;0.0;0.0
8.1;164.5;0.0;0.0
8.2;164.5;0.0;0.0
8.1;164.5;0.0;0.0
8.2;164.5;0.0;0.0
8.1;164.5;0.0;0.0
8.2;164.5;0.0;0.0
8.2;164.8;0.0;0.0
8.1;164.8;0.0;0.0
8.2;164.8;0.0;0.0
8.1;164.8;0.0;0.0
8.2;164.8;0.0;0.0
8.1;164.8;0.0;0.0
8.2;164.8;0.0;0.0
8.3;164.8;0.0;0.0
8.1;164.8;0.0;0.0
8.2;164.8;0.0;0.0
8.1;164.8;0.0;0.0
8.2;164.8;0.0;0.0
8.1;164.8;0.0;0.0
8.2;164.8;0.0;0.0
8.1;165.1;0.0;0.0
8.2;165.1;0.0;0.0
8.1;165.1;0.0;0.0
8.2;165.1;0.0;0.0
8.3;165.1;0.0;0.0
8.2;165.1;0.0;0.0
8.1;165.1;0.0;0.0
8.2;165.1;0.0;0.0
8.1;165.1;0.0;0.0
8.2;165.1;0.0;0.0
8.1;165.1;0.0;0.0
8.2;165.1;0.0;0.0
8.1;165.1;0.0;0.0
8.2;165.1;0.0;0.0
8.2;165.6;0.0;0.0
16.4;165.7;0.0;0.0
8.1;165.7;0.0;0.0
8.2;165.7;0.0;0.0
0.0;165.7;0.3;0.0
0.0;165.7;0.0;0.0
0.0;165.7;0.1;0.0
0.0;165.7;0.0;0.0
0.0;165.7;1.8;0.0
0.0;165.7;0.0;0.0
0.0;165.7;2.8;0.0
0.0;165.7;0.0;0.0
0.0;165.7;0.6;0.0
0.0;165.7;0.7;0.0
0.0;165.7;0.5;0.0
0.0;165.7;0.7;0.0
0.0;165.7;1.6;0.0
0.0;165.7;1.3;0.0
8.2;165.7;3.5;0.0
0.0;165.8;0.9;0.0
8.2;165.8;0.0;0.0
16.4;165.8;0.0;0.0
8.2;165.8;0.0;0.0
8.1;165.8;0.0;0.0
8.2;165.8;0.0;0.0
8.1;165.8;0.0;0.0
8.2;165.8;0.0;0.0
8.1;165.8;0.0;0.0
8.2;165.8;0.0;0.0
8.1;165.8;0.0;0.0
8.2;165.8;0.0;0.0
8.1;165.8;0.0;0.0
8.2;165.8;0.0;0.0
16.4;165.8;0.0;0.0
8.2;165.8;0.0;0.0
8.0;165.8;0.0;0.0
8.2;165.8;0.0;0.0
8.1;165.8;0.0;0.0
8.2;165.8;0.0;0.0
8.1;165.8;0.0;0.0
8.2;165.8;0.0;0.0
8.1;165.8;0.0;0.0
8.2;165.8;0.0;0.0
8.1;165.8;0.0;0.0
8.2;165.8;0.0;0.0
8.1;165.8;0.0;0.0
8.2;165.8;0.0;0.0
7.9;165.8;0.0;0.0
8.2;165.8;0.0;0.0
8.1;165.8;0.0;0.0
8.0;165.8;0.0;0.0
8.2;165.8;0.0;0.0
16.4;165.8;0.0;0.0
8.2;165.8;0.0;0.0
41.1;170.1;0.0;0.0
106.8;170.1;0.0;0.0
90.5;170.7;0.1;0.0
90.0;170.7;1.0;0.0
90.0;170.7;0.0;0.0
89.9;170.7;0.0;0.0
90.8;170.7;0.1;0.0
97.9;170.7;0.1;0.0
90.3;170.7;0.0;0.0
91.0;170.7;2.9;0.0
90.0;170.7;0.9;0.0
49.2;170.7;0.0;0.0
0.0;170.7;0.0;0.0
0.0;170.7;5.3;0.0
0.0;170.7;0.0;0.0
0.0;170.7;2.2;0.0
0.0;170.7;0.7;0.0
0.0;170.7;1.2;0.0
0.0;170.7;0.8;0.0
0.0;170.7;1.5;0.0
0.0;170.7;0.0;0.0
0.0;170.7;0.2;0.0
0.0;170.7;0.0;0.0
0.0;170.9;1.9;0.0
0.0;171.2;1.7;0.0
0.0;171.2;0.2;0.0
0.0;171.2;1.3;0.0
0.0;171.2;0.0;0.0
0.0;171.2;0.2;0.0
0.0;171.2;0.0;0.0
0.0;171.2;2.5;0.0
0.0;171.2;2.0;0.0
0.0;171.2;1.2;0.0
8.2;172.2;0.6;0.0
49.6;173.3;0.6;0.0
97.7;173.5;1.1;0.0
98.1;173.5;0.6;0.0
114.9;173.5;0.0;0.0
102.4;174.0;0.0;0.0
98.7;174.0;0.9;0.0
115.1;174.0;0.5;0.0
90.6;174.0;0.0;0.0
98.6;174.0;0.0;0.0
107.0;174.0;0.0;0.0
115.2;174.0;0.0;0.0
98.7;174.0;0.0;0.0
113.1;174.0;0.0;0.0
106.6;174.3;0.0;0.0
102.8;174.3;0.0;0.0
98.8;174.3;0.0;0.0
90.8;174.3;0.0;0.0
115.5;174.3;0.1;0.0
98.9;174.4;0.4;0.0
90.6;174.4;0.4;0.0
98.1;174.4;0.1;0.0
90.6;174.7;1.4;0.0
93.6;174.7;0.3;0.0
90.6;174.7;0.6;0.0
90.7;174.7;0.0;0.0
90.6;174.7;0.5;0.0
82.1;174.7;0.0;0.0
0.0;174.7;0.9;0.0
0.0;174.7;0.0;0.0
0.0;174.7;0.9;0.0
0.0;174.7;0.6;0.0
0.0;174.7;0.0;0.0
0.0;174.9;2.1;0.0
0.0;174.9;1.4;0.0
0.0;174.9;0.0;0.0
0.0;174.9;1.0;0.0
0.0;174.9;0.3;0.0
0.0;174.9;0.0;0.0
0.0;177.7;2.4;0.0
8.2;176.8;0.0;0.0
8.2;177.3;0.0;0.0
8.3;177.3;0.0;0.0
8.2;177.3;0.0;0.0
8.2;177.8;0.0;0.0
8.2;178.6;0.0;0.0
16.4;178.6;0.0;0.0
8.2;178.6;0.0;0.0
8.1;178.6;0.0;0.0
8.2;178.6;0.0;0.0
8.2;176.2;0.4;4.0
0.0;176.2;0.0;0.0
16.4;176.2;0.0;0.0
8.2;176.2;0.0;0.0
8.2;190.5;0.0;0.0
8.2;206.9;53.5;0.0
8.2;206.9;79.5;0.0
8.2;206.9;82.0;0.0
8.2;206.9;76.0;0.0
8.2;206.9;86.7;0.0
8.2;207.2;80.6;0.0
8.2;207.2;74.7;0.0
8.2;207.2;60.2;0.0
8.2;207.2;6.7;0.0
8.1;207.2;30.2;0.0
8.2;207.2;34.8;0.0
8.2;207.2;35.0;0.0
8.2;207.2;45.4;0.0
8.2;207.2;31.0;0.0
8.2;207.2;31.8;0.0
8.2;207.6;43.4;0.0
8.2;207.6;38.8;0.0
8.2;207.6;29.0;0.0
8.2;207.6;42.4;0.0
16.3;207.6;43.9;0.0
8.2;207.6;42.2;0.0
8.2;207.6;30.5;0.0
8.2;207.6;32.3;0.0
8.2;207.6;39.1;0.0
8.2;207.6;34.8;0.0
8.1;207.6;27.6;0.0
8.2;207.6;38.3;0.0
8.2;207.6;43.7;0.0
8.2;207.6;36.6;0.0
8.1;207.6;26.0;0.0
8.1;207.6;35.3;0.0
8.2;207.6;31.3;0.0
8.2;207.6;35.6;0.0
8.2;207.6;41.2;0.0
8.2;207.6;39.4;0.0
8.1;207.6;39.6;0.0
8.2;207.6;40.6;0.0
8.2;207.6;37.3;0.0
8.2;207.6;32.4;0.0
8.2;209.3;41.2;0.0
24.6;238.5;0.8;0.0
0.0;238.7;0.8;0.0
8.2;238.7;0.0;0.0
8.2;238.7;0.2;68.0
8.2;238.7;0.0;0.0
0.0;238.7;0.2;64.0
8.2;238.7;0.0;0.0
8.1;238.7;0.0;0.0
8.1;238.7;0.2;64.0
8.2;238.7;0.0;0.0
8.1;238.7;0.0;0.0
8.2;238.7;0.0;0.0
8.2;238.7;0.2;64.0
16.2;238.7;0.0;0.0
8.3;238.7;0.0;0.0
8.2;238.7;0.0;0.0
8.2;238.7;0.2;64.0
8.2;238.7;0.0;0.0
8.3;238.7;0.0;0.0
8.2;238.7;0.0;0.0
8.1;238.7;0.0;0.0
8.2;238.7;0.0;0.0
8.2;221.7;0.3;64.0
8.2;208.2;0.0;0.0
8.2;208.3;0.0;0.0
16.4;208.3;0.0;0.0
8.2;208.3;0.0;0.0
8.2;177.8;0.0;0.0
8.2;0.0;0.0;0.0
0.0;0.0;0.0;0.0
90.7;31.3;2.0;0.0
82.2;32.7;4.5;0.0
90.6;34.7;4.3;0.0
90.8;37.1;5.3;0.0
107.4;38.9;2.0;0.0
90.9;39.6;1.8;0.0
81.6;40.4;3.6;0.0
16.5;41.0;0.8;0.0
8.2;45.5;3.8;0.0
8.2;48.7;4.4;0.0
8.2;49.8;3.0;0.0
16.2;51.4;6.2;0.0
8.2;54.2;4.5;0.0
8.1;56.1;4.5;0.0
0.0;58.1;3.2;0.0
0.0;58.6;1.7;0.0
8.2;61.5;3.4;0.0
8.0;62.0;0.9;0.0
8.0;63.5;2.9;0.0
8.1;65.2;7.4;0.0
16.1;67.0;3.3;0.0
8.1;67.8;1.2;0.0
8.1;68.5;1.7;0.0
8.2;69.7;5.6;0.0
0.0;70.5;1.6;0.0
8.2;68.2;4.8;0.0
0.0;69.9;3.6;0.0
8.1;70.6;0.6;0.0
16.1;73.0;1.8;0.0
8.2;74.6;2.7;0.0
8.1;75.6;0.4;0.0
8.2;77.1;2.2;0.0
8.2;79.5;4.4;0.0
8.2;80.7;2.6;0.0
8.2;82.0;8.8;0.0
8.2;83.8;5.0;0.0
8.1;84.3;0.4;0.0
8.2;85.0;1.0;0.0
8.1;85.3;0.9;0.0
0.0;85.8;1.4;0.0
16.4;85.9;0.8;0.0
8.2;86.8;5.0;0.0
0.0;87.7;8.3;0.0
0.0;89.1;4.6;0.0
8.1;91.1;3.6;0.0
16.5;92.3;5.4;0.0
0.0;93.2;5.6;0.0
0.0;94.8;2.4;0.0
8.2;95.5;6.0;0.0
16.3;96.2;2.6;0.0
0.0;97.2;4.8;0.0
8.1;98.5;4.6;0.0
16.5;99.5;4.0;0.0
8.2;100.5;4.0;0.0
0.0;101.5;5.2;0.0
8.1;102.6;7.6;0.0
0.0;105.3;7.0;0.0
8.1;106.1;4.2;0.0
8.0;106.4;2.5;0.0
8.2;107.4;4.5;0.0
8.2;109.0;6.1;0.0
8.1;111.7;6.7;0.0
0.0;113.3;6.4;0.0
8.0;113.3;0.0;0.0
8.1;113.3;0.0;0.0
66.0;121.1;0.9;0.0
90.7;124.1;6.4;0.0
99.1;127.5;5.7;0.0
99.0;129.0;6.7;0.0
90.5;131.5;8.9;0.0
115.3;132.7;4.9;0.0
98.9;135.4;6.0;0.0
98.8;137.3;2.6;0.0
98.8;137.4;0.0;0.0
98.9;137.7;0.0;0.0
56.2;137.9;0.0;0.0
8.1;138.4;0.0;0.0
8.0;138.9;0.2;0.0
8.0;139.7;0.8;0.0
0.0;141.1;2.4;0.0
8.1;141.8;2.8;0.0
8.1;143.2;3.6;0.0
8.3;144.0;0.0;0.0
8.2;144.0;2.8;0.0
0.0;144.2;3.8;0.0
16.3;146.0;5.8;0.0
8.0;147.9;6.5;0.0
8.1;150.7;7.6;0.0
8.2;154.1;6.8;0.0
8.2;156.6;5.0;0.0
8.2;157.7;2.8;0.0
0.0;157.7;0.2;0.0
0.0;157.7;0.0;0.0
0.0;157.7;0.1;0.0
0.0;157.7;0.0;0.0
0.0;157.7;1.8;0.0
0.0;157.7;0.0;0.0
0.0;157.7;2.2;0.0
0.0;157.7;0.3;0.0
0.0;157.7;4.5;0.0
0.0;157.7;0.5;0.0
0.0;157.7;1.3;0.0
0.0;157.7;0.0;0.0
0.0;157.7;1.4;0.0
0.0;158.0;2.2;0.0
0.0;158.0;0.0;0.0
0.0;158.0;1.9;0.0
0.0;158.0;1.1;0.0
0.0;158.0;1.8;0.0
0.0;158.0;0.2;0.0
0.0;158.0;0.0;0.0
0.0;158.0;1.9;0.0
0.0;158.0;1.2;0.0
0.0;158.0;0.6;0.0
0.0;158.3;1.4;0.0
0.0;158.3;1.2;0.0
0.0;158.3;0.9;0.0
0.0;158.3;1.4;0.0
0.0;158.3;0.3;0.0
0.0;158.3;0.0;0.0
8.2;158.6;6.0;0.0
0.0;158.6;0.8;0.0
0.0;158.6;1.2;0.0
0.0;158.6;1.5;0.0
0.0;161.0;0.0;0.0
8.2;162.0;0.0;0.0
16.4;162.5;0.4;0.0
8.2;162.7;0.0;0.0
8.1;162.7;0.0;0.0
8.0;162.7;0.0;0.0
8.2;162.7;0.0;0.0
8.1;162.7;0.0;0.0
8.0;162.7;0.0;0.0
8.1;162.7;0.0;0.0
8.2;162.7;0.0;0.0
8.0;162.7;0.0;0.0
8.2;163.4;0.0;0.0
8.1;163.4;0.0;0.0
16.3;163.4;0.0;0.0
8.2;163.4;0.0;0.0
8.1;163.4;0.0;0.0
8.2;163.4;0.0;0.0
8.1;163.4;0.0;0.0
8.2;163.4;0.0;0.0
8.1;163.4;0.0;0.0
8.2;163.6;0.0;0.0
8.1;163.6;0.0;0.0
8.2;163.6;0.0;0.0
8.1;163.6;0.0;0.0
8.0;163.6;0.0;0.0
8.2;163.6;0.0;0.0
8.1;163.6;0.0;0.0
8.2;163.6;0.0;0.0
16.5;163.6;0.0;0.0
8.2;163.6;0.0;0.0
8.0;163.6;0.0;0.0
8.2;163.6;0.0;0.0
8.1;163.6;0.0;0.0
8.2;163.6;0.0;0.0
8.1;163.6;0.0;0.0
8.2;163.6;0.0;0.0
8.1;163.6;0.0;0.0
8.0;163.6;0.0;0.0
8.1;163.6;0.0;0.0
8.2;163.6;0.0;0.0
8.1;163.6;0.0;0.0
8.2;163.6;0.0;0.0
8.0;163.6;0.0;0.0
8.1;163.6;0.0;0.0
8.0;163.6;0.0;0.0
8.1;163.6;0.0;0.0
8.2;163.6;0.0;0.0
8.1;163.6;0.0;0.0
8.0;163.6;0.0;0.0
8.1;163.6;0.0;0.0
8.2;163.6;0.0;0.0
8.1;163.6;0.0;0.0
8.2;163.6;0.0;0.0
8.1;163.6;0.0;0.0
8.0;163.6;0.0;0.0
8.2;163.6;0.0;0.0
8.1;163.6;0.0;0.0
8.2;163.6;0.0;0.0
8.2;164.0;0.0;0.0
8.1;164.0;0.0;0.0
8.2;164.0;0.0;0.0
8.1;164.0;0.0;0.0
16.2;164.0;0.0;0.0
8.2;164.0;0.0;0.0
8.1;164.0;0.0;0.0
8.2;164.0;0.0;0.0
8.1;164.0;0.0;0.0
8.2;164.0;0.0;0.0
8.1;164.0;0.0;0.0
8.2;164.0;0.0;0.0
8.1;164.0;0.0;0.0
8.2;164.0;0.0;0.0
8.0;164.0;0.0;0.0
8.2;164.0;0.0;0.0
8.0;164.0;0.0;0.0
8.1;164.0;0.0;0.0
16.0;164.0;0.0;0.0
8.2;164.0;0.0;0.0
8.0;164.0;0.0;0.0
8.1;164.0;0.0;0.0
8.0;164.0;0.0;0.0
8.1;164.0;0.0;0.0
8.2;164.0;0.0;0.0
8.1;164.0;0.0;0.0
8.2;164.0;0.0;0.0
8.1;164.0;0.0;0.0
8.2;164.0;0.0;0.0
8.0;164.0;0.0;0.0
8.1;164.0;0.0;0.0
8.2;164.0;0.0;0.0
16.0;164.0;0.0;0.0
8.1;164.0;0.0;0.0
8.2;164.0;0.0;0.0
8.1;164.0;0.0;0.0
8.2;164.0;0.0;0.0
8.0;164.0;0.0;0.0
8.2;164.0;0.0;0.0
8.1;164.0;0.0;0.0
8.0;164.6;0.0;0.0
8.2;164.6;0.0;0.0
8.1;164.8;0.0;0.0
8.0;164.8;0.0;0.0
8.2;164.8;0.3;0.0
8.1;164.8;0.0;0.0
0.0;164.8;0.0;0.0
0.0;164.8;0.1;0.0
0.0;164.8;0.0;0.0
0.0;164.8;1.8;0.0
0.0;164.8;0.0;0.0
0.0;164.8;0.2;0.0
0.0;164.8;5.9;0.0
0.0;164.8;1.2;0.0
0.0;164.8;0.0;0.0
0.0;164.8;0.5;0.0
0.0;164.8;0.0;0.0
0.0;164.8;2.1;0.0
0.0;164.8;0.8;0.0
0.0;164.8;0.2;0.0
0.0;164.8;0.0;0.0
0.0;164.8;1.8;0.0
0.0;164.8;1.1;0.0
0.0;164.9;0.9;0.0
8.2;164.9;0.0;0.0
8.0;164.9;0.0;0.0
16.0;164.9;0.0;0.0
8.1;164.9;0.0;0.0
8.2;164.9;0.0;0.0
8.1;164.9;0.0;0.0
8.2;164.9;0.0;0.0
8.1;164.9;0.0;0.0
8.0;164.9;0.0;0.0
8.2;164.9;0.0;0.0
8.0;164.9;0.0;0.0
8.2;164.9;0.0;0.0
8.0;164.9;0.0;0.0
8.2;164.9;0.0;0.0
8.0;164.9;0.0;0.0
8.1;164.9;0.0;0.0
8.2;164.9;0.0;0.0
8.0;164.9;0.0;0.0
8.2;164.9;0.0;0.0
8.1;164.9;0.0;0.0
16.4;164.9;0.0;0.0
8.1;164.9;0.0;0.0
8.0;164.9;0.0;0.0
8.1;164.9;0.0;0.0
8.2;164.9;0.0;0.0
8.1;164.9;0.0;0.0
8.2;164.9;0.0;0.0
8.1;164.9;0.0;0.0
8.2;164.9;0.0;0.0
8.1;164.9;0.0;0.0
8.0;164.9;0.0;0.0
8.1;164.9;0.0;0.0
8.2;164.9;0.0;0.0
16.3;164.9;0.0;0.0
8.2;164.9;0.0;0.0
8.1;164.9;0.0;0.0
8.2;164.9;0.0;0.0
8.3;164.9;0.0;0.0
8.2;164.9;0.0;0.0
8.1;164.9;0.0;0.0
8.2;164.9;0.0;0.0
8.0;164.9;0.0;0.0
8.1;164.9;0.0;0.0
8.2;164.9;0.0;0.0
8.0;164.9;0.0;0.0
8.2;164.9;0.0;0.0
16.0;164.9;0.0;0.0
8.2;164.9;0.0;0.0
24.6;169.3;0.0;0.0
90.8;171.3;0.0;0.0
107.1;171.8;0.7;0.0
90.4;171.8;0.4;0.0
90.1;171.8;0.0;0.0
98.2;171.8;0.0;0.0
90.4;171.8;0.2;0.0
90.4;171.8;0.0;0.0
90.6;171.8;0.0;0.0
82.1;171.8;3.6;0.0
90.5;171.8;0.0;0.0
90.6;171.8;0.0;0.0
16.4;171.8;0.0;0.0
0.0;171.8;0.0;0.0
0.0;171.8;1.4;0.0
0.0;171.8;1.0;0.0
0.0;171.8;0.1;0.0
0.0;171.8;0.0;0.0
0.0;171.8;0.1;0.0
0.0;171.8;0.2;0.0
0.0;171.8;2.9;0.0
0.0;171.8;1.2;0.0
8.2;171.8;1.1;0.0
0.0;172.1;1.9;0.0
0.0;172.1;0.0;0.0
0.0;172.1;0.4;0.0
0.0;172.1;0.3;0.0
0.0;172.1;0.0;0.0
0.0;172.4;1.6;0.0
0.0;172.4;1.1;0.0
0.0;172.4;1.0;0.0
0.0;172.4;1.8;0.0
0.0;172.4;1.0;0.0
0.0;173.1;1.2;0.0
16.5;173.7;0.6;0.0
90.6;174.5;0.7;0.0
107.1;174.5;0.0;0.0
99.6;174.5;0.0;0.0
98.9;174.5;0.0;0.0
98.6;174.5;1.3;0.0
90.4;174.5;0.3;0.0
91.7;174.7;0.7;0.0
98.4;174.7;0.0;0.0
97.5;174.7;0.3;0.0
98.6;174.7;0.7;0.0
107.2;174.7;1.1;0.0
98.9;174.7;1.2;0.0
82.4;174.8;0.0;0.0
90.8;174.8;0.9;0.0
90.4;174.8;0.8;0.0
90.8;174.8;0.4;0.0
99.0;174.8;0.3;0.0
90.5;175.0;0.5;0.0
98.9;175.0;0.6;0.0
90.8;175.0;0.3;0.0
90.7;175.0;0.8;0.0
81.4;175.0;0.0;0.0
0.0;177.1;2.1;0.0
8.1;176.9;0.0;0.0
8.1;177.5;0.0;0.0
8.2;177.5;0.0;0.0
8.1;177.5;0.0;0.0
8.0;178.0;0.0;0.0
8.2;178.0;0.0;0.0
8.1;178.0;0.0;0.0
16.1;178.0;0.0;0.0
8.2;178.0;0.0;0.0
8.2;178.7;0.0;0.0
8.1;178.7;0.0;0.0
8.2;178.7;0.0;0.0
8.1;178.7;0.0;0.0
8.2;178.7;0.0;0.0
8.1;178.7;0.0;0.0
8.2;178.7;0.0;0.0
8.1;178.7;0.0;0.0
8.0;178.7;0.0;0.0
8.2;178.7;0.0;0.0
8.0;178.7;0.0;0.0
8.2;178.7;0.0;0.0
8.1;178.7;0.0;0.0
8.2;178.7;0.0;0.0
8.0;178.7;0.0;0.0
8.3;178.7;0.0;0.0
8.2;178.7;0.0;0.0
0.0;176.3;0.4;4.0
8.1;176.3;0.0;0.0
8.1;176.4;0.0;0.0
8.2;187.9;0.0;0.0
8.1;207.1;60.6;0.0
8.0;207.1;97.7;0.0
8.1;207.2;90.3;0.0
8.2;207.2;68.9;0.0
8.2;207.2;73.8;0.0
8.0;207.2;93.9;0.0
8.1;207.2;37.3;0.0
8.1;207.4;19.7;0.0
8.1;207.4;37.8;0.0
8.2;207.4;27.6;0.0
16.1;207.4;43.7;0.0
8.1;207.4;39.3;0.0
8.0;207.4;39.8;0.0
8.2;207.4;29.6;0.0
8.1;207.4;44.2;0.0
8.1;207.4;44.4;0.0
8.2;207.4;34.6;0.0
8.2;207.4;40.8;0.0
8.1;207.4;32.0;0.0
8.1;207.4;50.4;0.0
8.2;207.4;44.7;0.0
8.1;207.4;33.0;0.0
8.2;207.4;42.3;0.0
8.2;207.4;45.8;0.0
8.1;207.4;33.2;0.0
8.1;207.4;41.8;0.0
8.2;207.4;39.8;0.0
8.1;207.4;38.4;0.0
8.2;207.4;34.4;0.0
8.2;207.4;46.6;0.0
8.2;207.4;40.2;0.0
8.2;207.4;38.8;0.0
8.1;207.4;39.8;0.0
16.3;207.4;43.0;0.0
8.2;207.4;46.9;0.0
8.2;211.5;41.2;0.0
8.1;238.7;1.2;0.0
8.2;238.7;0.4;0.0
8.2;238.7;0.0;0.0
8.3;238.7;0.0;0.0
8.1;238.7;0.0;0.0
8.2;238.7;0.0;0.0
8.1;238.7;0.0;0.0
8.0;238.7;0.0;0.0
8.2;238.7;0.0;0.0
8.2;238.7;0.2;68.0
7.0;238.7;0.0;0.0
8.2;238.7;0.0;0.0
8.1;238.7;0.2;64.0
8.1;238.7;0.0;0.0
8.2;238.7;0.0;0.0
8.3;238.7;0.0;0.0
8.2;238.7;0.2;64.0
8.2;238.7;0.0;0.0
8.0;238.7;0.0;0.0
8.2;238.7;0.0;0.0
8.1;238.7;0.0;0.0
8.1;238.7;0.2;64.0
8.2;238.7;0.0;0.0
8.1;238.7;0.0;0.0
8.0;238.7;0.2;64.0
8.2;238.7;0.0;0.0
7.8;238.7;0.0;0.0
8.2;238.7;0.0;0.0
8.2;238.7;0.3;64.0
8.2;208.3;0.0;0.0
8.2;208.4;0.0;0.0
15.7;208.4;0.0;0.0
8.2;208.4;0.0;0.0
8.0;208.4;0.0;0.0
8.2;208.4;0.0;0.0
8.1;208.4;0.0;0.0
8.2;208.4;0.0;0.0
8.0;177.8;0.0;0.0
8.1;0.0;0.0;0.0
0.0;0.0;0.0;0.0
39.7;23.4;2.7;0.0
97.8;25.4;1.6;0.0
98.7;26.2;2.4;0.0
97.0;26.7;1.4;0.0
98.4;27.0;0.4;0.0
98.8;27.7;3.4;0.0
98.9;28.6;2.9;0.0
97.5;30.5;4.0;0.0
82.4;31.9;3.9;0.0
90.6;34.1;2.1;0.0
49.1;35.3;2.2;0.0
8.2;36.4;4.6;0.0
8.2;38.0;1.6;0.0
8.2;41.8;3.7;0.0
0.0;44.9;4.1;0.0
8.1;45.8;2.0;0.0
8.2;46.9;5.1;0.0
8.2;48.4;4.3;0.0
8.1;50.6;3.9;0.0
8.0;52.5;3.3;0.0
0.0;54.0;2.6;0.0
8.2;54.8;1.5;0.0
8.2;56.3;2.0;0.0
8.2;57.5;1.4;0.0
8.2;57.9;0.7;0.0
8.1;58.3;0.5;0.0
8.1;59.9;3.0;0.0
8.2;61.2;6.6;0.0
8.2;62.7;3.5;0.0
8.3;63.4;1.0;0.0
8.1;64.4;1.7;0.0
0.0;65.4;2.8;0.0
8.1;66.0;3.8;0.0
8.2;57.8;4.6;0.0
0.0;59.1;1.6;0.0
8.0;60.7;3.2;0.0
24.1;62.3;1.5;0.0
0.0;64.4;3.0;0.0
8.2;65.6;0.8;0.0
8.2;67.0;1.6;0.0
8.2;69.5;5.0;0.0
8.1;70.4;1.6;0.0
8.2;71.8;9.0;0.0
7.9;73.8;5.8;0.0
8.2;74.6;0.4;0.0
8.2;75.1;1.4;0.0
8.2;75.9;1.9;0.0
8.2;75.9;0.0;0.0
8.2;76.6;4.2;0.0
0.0;77.3;5.6;0.0
8.2;78.2;6.5;0.0
8.2;81.2;4.4;0.0
8.2;81.9;5.0;0.0
8.2;82.7;5.5;0.0
0.0;84.6;3.5;0.0
8.2;85.5;5.6;0.0
8.2;86.2;3.6;0.0
8.2;87.2;5.2;0.0
0.0;88.4;4.4;0.0
16.4;89.5;4.2;0.0
8.2;90.6;3.4;0.0
8.2;91.2;3.6;0.0
0.0;92.2;7.0;0.0
8.1;95.0;7.2;0.0
8.1;95.9;5.8;0.0
8.1;96.4;2.9;0.0
8.0;97.3;5.1;0.0
8.2;98.7;4.9;0.0
8.1;101.5;7.3;0.0
0.0;102.4;6.4;0.0
8.2;103.3;0.6;0.0
8.1;103.3;0.0;0.0
32.8;109.5;1.3;0.0
74.2;111.6;4.9;0.0
99.0;114.9;5.7;0.0
98.8;116.1;2.8;0.0
98.8;117.3;6.4;0.0
98.9;119.5;7.9;0.0
98.9;120.9;4.9;0.0
98.8;123.0;4.4;0.0
98.9;125.3;3.8;0.0
98.9;125.5;0.0;0.0
81.7;125.9;0.0;0.0
32.3;126.2;0.0;0.0
8.2;126.4;0.0;0.0
8.2;126.9;0.2;0.0
8.2;127.4;0.6;0.0
8.1;128.9;2.0;0.0
8.2;129.7;3.4;0.0
8.1;131.2;3.4;0.0
8.1;131.5;0.2;0.0
0.0;132.0;0.0;0.0
8.1;132.2;3.2;0.0
8.1;132.5;5.8;0.0
8.0;134.3;4.0;0.0
8.0;137.0;8.9;0.0
8.1;139.6;7.2;0.0
0.0;142.9;5.6;0.0
16.5;145.0;5.1;0.0
0.0;145.8;1.5;0.0
0.0;145.8;0.0;0.0
0.0;145.8;0.1;0.0
0.0;145.8;0.0;0.0
0.0;145.8;1.8;0.0
0.0;145.8;0.0;0.0
8.2;145.8;3.3;0.0
0.0;145.8;4.6;0.0
0.0;145.8;0.0;0.0
0.0;145.8;1.9;0.0
0.0;145.8;4.1;0.0
0.0;145.8;0.2;0.0
0.0;145.8;0.5;0.0
0.0;145.8;0.0;0.0
0.0;145.8;0.6;0.0
0.0;146.1;4.1;0.0
0.0;146.1;1.4;0.0
0.0;146.1;0.0;0.0
0.0;146.1;4.7;0.0
0.0;146.1;0.0;0.0
0.0;146.3;3.3;0.0
8.2;146.3;5.8;0.0
0.0;146.3;0.8;0.0
0.0;146.6;0.9;0.0
0.0;150.2;3.1;0.0
0.0;149.9;0.0;0.0
8.2;150.4;0.0;0.0
15.9;150.4;0.0;0.0
8.2;150.4;0.0;0.0
8.0;150.9;0.4;0.0
8.0;150.9;0.0;0.0
8.1;150.9;0.0;0.0
8.2;150.9;0.0;0.0
8.0;150.9;0.0;0.0
8.2;150.9;0.0;0.0
8.2;151.6;0.0;0.0
16.3;151.6;0.0;0.0
8.2;151.6;0.0;0.0
8.1;151.6;0.0;0.0
8.2;151.6;0.0;0.0
16.2;151.6;0.0;0.0
8.2;151.6;0.0;0.0
8.0;151.6;0.0;0.0
8.2;151.6;0.0;0.0
8.1;151.6;0.0;0.0
8.0;151.6;0.0;0.0
8.2;151.9;0.0;0.0
8.1;151.9;0.0;0.0
8.2;151.9;0.0;0.0
8.1;151.9;0.0;0.0
8.2;151.9;0.0;0.0
8.1;151.9;0.0;0.0
8.0;151.9;0.0;0.0
8.2;151.9;0.0;0.0
8.0;151.9;0.0;0.0
8.2;151.9;0.0;0.0
8.1;151.9;0.0;0.0
8.2;151.9;0.0;0.0
16.5;151.9;0.0;0.0
8.2;151.9;0.0;0.0
8.1;151.9;0.0;0.0
8.2;151.9;0.0;0.0
8.2;152.2;0.0;0.0
0.0;152.2;0.0;0.0
8.2;152.2;0.0;0.0
8.1;152.2;0.0;0.0
8.2;152.2;0.0;0.0
8.1;152.2;0.0;0.0
8.2;152.2;0.0;0.0
8.1;152.2;0.0;0.0
8.2;152.2;0.0;0.0
8.1;152.2;0.0;0.0
8.2;152.2;0.0;0.0
8.2;152.4;0.0;0.0
8.1;152.4;0.0;0.0
8.2;152.4;0.0;0.0
8.0;152.4;0.0;0.0
8.2;152.4;0.0;0.0
8.1;152.4;0.0;0.0
8.2;152.4;0.0;0.0
8.0;152.4;0.0;0.0
8.2;152.4;0.0;0.0
8.1;152.4;0.0;0.0
8.2;152.4;0.0;0.0
8.1;152.4;0.0;0.0
8.2;152.4;0.0;0.0
16.3;152.4;0.0;0.0
8.2;152.4;0.0;0.0
8.3;152.4;0.0;0.0
8.1;152.4;0.0;0.0
8.0;152.4;0.0;0.0
8.2;152.4;0.0;0.0
8.1;152.4;0.0;0.0
8.2;152.4;0.0;0.0
8.1;152.4;0.0;0.0
8.2;152.4;0.0;0.0
8.1;152.4;0.0;0.0
8.2;152.4;0.0;0.0
8.0;152.4;0.0;0.0
8.2;152.4;0.0;0.0
8.0;152.4;0.0;0.0
8.2;152.4;0.0;0.0
8.1;152.4;0.0;0.0
8.2;152.4;0.0;0.0
8.0;152.4;0.0;0.0
8.1;152.4;0.0;0.0
8.3;152.4;0.0;0.0
8.1;152.4;0.0;0.0
8.2;152.4;0.0;0.0
8.0;152.4;0.0;0.0
8.1;152.4;0.0;0.0
8.2;152.4;0.0;0.0
8.0;152.4;0.0;0.0
8.1;152.4;0.0;0.0
8.2;152.4;0.0;0.0
8.1;152.4;0.0;0.0
8.2;152.4;0.0;0.0
8.1;152.4;0.0;0.0
8.2;152.4;0.0;0.0
8.1;152.4;0.0;0.0
8.2;152.4;0.0;0.0
8.1;152.4;0.0;0.0
8.0;152.4;0.0;0.0
8.1;152.4;0.0;0.0
8.2;152.4;0.0;0.0
8.1;152.4;0.0;0.0
8.2;152.4;0.0;0.0
8.0;152.8;0.0;0.0
16.1;152.8;0.0;0.0
8.2;153.1;0.0;0.0
0.0;153.1;0.3;0.0
0.0;153.1;0.0;0.0
8.2;153.1;0.1;0.0
0.0;153.1;0.0;0.0
0.0;153.1;1.4;0.0
0.0;153.1;0.4;0.0
0.0;153.1;0.0;0.0
0.0;153.1;0.2;0.0
0.0;153.1;0.0;0.0
0.0;153.1;4.1;0.0
0.0;153.1;0.0;0.0
0.0;153.1;0.4;0.0
0.0;153.1;0.0;0.0
0.0;153.1;1.5;0.0
0.0;153.1;1.4;0.0
0.0;153.1;0.0;0.0
0.0;153.1;1.5;0.0
0.0;156.3;1.8;0.0
8.2;153.2;0.0;0.0
8.0;153.2;0.0;0.0
8.2;153.2;0.0;0.0
8.0;153.2;0.0;0.0
8.1;153.2;0.0;0.0
8.2;153.2;0.0;0.0
8.1;153.2;0.0;0.0
8.2;153.2;0.0;0.0
8.0;153.2;0.0;0.0
8.2;153.2;0.0;0.0
8.1;153.2;0.0;0.0
8.2;153.2;0.0;0.0
8.1;153.2;0.0;0.0
8.2;153.2;0.0;0.0
8.0;153.2;0.0;0.0
8.2;153.2;0.0;0.0
16.0;153.2;0.0;0.0
8.1;153.2;0.0;0.0
8.0;153.2;0.0;0.0
8.2;153.2;0.0;0.0
8.0;153.2;0.0;0.0
8.2;153.2;0.0;0.0
8.1;153.2;0.0;0.0
8.0;153.2;0.0;0.0
8.2;153.2;0.0;0.0
8.0;153.2;0.0;0.0
8.1;153.2;0.0;0.0
8.0;153.2;0.0;0.0
8.1;153.2;0.0;0.0
8.2;153.2;0.0;0.0
16.3;153.2;0.0;0.0
8.2;153.2;0.0;0.0
8.0;153.2;0.0;0.0
8.2;153.2;0.0;0.0
8.0;153.2;0.0;0.0
8.1;153.2;0.0;0.0
8.2;153.2;0.0;0.0
8.1;153.2;0.0;0.0
8.2;153.2;0.0;0.0
8.0;153.2;0.0;0.0
8.1;153.2;0.0;0.0
8.2;153.2;0.0;0.0
8.1;153.2;0.0;0.0
8.0;153.2;0.0;0.0
8.1;153.2;0.0;0.0
8.2;153.2;0.0;0.0
8.0;153.2;0.0;0.0
8.1;153.2;0.0;0.0
8.0;153.2;0.0;0.0
8.1;153.2;0.0;0.0
8.2;153.2;0.0;0.0
8.0;153.2;0.0;0.0
8.2;153.2;0.0;0.0
7.8;153.2;0.0;0.0
8.1;153.2;0.0;0.0
24.6;163.5;0.0;0.0
90.8;167.5;0.0;0.0
99.4;168.1;0.7;0.0
90.4;168.1;0.4;0.0
90.3;168.1;0.0;0.0
90.5;168.1;0.0;0.0
90.9;168.1;0.2;0.0
90.4;168.1;0.0;0.0
90.6;168.1;0.0;0.0
98.2;168.1;2.3;0.0
98.2;168.1;1.4;0.0
73.6;168.1;0.0;0.0
0.0;168.1;0.2;0.0
0.0;168.1;0.0;0.0
0.0;168.1;2.2;0.0
0.0;168.1;2.5;0.0
0.0;168.1;0.0;0.0
0.0;168.1;0.2;0.0
0.0;168.1;0.0;0.0
8.2;168.1;3.1;0.0
0.0;168.1;0.0;0.0
0.0;168.1;3.1;0.0
0.0;168.4;1.1;0.0
0.0;168.4;0.5;0.0
0.0;168.7;2.1;0.0
0.0;168.7;2.0;0.0
8.2;168.7;2.2;0.0
0.0;168.7;1.8;0.0
0.0;168.7;1.7;0.0
0.0;172.6;1.4;0.0
16.5;170.2;0.7;0.0
98.9;172.9;0.0;0.0
98.8;172.9;1.5;0.0
99.0;173.5;1.0;0.0
99.1;173.5;0.1;0.0
99.0;173.5;0.2;0.0
99.0;173.5;0.0;0.0
107.1;173.7;0.7;0.0
90.8;173.7;1.0;0.0
98.8;173.7;0.0;0.0
115.7;173.7;0.4;0.0
82.5;173.7;0.7;0.0
115.6;174.0;0.8;0.0
90.9;174.0;0.3;0.0
99.0;174.0;0.5;0.0
98.9;174.2;1.7;0.0
90.5;174.3;0.5;0.0
99.0;174.3;0.8;0.0
90.5;174.3;0.3;0.0
90.5;179.3;1.0;0.0
98.9;176.2;0.0;0.0
107.2;176.7;0.0;0.0
99.0;176.7;0.0;0.0
98.9;176.7;0.0;0.0
65.4;176.7;0.0;0.0
8.1;177.2;0.0;0.0
8.2;177.2;0.0;0.0
8.1;177.2;0.0;0.0
8.2;177.2;0.0;0.0
8.0;177.2;0.0;0.0
8.1;177.2;0.0;0.0
8.1;178.0;0.0;0.0
8.0;178.0;0.0;0.0
8.1;178.0;0.0;0.0
8.2;178.0;0.0;0.0
8.1;178.0;0.0;0.0
8.2;178.0;0.0;0.0
8.1;178.0;0.0;0.0
8.2;178.0;0.0;0.0
16.4;178.0;0.0;0.0
8.2;178.0;0.0;0.0
8.1;178.0;0.0;0.0
8.0;178.0;0.0;0.0
8.2;178.0;0.0;0.0
8.1;178.0;0.0;0.0
8.2;178.0;0.0;0.0
8.1;178.0;0.0;0.0
0.0;175.6;0.4;4.0
8.2;175.6;0.0;0.0
8.2;175.7;0.0;0.0
8.1;206.4;2.0;0.0
8.1;206.4;86.3;0.0
8.2;206.4;82.8;0.0
8.1;206.5;80.5;0.0
8.2;206.5;84.8;0.0
16.4;206.5;81.8;0.0
8.2;206.5;75.7;0.0
8.2;206.5;76.4;0.0
8.2;206.5;22.9;0.0
8.2;206.8;19.7;0.0
8.2;206.8;39.0;0.0
8.1;206.8;26.4;0.0
8.2;206.8;41.0;0.0
8.2;206.8;37.6;0.0
8.2;206.8;32.8;0.0
8.2;206.8;32.2;0.0
8.1;206.8;41.9;0.0
8.1;206.8;43.3;0.0
8.1;206.8;33.2;0.0
8.2;206.8;41.6;0.0
8.1;206.8;47.2;0.0
8.0;206.8;37.0;0.0
8.2;206.8;28.0;0.0
8.2;206.8;38.9;0.0
8.2;206.8;34.5;0.0
8.1;206.8;36.0;0.0
8.2;206.8;41.4;0.0
8.1;206.8;34.0;0.0
8.2;206.8;45.5;0.0
8.1;206.8;33.1;0.0
8.0;206.8;36.5;0.0
8.2;206.8;33.5;0.0
8.1;206.8;51.8;0.0
8.0;206.8;40.8;0.0
8.2;206.8;49.7;0.0
8.2;206.8;44.4;0.0
8.2;206.8;45.5;0.0
8.2;206.8;39.2;0.0
8.2;220.8;31.7;0.0
8.2;238.0;1.6;0.0
8.3;238.0;0.0;0.0
8.1;238.0;0.0;0.0
8.0;238.0;0.0;0.0
8.2;238.0;0.0;0.0
8.1;238.0;0.0;0.0
8.2;238.0;0.0;0.0
8.1;238.0;0.0;0.0
8.2;238.0;0.0;0.0
7.9;238.0;0.2;68.0
8.3;238.0;0.0;0.0
8.2;238.0;0.0;0.0
8.1;238.0;0.2;64.0
7.9;238.0;0.0;0.0
8.2;238.0;0.0;0.0
8.2;238.0;0.2;64.0
8.3;238.0;0.0;0.0
8.2;238.0;0.0;0.0
8.0;238.0;0.2;64.0
8.2;238.0;0.0;0.0
8.1;238.0;0.0;0.0
8.0;238.0;0.2;64.0
8.2;238.0;0.0;0.0
8.0;238.0;0.0;0.0
8.2;238.0;0.0;0.0
8.1;238.0;0.0;0.0
8.2;238.0;0.0;0.0
8.1;238.0;0.0;0.0
8.2;207.6;0.3;64.0
8.2;207.6;0.0;0.0
8.0;207.6;0.0;0.0
8.2;207.6;0.0;0.0
8.0;207.6;0.0;0.0
8.1;207.6;0.0;0.0
8.2;207.6;0.0;0.0
8.1;207.6;0.0;0.0
8.2;207.6;0.0;0.0
8.1;207.6;0.0;0.0
8.2;177.1;0.0;0.0
8.1;0.0;0.0;0.0
0.0;0.0;0.0;0.0
99.1;30.8;4.1;0.0
99.1;32.8;4.4;0.0
99.0;35.1;4.8;0.0
98.7;37.0;2.0;0.0
57.7;37.9;2.0;0.0
8.2;39.1;3.6;0.0
8.2;41.4;3.2;0.0
8.2;44.5;2.6;0.0
8.1;47.7;4.7;0.0
8.2;48.8;5.0;0.0
8.2;50.5;5.1;0.0
0.0;52.8;4.5;0.0
16.5;54.7;2.8;0.0
0.0;56.2;2.8;0.0
8.2;58.4;2.9;0.0
8.2;59.9;2.1;0.0
16.2;60.0;0.5;0.0
8.1;62.0;3.3;0.0
8.1;63.3;7.4;0.0
0.0;65.1;2.9;0.0
8.1;65.9;1.2;0.0
8.1;66.5;1.7;0.0
8.1;68.1;5.8;0.0
0.0;68.6;2.0;0.0
8.2;60.9;4.1;0.0
8.1;62.6;3.4;0.0
8.1;63.3;0.6;0.0
0.0;65.6;2.4;0.0
8.1;67.5;2.1;0.0
8.2;68.3;0.8;0.0
8.2;70.1;2.2;0.0
8.2;72.0;4.0;0.0
8.2;73.6;4.5;0.0
8.1;75.4;8.5;0.0
8.1;76.6;3.8;0.0
16.1;77.3;0.4;0.0
8.1;77.9;1.5;0.0
0.0;78.3;1.4;0.0
0.0;78.6;3.2;0.0
8.2;79.5;4.4;0.0
0.0;80.5;7.5;0.0
8.2;81.9;5.0;0.0
8.2;83.9;3.6;0.0
8.2;84.8;4.0;0.0
8.2;86.1;6.2;0.0
0.0;87.3;1.8;0.0
8.0;88.0;6.0;0.0
8.2;88.7;3.2;0.0
8.2;89.7;4.2;0.0
8.1;90.7;4.4;0.0
8.2;92.0;4.2;0.0
8.2;93.0;4.0;0.0
8.2;93.8;3.0;0.0
0.0;94.4;5.6;0.0
8.1;97.3;7.8;0.0
8.2;98.2;6.0;0.0
8.1;98.7;2.3;0.0
0.0;99.3;3.6;0.0
8.1;100.4;4.4;0.0
8.2;103.4;7.6;0.0
8.2;104.4;5.9;0.0
0.0;105.7;4.0;0.0
8.1;105.7;0.0;0.0
8.2;106.0;0.7;0.0
82.5;114.9;2.4;0.0
96.0;118.8;7.6;0.0
107.1;120.6;4.0;0.0
99.0;122.6;8.3;0.0
98.9;124.8;8.3;0.0
90.6;126.3;6.8;0.0
98.9;129.9;4.0;0.0
99.0;130.1;0.0;0.0
99.0;130.5;0.0;0.0
98.9;130.8;0.0;0.0
24.6;131.1;0.0;0.0
8.1;131.6;0.2;0.0
8.2;132.3;0.8;0.0
16.5;133.6;1.8;0.0
0.0;134.3;3.4;0.0
8.1;135.9;3.4;0.0
8.0;136.1;0.2;0.0
7.9;136.7;0.0;0.0
8.3;136.7;3.2;0.0
0.0;136.9;3.4;0.0
8.1;138.8;5.8;0.0
8.1;140.4;6.1;0.0
8.2;142.9;6.8;0.0
16.2;146.2;7.4;0.0
8.2;149.6;6.4;0.0
0.0;150.5;2.1;0.0
0.0;150.5;0.2;0.0
0.0;150.5;0.0;0.0
0.0;150.5;0.1;0.0
0.0;150.5;0.0;0.0
8.2;150.5;1.8;0.0
0.0;150.5;0.0;0.0
0.0;150.5;7.2;0.0
0.0;150.5;0.0;0.0
0.0;150.5;1.1;0.0
0.0;150.5;0.0;0.0
0.0;150.5;2.3;0.0
0.0;150.5;1.9;0.0
0.0;150.5;0.0;0.0
0.0;150.5;1.3;0.0
0.0;150.8;1.4;0.0
0.0;150.8;2.5;0.0
0.0;150.8;1.0;0.0
0.0;150.8;0.4;0.0
0.0;150.8;0.9;0.0
0.0;150.8;0.8;0.0
0.0;150.8;1.8;0.0
0.0;150.8;0.0;0.0
0.0;151.1;2.5;0.0
0.0;151.1;0.8;0.0
0.0;151.1;0.3;0.0
0.0;151.1;1.4;0.0
0.0;151.1;0.6;0.0
0.0;151.1;1.1;0.0
0.0;151.1;0.7;0.0
0.0;151.1;0.5;0.0
0.0;151.1;0.0;0.0
0.0;151.1;1.6;0.0
0.0;151.1;1.1;0.0
8.2;154.9;5.1;0.0
8.2;154.5;0.0;0.0
8.0;155.1;0.0;0.0
8.2;155.5;0.4;0.0
8.2;155.5;0.0;0.0
8.1;155.5;0.0;0.0
8.2;155.5;0.0;0.0
8.1;155.5;0.0;0.0
8.2;155.5;0.0;0.0
8.1;155.5;0.0;0.0
8.2;155.5;0.0;0.0
8.2;156.3;0.0;0.0
8.1;156.3;0.0;0.0
16.5;156.3;0.0;0.0
8.3;156.3;0.0;0.0
8.2;156.3;0.0;0.0
8.1;156.3;0.0;0.0
8.2;156.3;0.0;0.0
8.2;156.5;0.0;0.0
8.1;156.5;0.0;0.0
8.2;156.5;0.0;0.0
8.1;156.5;0.0;0.0
8.2;156.5;0.0;0.0
8.1;156.5;0.0;0.0
8.2;156.5;0.0;0.0
8.1;156.5;0.0;0.0
8.2;156.5;0.0;0.0
8.1;156.5;0.0;0.0
8.2;156.5;0.0;0.0
8.1;156.5;0.0;0.0
8.2;156.5;0.0;0.0
8.2;156.9;0.0;0.0
7.6;156.9;0.0;0.0
8.1;156.9;0.0;0.0
8.2;156.9;0.0;0.0
8.0;157.1;0.0;0.0
8.1;157.1;0.0;0.0
16.3;157.1;0.0;0.0
8.1;157.1;0.0;0.0
8.2;157.1;0.0;0.0
8.1;157.1;0.0;0.0
8.2;157.1;0.0;0.0
8.1;157.1;0.0;0.0
8.0;157.1;0.0;0.0
8.2;157.1;0.0;0.0
8.1;157.1;0.0;0.0
8.0;157.1;0.0;0.0
8.2;157.1;0.0;0.0
16.3;157.1;0.0;0.0
8.3;157.1;0.0;0.0
8.1;157.1;0.0;0.0
8.2;157.1;0.0;0.0
8.1;157.1;0.0;0.0
8.2;157.1;0.0;0.0
8.1;157.1;0.0;0.0
8.0;157.1;0.0;0.0
8.2;157.1;0.0;0.0
8.0;157.1;0.0;0.0
8.1;157.1;0.0;0.0
8.2;157.1;0.0;0.0
8.1;157.1;0.0;0.0
16.4;157.1;0.0;0.0
8.3;157.1;0.0;0.0
8.2;157.1;0.0;0.0
8.0;157.1;0.0;0.0
8.1;157.1;0.0;0.0
8.2;157.1;0.0;0.0
8.1;157.1;0.0;0.0
8.2;157.1;0.0;0.0
8.1;157.1;0.0;0.0
8.0;157.1;0.0;0.0
8.1;157.1;0.0;0.0
8.2;157.1;0.0;0.0
8.1;157.1;0.0;0.0
8.2;157.1;0.0;0.0
16.4;157.1;0.0;0.0
8.2;157.1;0.0;0.0
8.1;157.1;0.0;0.0
8.2;157.1;0.0;0.0
8.1;157.1;0.0;0.0
8.2;157.1;0.0;0.0
8.1;157.1;0.0;0.0
8.0;157.1;0.0;0.0
8.1;157.1;0.0;0.0
16.2;157.1;0.0;0.0
8.0;157.1;0.0;0.0
8.2;157.1;0.0;0.0
8.1;157.1;0.0;0.0
8.0;157.1;0.0;0.0
8.0;157.5;0.0;0.0
8.0;157.7;0.0;0.0
8.2;157.7;0.0;0.0
8.2;157.7;0.3;0.0
0.0;157.7;0.0;0.0
0.0;157.7;0.1;0.0
0.0;157.7;0.0;0.0
0.0;157.7;0.2;0.0
0.0;157.7;1.6;0.0
0.0;157.7;0.0;0.0
0.0;157.7;0.2;0.0
0.0;157.7;6.9;0.0
0.0;157.7;0.0;0.0
0.0;157.7;3.1;0.0
0.0;157.7;3.0;0.0
0.0;157.7;0.1;0.0
0.0;157.7;1.5;0.0
8.2;157.8;3.0;0.0
8.1;157.8;0.0;0.0
8.2;157.8;0.0;0.0
8.1;157.8;0.0;0.0
8.2;157.8;0.0;0.0
8.0;157.8;0.0;0.0
8.1;157.8;0.0;0.0
8.0;157.8;0.0;0.0
8.2;157.8;0.0;0.0
8.0;157.8;0.0;0.0
8.2;157.8;0.0;0.0
8.0;157.8;0.0;0.0
8.2;157.8;0.0;0.0
8.1;157.8;0.0;0.0
8.2;157.8;0.0;0.0
8.0;157.8;0.0;0.0
8.2;157.8;0.0;0.0
16.0;157.8;0.0;0.0
8.2;157.8;0.0;0.0
8.1;157.8;0.0;0.0
8.2;157.8;0.0;0.0
7.7;157.8;0.0;0.0
8.2;157.8;0.0;0.0
8.1;157.8;0.0;0.0
8.0;157.8;0.0;0.0
8.2;157.8;0.0;0.0
8.1;157.8;0.0;0.0
8.2;157.8;0.0;0.0
8.1;157.8;0.0;0.0
16.2;157.8;0.0;0.0
8.1;157.8;0.0;0.0
8.2;157.8;0.0;0.0
8.1;157.8;0.0;0.0
8.0;157.8;0.0;0.0
8.2;157.8;0.0;0.0
8.1;157.8;0.0;0.0
8.2;157.8;0.0;0.0
8.1;157.8;0.0;0.0
8.2;157.8;0.0;0.0
8.0;157.8;0.0;0.0
8.2;157.8;0.0;0.0
8.0;157.8;0.0;0.0
8.2;157.8;0.0;0.0
8.1;157.8;0.0;0.0
8.2;157.8;0.0;0.0
16.5;157.8;0.0;0.0
8.3;157.8;0.0;0.0
8.1;157.8;0.0;0.0
33.0;166.2;0.0;0.0
90.7;166.2;0.0;0.0
99.0;166.6;0.7;0.0
99.0;166.6;0.4;0.0
90.8;166.6;0.0;0.0
90.7;166.6;0.1;0.0
89.6;166.6;0.0;0.0
90.6;166.6;0.1;0.0
90.6;166.6;0.0;0.0
90.7;166.6;3.3;0.0
98.9;166.6;0.3;0.0
90.7;166.6;0.0;0.0
0.0;166.6;1.7;0.0
8.2;166.6;6.1;0.0
0.0;166.6;0.5;0.0
0.0;166.6;2.9;0.0
0.0;166.6;3.7;0.0
0.0;166.9;2.5;0.0
0.0;167.1;4.1;0.0
0.0;169.4;6.0;0.0
8.2;168.1;1.5;0.0
90.8;169.2;0.5;0.0
107.0;169.7;4.8;0.0
99.0;170.3;3.6;0.0
98.9;170.3;1.7;0.0
98.9;173.1;0.8;0.0
98.9;172.2;0.0;0.0
107.1;172.2;0.0;0.0
98.8;172.2;0.0;0.0
98.9;172.4;0.0;0.0
107.1;172.4;0.0;0.0
107.0;172.4;0.0;0.0
98.8;172.4;0.0;0.0
98.8;172.9;0.0;0.0
98.9;173.1;0.0;0.0
90.6;173.1;0.0;0.0
98.8;173.1;0.0;0.0
107.0;173.1;0.0;0.0
99.0;173.1;0.0;0.0
107.1;173.1;0.0;0.0
98.9;173.1;0.0;0.0
81.7;173.1;0.0;0.0
8.2;173.6;0.0;0.0
16.4;173.6;0.0;0.0
8.2;173.6;0.0;0.0
8.1;173.6;0.0;0.0
8.0;173.6;0.0;0.0
8.2;174.4;0.0;0.0
8.1;174.4;0.0;0.0
8.2;174.4;0.0;0.0
8.1;174.4;0.0;0.0
8.2;174.4;0.0;0.0
8.1;174.4;0.0;0.0
8.2;174.4;0.0;0.0
8.1;174.4;0.0;0.0
8.2;174.4;0.0;0.0
16.2;174.4;0.0;0.0
8.2;174.4;0.0;0.0
8.1;174.4;0.0;0.0
8.2;174.4;0.0;0.0
8.0;174.4;0.0;0.0
8.1;174.4;0.0;0.0
8.2;174.4;0.0;0.0
0.0;172.0;0.4;4.0
8.2;172.0;0.0;0.0
8.2;182.2;0.0;0.0
8.2;202.7;43.0;0.0
8.2;202.7;93.7;0.0
8.0;202.8;95.3;0.0
8.2;202.8;92.0;0.0
8.2;202.8;88.3;0.0
8.2;202.8;81.2;0.0
8.1;202.8;60.8;0.0
8.2;202.8;36.9;0.0
8.1;203.2;8.9;0.0
8.2;203.2;36.8;0.0
16.3;203.2;17.2;0.0
8.2;203.2;26.6;0.0
8.2;203.2;44.1;0.0
8.2;203.2;34.9;0.0
8.0;203.2;39.8;0.0
8.0;203.2;49.2;0.0
8.1;203.2;43.6;0.0
8.0;203.2;40.2;0.0
8.0;203.2;51.3;0.0
8.1;203.2;40.9;0.0
8.1;203.2;50.4;0.0
8.1;203.2;42.9;0.0
8.0;203.2;34.8;0.0
8.2;203.2;42.3;0.0
8.2;203.2;45.8;0.0
8.2;203.2;40.7;0.0
8.2;203.2;46.3;0.0
8.1;203.2;39.4;0.0
8.2;203.2;40.2;0.0
8.2;203.2;31.2;0.0
8.0;203.2;53.7;0.0
16.1;203.2;41.3;0.0
8.3;203.2;55.3;0.0
7.8;203.2;44.7;0.0
8.2;203.2;44.4;0.0
8.2;203.2;46.3;0.0
8.0;230.0;0.2;0.0
8.2;234.4;1.6;0.0
8.2;234.4;0.0;0.0
8.0;234.4;0.0;0.0
8.2;234.4;0.0;0.0
8.1;234.4;0.0;0.0
8.2;234.4;0.0;0.0
8.1;234.4;0.0;0.0
8.2;234.4;0.0;0.0
8.2;234.4;0.2;68.0
8.2;234.4;0.0;0.0
8.3;234.4;0.0;0.0
8.1;234.4;0.2;64.0
8.2;234.4;0.0;0.0
8.1;234.4;0.0;0.0
8.2;234.4;0.0;0.0
8.1;234.4;0.2;64.0
8.2;234.4;0.0;0.0
8.1;234.4;0.0;0.0
8.2;234.4;0.0;0.0
8.2;234.4;0.2;64.0
8.0;234.4;0.0;0.0
8.2;234.4;0.0;0.0
8.1;234.4;0.2;64.0
8.2;234.4;0.0;0.0
8.1;234.4;0.0;0.0
8.0;234.4;0.0;0.0
8.2;234.4;0.0;0.0
8.1;234.4;0.0;0.0
8.0;203.9;0.3;64.0
8.1;203.9;0.0;0.0
8.2;204.0;0.0;0.0
8.1;204.0;0.0;0.0
8.2;204.0;0.0;0.0
8.1;204.0;0.0;0.0
8.2;204.0;0.0;0.0
8.2;173.2;0.0;0.0
8.2;0.0;0.0;0.0
0.0;0.0;0.0;0.0
90.6;23.6;2.4;0.0
99.0;24.9;2.8;0.0
90.8;25.4;2.0;0.0
99.0;27.1;5.3;0.0
98.9;28.8;4.0;0.0
98.1;30.5;4.4;0.0
98.9;32.4;1.2;0.0
98.9;33.6;2.6;0.0
98.6;34.5;3.2;0.0
41.2;35.1;1.2;0.0
8.2;39.7;4.0;0.0
8.2;42.9;4.2;0.0
8.1;44.0;3.4;0.0
8.2;45.4;5.0;0.0
8.1;48.2;5.7;0.0
16.3;49.6;3.8;0.0
0.0;51.5;2.7;0.0
8.2;52.5;1.7;0.0
8.1;54.5;3.6;0.0
8.1;56.1;1.7;0.0
8.0;56.5;0.7;0.0
8.2;58.9;6.1;0.0
0.0;60.5;5.7;0.0
8.2;61.6;1.3;0.0
8.1;62.2;1.7;0.0
8.2;63.7;3.4;0.0
8.3;64.2;4.0;0.0
0.0;65.1;2.2;0.0
0.0;66.0;3.7;0.0
8.2;67.4;3.2;0.0
8.2;68.1;0.6;0.0
8.1;70.4;1.8;0.0
8.2;72.3;2.7;0.0
8.2;73.0;0.4;0.0
16.2;74.8;2.4;0.0
0.0;77.0;4.2;0.0
8.2;78.4;3.4;0.0
8.1;80.1;8.8;0.0
8.0;81.4;4.6;0.0
16.4;81.9;0.4;0.0
8.2;82.7;1.5;0.0
8.0;83.2;1.4;0.0
0.0;83.3;1.8;0.0
8.2;84.4;5.4;0.0
8.0;85.4;7.9;0.0
0.0;86.8;5.2;0.0
8.0;88.8;3.4;0.0
8.1;89.8;4.8;0.0
8.2;90.9;5.6;0.0
0.0;92.2;2.6;0.0
8.2;93.1;5.2;0.0
8.1;93.9;3.8;0.0
8.2;95.4;6.6;0.0
8.1;96.4;3.2;0.0
8.2;97.2;3.2;0.0
8.2;98.4;5.6;0.0
8.2;98.9;3.4;0.0
0.0;100.3;7.6;0.0
16.5;102.6;6.6;0.0
8.1;103.5;3.4;0.0
0.0;103.9;3.3;0.0
8.2;105.0;4.9;0.0
8.3;106.2;5.6;0.0
8.2;109.1;8.4;0.0
0.0;110.4;4.4;0.0
8.1;110.4;0.0;0.0
8.2;110.4;0.0;0.0
49.6;122.7;1.8;0.0
90.8;125.8;6.0;0.0
99.1;127.6;3.4;0.0
99.1;128.7;2.7;0.0
99.0;130.2;4.5;0.0
107.3;131.7;6.9;0.0
98.6;133.4;5.9;0.0
98.9;135.0;6.8;0.0
98.8;138.5;4.0;0.0
106.9;138.8;0.2;0.0
49.0;139.0;0.0;0.0
8.2;139.5;0.0;0.0
8.2;139.8;0.0;0.0
8.1;140.2;0.2;0.0
8.2;140.7;0.8;0.0
8.2;142.2;1.8;0.0
8.2;143.0;3.4;0.0
8.2;144.6;3.4;0.0
8.2;145.1;0.2;0.0
8.2;145.4;0.0;0.0
8.2;145.4;3.2;0.0
8.2;145.9;5.2;0.0
8.2;147.7;4.6;0.0
8.2;150.1;8.5;0.0
8.2;153.3;8.4;0.0
8.1;156.4;5.0;0.0
8.2;159.3;6.2;0.0
0.0;159.3;0.2;0.0
0.0;159.3;0.0;0.0
0.0;159.3;0.1;0.0
0.0;159.3;0.0;0.0
8.2;159.3;1.8;0.0
0.0;159.3;0.0;0.0
0.0;159.3;0.2;0.0
0.0;159.3;7.1;0.0
0.0;159.3;0.0;0.0
0.0;159.3;0.5;0.0
0.0;159.3;0.0;0.0
0.0;159.3;2.2;0.0
0.0;159.3;1.0;0.0
0.0;159.3;0.0;0.0
0.0;159.3;0.5;0.0
0.0;159.3;0.7;0.0
0.0;159.6;0.8;0.0
0.0;159.6;1.0;0.0
0.0;159.6;1.4;0.0
0.0;159.6;0.6;0.0
0.0;159.6;0.9;0.0
0.0;159.6;1.2;0.0
0.0;159.6;0.9;0.0
0.0;159.6;0.5;0.0
0.0;159.6;0.9;0.0
0.0;159.8;2.0;0.0
0.0;159.8;0.8;0.0
0.0;159.8;0.0;0.0
0.0;159.8;3.0;0.0
0.0;159.8;3.4;0.0
0.0;159.8;0.8;0.0
0.0;160.1;1.9;0.0
0.0;160.1;0.0;0.0
0.0;160.1;1.2;0.0
8.2;163.3;1.1;0.0
8.1;162.8;0.0;0.0
8.2;163.3;0.0;0.0
8.2;163.8;0.0;0.0
8.1;164.2;0.4;0.0
8.1;164.2;0.0;0.0
8.2;164.2;0.0;0.0
8.1;164.2;0.0;0.0
8.2;164.2;0.0;0.0
8.1;164.2;0.0;0.0
8.2;164.2;0.0;0.0
8.2;164.9;0.0;0.0
16.4;164.9;0.0;0.0
8.2;164.9;0.0;0.0
8.1;164.9;0.0;0.0
8.2;164.9;0.0;0.0
0.0;164.9;0.0;0.0
8.1;164.9;0.0;0.0
8.2;164.9;0.0;0.0
8.1;164.9;0.0;0.0
8.2;164.9;0.0;0.0
8.2;165.1;0.0;0.0
8.1;165.1;0.0;0.0
8.2;165.1;0.0;0.0
8.1;165.1;0.0;0.0
8.2;165.1;0.0;0.0
16.6;165.1;0.0;0.0
8.3;165.1;0.0;0.0
8.2;165.1;0.0;0.0
7.9;165.1;0.0;0.0
8.2;165.1;0.0;0.0
8.1;165.1;0.0;0.0
16.5;165.1;0.0;0.0
8.2;165.1;0.0;0.0
8.1;165.1;0.0;0.0
8.2;165.1;0.0;0.0
8.1;165.1;0.0;0.0
8.2;165.1;0.0;0.0
8.1;165.1;0.0;0.0
16.4;165.1;0.0;0.0
8.2;165.2;0.0;0.0
8.0;165.2;0.0;0.0
8.2;165.2;0.0;0.0
8.0;165.2;0.0;0.0
8.2;165.2;0.0;0.0
8.1;165.2;0.0;0.0
8.2;165.2;0.0;0.0
8.1;165.2;0.0;0.0
8.2;165.2;0.0;0.0
8.1;165.2;0.0;0.0
8.0;165.2;0.0;0.0
8.2;165.2;0.0;0.0
8.1;165.2;0.0;0.0
8.2;165.2;0.0;0.0
16.3;165.2;0.0;0.0
8.3;165.2;0.0;0.0
8.2;165.2;0.0;0.0
8.3;165.2;0.0;0.0
8.2;165.2;0.0;0.0
8.1;165.2;0.0;0.0
8.2;165.2;0.0;0.0
0.0;165.2;0.0;0.0
8.1;165.2;0.0;0.0
8.2;165.2;0.0;0.0
8.0;165.2;0.0;0.0
8.2;165.6;0.0;0.0
8.1;165.6;0.0;0.0
8.2;165.6;0.0;0.0
16.2;165.6;0.0;0.0
8.2;165.6;0.0;0.0
8.1;165.6;0.0;0.0
8.2;165.6;0.0;0.0
8.1;165.6;0.0;0.0
8.2;165.6;0.0;0.0
8.1;165.6;0.0;0.0
8.2;165.6;0.0;0.0
8.1;165.6;0.0;0.0
8.0;165.6;0.0;0.0
8.1;165.6;0.0;0.0
8.2;165.6;0.0;0.0
16.1;165.6;0.0;0.0
8.2;165.6;0.0;0.0
8.1;165.6;0.0;0.0
8.2;165.6;0.0;0.0
8.1;165.6;0.0;0.0
8.2;165.6;0.0;0.0
16.4;165.6;0.0;0.0
8.2;165.6;0.0;0.0
8.1;165.6;0.0;0.0
8.2;165.6;0.0;0.0
8.1;165.6;0.0;0.0
8.0;165.8;0.0;0.0
8.1;166.1;0.0;0.0
8.2;166.3;0.0;0.0
16.5;166.3;0.0;0.0
8.2;166.3;0.0;0.0
0.0;166.3;0.3;0.0
0.0;166.3;0.0;0.0
0.0;166.3;0.1;0.0
0.0;166.3;0.0;0.0
8.2;166.3;2.0;0.0
0.0;166.3;0.0;0.0
0.0;166.3;0.2;0.0
0.0;166.3;4.6;0.0
0.0;166.3;0.0;0.0
0.0;166.3;2.7;0.0
0.0;166.3;0.6;0.0
0.0;166.3;0.0;0.0
0.0;166.3;3.7;0.0
0.0;166.3;0.7;0.0
0.0;166.3;0.0;0.0
0.0;166.3;1.6;0.0
0.0;166.4;1.5;0.0
8.1;166.4;0.0;0.0
8.2;166.4;0.0;0.0
8.0;166.4;0.0;0.0
8.2;166.4;0.0;0.0
8.1;166.4;0.0;0.0
8.2;166.4;0.0;0.0
8.1;166.4;0.0;0.0
8.2;166.4;0.0;0.0
8.1;166.4;0.0;0.0
8.2;166.4;0.0;0.0
16.1;166.4;0.0;0.0
8.0;166.4;0.0;0.0
8.2;166.4;0.0;0.0
8.1;166.4;0.0;0.0
8.2;166.4;0.0;0.0
8.1;166.4;0.0;0.0
8.2;166.4;0.0;0.0
8.1;166.4;0.0;0.0
8.2;166.4;0.0;0.0
8.1;166.4;0.0;0.0
8.2;166.4;0.0;0.0
8.0;166.4;0.0;0.0
16.0;166.4;0.0;0.0
8.2;166.4;0.0;0.0
8.1;166.4;0.0;0.0
8.2;166.4;0.0;0.0
8.1;166.4;0.0;0.0
8.2;166.4;0.0;0.0
8.1;166.4;0.0;0.0
8.2;166.4;0.0;0.0
8.0;166.4;0.0;0.0
8.2;166.4;0.0;0.0
8.1;166.4;0.0;0.0
8.2;166.4;0.0;0.0
8.3;166.4;0.0;0.0
8.2;166.4;0.0;0.0
16.4;166.4;0.0;0.0
8.2;166.4;0.0;0.0
8.1;166.4;0.0;0.0
8.2;166.4;0.0;0.0
8.1;166.4;0.0;0.0
8.2;166.4;0.0;0.0
8.0;166.4;0.0;0.0
24.8;166.8;0.0;0.0
74.3;180.8;0.0;0.0
107.2;181.3;0.3;0.0
89.8;181.3;0.8;0.0
90.4;181.3;0.0;0.0
90.2;181.3;0.0;0.0
98.9;181.3;0.2;0.0
90.7;181.3;0.0;0.0
90.6;181.3;0.0;0.0
98.5;181.3;3.6;0.0
90.3;181.3;0.0;0.0
98.7;181.3;0.0;0.0
8.3;181.3;6.7;0.0
0.0;181.3;1.7;0.0
0.0;181.3;1.0;0.0
0.0;181.3;3.3;0.0
0.0;181.3;4.0;0.0
0.0;181.8;3.5;0.0
0.0;181.8;1.4;0.0
0.0;181.8;6.1;0.0
8.2;183.0;4.2;0.0
75.5;183.8;0.5;0.0
90.6;184.1;0.9;0.0
87.5;184.1;0.0;0.0
90.7;184.9;6.4;0.0
90.5;188.9;1.1;0.0
98.6;191.7;0.0;0.0
90.5;186.6;0.0;0.0
90.6;186.8;0.0;0.0
90.4;186.8;0.0;0.0
90.0;186.8;0.0;0.0
98.5;186.8;0.0;0.0
90.4;186.8;0.0;0.0
107.3;186.8;0.0;0.0
99.1;186.8;0.0;0.0
99.1;187.3;0.0;0.0
98.8;187.3;0.0;0.0
98.9;187.3;0.0;0.0
107.3;187.3;0.0;0.0
96.6;187.3;0.0;0.0
98.9;187.3;0.0;0.0
81.6;187.8;0.0;0.0
8.2;187.8;0.0;0.0
8.1;187.8;0.0;0.0
8.2;188.6;0.0;0.0
8.1;188.6;0.0;0.0
8.2;188.6;0.0;0.0
8.1;188.6;0.0;0.0
8.2;188.6;0.0;0.0
8.1;188.6;0.0;0.0
8.2;188.6;0.0;0.0
8.1;188.6;0.0;0.0
7.8;188.6;0.0;0.0
8.2;188.6;0.0;0.0
8.1;188.6;0.0;0.0
8.2;188.6;0.0;0.0
8.0;188.6;0.0;0.0
8.2;188.6;0.0;0.0
8.1;188.6;0.0;0.0
8.2;188.6;0.0;0.0
8.1;188.6;0.0;0.0
8.2;188.6;0.0;0.0
8.1;188.6;0.0;0.0
8.2;186.2;0.4;4.0
8.1;186.2;0.0;0.0
8.0;186.2;0.0;0.0
16.3;186.2;0.0;0.0
8.3;205.5;0.0;0.0
8.1;216.9;68.0;0.0
8.2;216.9;83.4;0.0
8.2;216.9;86.7;0.0
8.2;216.9;64.0;0.0
8.1;216.9;81.6;0.0
8.1;216.9;82.3;0.0
8.1;216.9;85.6;0.0
8.2;217.2;39.4;0.0
8.0;217.2;19.7;0.0
8.0;217.2;38.3;0.0
8.2;217.2;38.2;0.0
8.0;217.2;39.1;0.0
8.0;217.2;46.2;0.0
8.0;217.2;39.0;0.0
8.2;217.2;36.2;0.0
7.9;217.2;46.1;0.0
8.2;217.2;37.1;0.0
8.1;217.2;40.4;0.0
8.1;217.2;42.9;0.0
8.2;217.2;46.9;0.0
16.3;217.2;26.6;0.0
8.1;217.2;42.7;0.0
8.1;217.2;32.3;0.0
8.2;217.2;35.2;0.0
8.0;217.2;42.4;0.0
8.1;217.2;48.6;0.0
8.2;217.2;36.4;0.0
8.1;217.2;35.5;0.0
8.1;217.2;39.2;0.0
8.1;217.2;38.3;0.0
8.0;217.2;55.6;0.0
8.2;217.2;39.4;0.0
8.2;217.2;47.6;0.0
8.1;217.2;47.3;0.0
8.2;217.2;44.9;0.0
8.2;217.2;39.8;0.0
8.1;244.3;11.1;0.0
8.2;248.5;1.6;0.0
8.2;248.5;0.0;0.0
8.1;248.5;0.0;0.0
8.0;248.5;0.0;0.0
16.3;248.5;0.0;0.0
8.2;248.5;0.0;0.0
8.1;248.5;0.0;0.0
8.1;248.5;0.2;68.0
8.2;248.5;0.0;0.0
8.2;248.5;0.2;64.0
8.2;248.5;0.0;0.0
8.1;248.5;0.0;0.0
8.0;248.5;0.0;0.0
8.0;248.5;0.2;64.0
8.2;248.5;0.0;0.0
8.0;248.5;0.0;0.0
8.2;248.5;0.0;0.0
7.8;248.5;0.0;0.0
8.2;248.5;0.2;64.0
8.2;248.5;0.0;0.0
8.0;248.5;0.0;0.0
8.2;248.5;0.2;64.0
16.3;248.5;0.0;0.0
8.3;248.5;0.0;0.0
16.5;248.5;0.0;0.0
8.1;248.5;0.0;0.0
6.5;248.5;0.0;0.0
8.2;248.5;0.0;0.0
8.2;218.1;0.3;64.0
8.2;218.1;0.0;0.0
0.0;218.1;0.0;0.0
8.1;218.1;0.0;0.0
8.2;218.1;0.0;0.0
8.1;218.1;0.0;0.0
8.3;218.1;0.0;0.0
8.1;218.1;0.0;0.0
8.0;218.1;0.0;0.0
8.1;218.2;0.0;0.0
8.0;187.0;0.0;0.0
8.0;0.0;0.0;0.0
0.0;0.0;0.0;0.0
98.5;34.7;4.5;0.0
91.0;36.5;4.2;0.0
90.5;37.8;4.1;0.0
99.1;40.3;2.1;0.0
90.8;41.1;1.6;0.0
90.7;42.0;3.2;0.0
24.6;43.0;2.0;0.0
8.2;47.0;3.7;0.0
0.0;49.5;3.1;0.0
8.2;51.8;3.7;0.0
8.2;52.7;5.4;0.0
0.0;54.4;4.7;0.0
8.2;56.7;4.3;0.0
16.4;58.7;3.0;0.0
0.0;60.1;2.8;0.0
8.1;62.3;2.7;0.0
8.2;63.5;2.3;0.0
8.2;64.0;0.5;0.0
8.2;65.7;2.9;0.0
8.2;67.3;7.0;0.0
8.0;69.0;3.7;0.0
8.2;69.8;1.2;0.0
8.2;70.5;1.7;0.0
8.2;71.8;5.6;0.0
0.0;72.3;1.2;0.0
8.2;67.2;3.9;0.0
8.1;68.5;1.6;0.0
8.2;70.0;3.2;0.0
8.1;71.7;1.5;0.0
8.1;73.6;2.6;0.0
8.2;75.0;1.2;0.0
8.0;76.4;1.6;0.0
0.0;78.9;5.0;0.0
8.2;80.2;2.8;0.0
8.1;82.1;9.6;0.0
8.1;83.5;4.4;0.0
8.2;84.0;0.0;0.0
8.2;84.7;1.4;0.0
8.0;85.2;1.9;0.0
16.2;85.3;1.2;0.0
0.0;86.2;4.6;0.0
8.2;86.8;4.9;0.0
0.0;88.1;6.6;0.0
8.2;90.5;3.8;0.0
8.1;91.3;5.8;0.0
8.2;92.1;4.7;0.0
0.0;93.9;3.3;0.0
8.1;94.8;5.6;0.0
8.3;95.6;3.6;0.0
8.1;96.6;5.0;0.0
8.2;97.9;4.8;0.0
8.2;98.9;4.2;0.0
8.2;100.2;5.2;0.0
8.0;100.9;4.0;0.0
0.0;102.1;7.4;0.0
8.1;104.6;6.8;0.0
8.2;105.4;4.0;0.0
8.1;105.8;2.3;0.0
8.2;106.7;4.9;0.0
0.0;108.0;4.6;0.0
16.3;111.0;8.2;0.0
0.0;112.6;6.4;0.0
8.0;112.6;0.0;0.0
8.1;112.6;0.0;0.0
49.5;126.4;0.9;0.0
90.7;129.9;6.8;0.0
99.0;132.8;5.5;0.0
115.4;134.4;6.5;0.0
98.8;136.5;7.4;0.0
99.0;138.0;5.2;0.0
98.9;140.5;6.0;0.0
98.8;142.7;3.8;0.0
107.1;142.9;0.0;0.0
115.5;143.4;0.0;0.0
48.8;143.6;0.0;0.0
8.2;144.2;0.0;0.0
8.0;144.4;0.2;0.0
8.2;145.2;0.8;0.0
16.5;146.8;4.2;0.0
8.2;147.3;1.0;0.0
8.1;148.9;3.6;0.0
8.2;149.5;0.0;0.0
8.2;149.5;3.2;0.0
8.2;150.0;5.2;0.0
0.0;151.8;4.8;0.0
8.1;154.4;8.7;0.0
8.1;158.1;8.8;0.0
7.8;161.3;6.8;0.0
16.3;163.2;3.6;0.0
0.0;163.2;0.2;0.0
0.0;163.2;0.0;0.0
0.0;163.2;0.1;0.0
0.0;163.2;0.0;0.0
0.0;163.2;1.8;0.0
0.0;163.2;0.0;0.0
0.0;163.2;0.6;0.0
0.0;163.2;2.8;0.0
0.0;163.2;0.4;0.0
0.0;163.2;0.1;0.0
0.0;163.2;1.4;0.0
0.0;163.2;1.3;0.0
0.0;163.2;0.5;0.0
0.0;163.2;0.0;0.0
0.0;163.5;1.9;0.0
0.0;163.5;0.0;0.0
0.0;163.5;1.7;0.0
0.0;163.5;1.4;0.0
0.0;163.5;0.0;0.0
0.0;163.5;0.2;0.0
0.0;163.5;1.1;0.0
0.0;163.5;1.7;0.0
0.0;163.5;0.8;0.0
0.0;163.5;1.2;0.0
0.0;163.7;0.7;0.0
0.0;163.7;0.6;0.0
0.0;163.7;1.0;0.0
0.0;163.7;1.2;0.0
0.0;163.7;0.9;0.0
0.0;163.7;0.6;0.0
0.0;163.7;1.6;0.0
0.0;163.7;0.0;0.0
8.2;163.7;1.7;0.0
0.0;163.7;1.2;0.0
0.0;164.0;2.0;0.0
0.0;164.0;0.5;0.0
0.0;164.0;0.8;0.0
0.0;166.2;0.5;0.0
8.2;167.3;0.0;0.0
16.2;167.3;0.0;0.0
8.2;167.3;0.0;0.0
8.2;168.0;0.4;0.0
8.2;168.0;0.0;0.0
8.1;168.3;0.0;0.0
8.2;168.3;0.0;0.0
8.1;168.3;0.0;0.0
8.2;168.3;0.0;0.0
8.1;168.3;0.0;0.0
8.0;168.3;0.0;0.0
8.2;168.3;0.0;0.0
8.2;169.1;0.0;0.0
8.1;169.1;0.0;0.0
8.2;169.1;0.0;0.0
8.1;169.1;0.0;0.0
8.2;169.1;0.0;0.0
16.3;169.1;0.0;0.0
8.3;169.1;0.0;0.0
8.1;169.1;0.0;0.0
8.2;169.1;0.0;0.0
8.1;169.1;0.0;0.0
8.2;169.1;0.0;0.0
8.1;169.1;0.0;0.0
8.2;169.1;0.0;0.0
8.1;169.1;0.0;0.0
8.2;169.2;0.0;0.0
8.1;169.2;0.0;0.0
16.3;169.2;0.0;0.0
8.2;169.2;0.0;0.0
8.1;169.6;0.0;0.0
8.2;169.6;0.0;0.0
8.1;169.6;0.0;0.0
8.2;169.6;0.0;0.0
8.1;169.6;0.0;0.0
16.2;169.6;0.0;0.0
8.2;169.8;0.0;0.0
8.1;169.8;0.0;0.0
8.0;169.8;0.0;0.0
8.2;169.8;0.0;0.0
8.1;169.8;0.0;0.0
8.2;169.8;0.0;0.0
8.1;169.8;0.0;0.0
8.2;169.8;0.0;0.0
8.0;169.8;0.0;0.0
8.2;169.8;0.0;0.0
8.1;169.8;0.0;0.0
8.2;169.8;0.0;0.0
8.1;169.8;0.0;0.0
8.2;169.8;0.0;0.0
8.1;169.8;0.0;0.0
8.2;169.8;0.0;0.0
8.1;169.8;0.0;0.0
8.2;169.8;0.0;0.0
8.1;169.8;0.0;0.0
8.2;169.8;0.0;0.0
8.3;169.8;0.0;0.0
8.1;169.8;0.0;0.0
8.2;169.8;0.0;0.0
8.1;169.8;0.0;0.0
8.2;169.8;0.0;0.0
8.1;169.8;0.0;0.0
8.2;169.8;0.0;0.0
8.1;169.8;0.0;0.0
8.2;169.8;0.0;0.0
8.1;169.8;0.0;0.0
8.2;169.8;0.0;0.0
8.1;169.8;0.0;0.0
8.2;169.8;0.0;0.0
16.3;169.8;0.0;0.0
8.2;169.8;0.0;0.0
8.1;169.8;0.0;0.0
8.2;169.8;0.0;0.0
8.1;169.8;0.0;0.0
8.2;169.8;0.0;0.0
8.0;169.8;0.0;0.0
8.2;169.8;0.0;0.0
8.2;170.3;0.0;0.0
8.1;170.4;0.0;0.0
8.2;170.4;0.0;0.0
8.1;170.4;0.0;0.0
16.5;170.4;0.3;0.0
0.0;170.4;0.0;0.0
0.0;170.4;0.1;0.0
0.0;170.4;0.0;0.0
0.0;170.4;1.8;0.0
0.0;170.4;0.0;0.0
0.0;170.4;0.6;0.0
0.0;170.4;0.0;0.0
0.0;170.4;3.2;0.0
0.0;170.4;0.0;0.0
0.0;170.4;0.5;0.0
0.0;170.4;1.2;0.0
0.0;170.4;0.0;0.0
0.0;170.4;2.4;0.0
0.0;170.4;0.0;0.0
0.0;170.4;1.4;0.0
0.0;170.4;1.6;0.0
0.0;170.5;0.7;0.0
8.2;170.5;0.0;0.0
8.1;170.5;0.0;0.0
8.2;170.5;0.0;0.0
8.1;170.5;0.0;0.0
16.4;170.5;0.0;0.0
8.2;170.5;0.0;0.0
8.1;170.5;0.0;0.0
16.3;170.5;0.0;0.0
0.0;170.5;0.0;0.0
8.2;170.5;0.0;0.0
8.1;170.5;0.0;0.0
8.2;170.5;0.0;0.0
8.1;170.5;0.0;0.0
8.2;170.5;0.0;0.0
8.1;170.5;0.0;0.0
16.2;170.5;0.0;0.0
8.1;170.5;0.0;0.0
16.3;170.5;0.0;0.0
0.0;170.5;0.0;0.0
8.1;170.5;0.0;0.0
7.6;170.5;0.0;0.0
8.2;170.5;0.0;0.0
8.1;170.5;0.0;0.0
8.2;170.5;0.0;0.0
8.1;170.5;0.0;0.0
8.2;170.5;0.0;0.0
8.1;170.5;0.0;0.0
8.2;170.5;0.0;0.0
8.0;170.5;0.0;0.0
8.2;170.5;0.0;0.0
16.3;170.5;0.0;0.0
8.2;170.5;0.0;0.0
8.1;170.5;0.0;0.0
8.2;170.5;0.0;0.0
8.1;170.5;0.0;0.0
8.3;170.5;0.0;0.0
8.2;170.5;0.0;0.0
8.1;170.5;0.0;0.0
8.2;170.5;0.0;0.0
8.0;170.5;0.0;0.0
8.2;170.5;0.0;0.0
8.1;170.5;0.0;0.0
8.0;170.5;0.0;0.0
8.2;170.5;0.0;0.0
8.0;170.5;0.0;0.0
8.1;170.5;0.0;0.0
8.2;170.5;0.0;0.0
82.3;174.8;0.0;0.0
107.2;174.8;0.0;0.0
109.1;175.4;0.9;0.0
98.3;175.4;0.2;0.0
90.1;175.4;0.0;0.0
90.5;175.4;0.1;0.0
98.9;175.4;0.1;0.0
90.7;175.4;1.2;0.0
90.8;175.4;0.6;0.0
90.5;175.4;1.9;0.0
90.3;175.4;0.5;0.0
16.4;175.4;1.9;0.0
0.0;175.4;0.0;0.0
0.0;175.4;3.6;0.0
0.0;175.4;3.9;0.0
0.0;175.4;0.0;0.0
0.0;175.6;1.0;0.0
0.0;175.6;6.9;0.0
0.0;175.6;1.2;0.0
0.0;175.6;0.9;0.0
0.0;175.6;0.0;0.0
0.0;175.6;0.5;0.0
0.0;175.6;2.0;0.0
16.5;176.1;4.9;0.0
0.0;176.1;3.8;0.0
0.0;176.1;4.7;0.0
0.0;176.8;1.6;0.0
41.2;178.1;0.0;0.0
90.5;178.1;0.7;0.0
99.0;178.6;2.7;0.0
98.9;181.9;0.5;0.0
107.3;180.5;0.0;0.0
98.9;181.0;0.0;0.0
99.0;181.0;0.0;0.0
98.6;181.0;0.0;0.0
115.3;181.0;0.0;0.0
82.4;181.0;0.0;0.0
98.9;181.0;0.0;0.0
99.0;181.0;0.0;0.0
99.1;181.0;0.0;0.0
107.3;181.0;0.0;0.0
99.0;181.0;0.0;0.0
90.7;181.5;0.0;0.0
107.7;181.6;0.0;0.0
99.2;181.6;0.0;0.0
99.0;181.6;0.0;0.0
97.3;182.1;0.0;0.0
8.1;182.1;0.0;0.0
8.2;182.1;0.0;0.0
7.8;182.1;0.0;0.0
8.1;182.1;0.0;0.0
8.3;182.1;0.0;0.0
8.2;182.1;0.0;0.0
8.2;182.9;0.0;0.0
16.3;182.9;0.0;0.0
8.2;182.9;0.0;0.0
8.2;180.4;0.4;4.0
0.0;180.4;0.0;0.0
8.1;180.4;0.0;0.0
8.2;180.6;0.0;0.0
8.2;211.2;15.0;0.0
8.1;211.2;84.9;0.0
8.1;211.2;89.0;0.0
8.1;211.4;81.2;0.0
16.3;211.4;97.1;0.0
8.3;211.4;90.5;0.0
8.1;211.4;95.6;0.0
8.0;211.4;38.1;0.0
8.2;211.6;21.5;0.0
8.2;211.6;37.2;0.0
8.2;211.6;42.0;0.0
8.2;211.6;38.6;0.0
8.2;211.6;36.3;0.0
8.2;211.6;32.7;0.0
8.2;211.6;39.5;0.0
8.2;211.6;40.7;0.0
8.2;211.6;37.2;0.0
8.2;211.6;43.2;0.0
0.0;211.6;51.6;0.0
8.2;211.6;40.4;0.0
8.2;211.6;37.6;0.0
8.1;211.6;45.0;0.0
8.2;211.6;47.8;0.0
8.2;211.6;28.6;0.0
8.2;211.6;37.3;0.0
8.2;211.6;40.0;0.0
8.2;211.6;39.1;0.0
8.1;211.6;39.4;0.0
8.1;211.6;40.2;0.0
16.3;211.6;33.8;0.0
8.2;211.6;37.7;0.0
8.2;211.6;46.0;0.0
8.0;211.6;49.1;0.0
8.1;211.6;45.6;0.0
8.2;211.6;48.7;0.0
8.2;211.6;34.4;0.0
8.2;235.5;22.6;0.0
8.2;242.9;1.6;0.0
8.2;242.9;0.0;0.0
8.1;242.9;0.0;0.0
8.2;242.9;0.0;0.0
8.2;242.9;0.2;68.0
8.2;242.9;0.0;0.0
8.1;242.9;0.0;0.0
8.2;242.9;0.2;64.0
8.2;242.9;0.0;0.0
16.4;242.9;0.0;0.0
8.2;242.9;0.0;0.0
8.2;242.9;0.2;64.0
8.1;242.9;0.0;0.0
8.2;242.9;0.0;0.0
8.1;242.9;0.2;64.0
8.2;242.9;0.0;0.0
8.1;242.9;0.0;0.0
8.2;242.9;0.0;0.0
8.2;242.9;0.2;64.0
8.2;242.9;0.0;0.0
8.3;242.9;0.0;0.0
8.2;242.9;0.0;0.0
8.2;212.5;0.3;64.0
8.2;212.5;0.0;0.0
8.1;212.5;0.0;0.0
8.2;212.6;0.0;0.0
8.1;212.6;0.0;0.0
8.2;212.6;0.0;0.0
8.0;212.6;0.0;0.0
8.2;212.6;0.0;0.0
8.1;212.6;0.0;0.0
8.2;181.5;0.0;0.0
8.1;0.0;0.0;0.0
0.0;0.0;0.0;0.0
