102.2;26.9;4.4;0.0
98.8;28.5;4.5;0.0
98.9;30.4;1.5;0.0
98.9;31.6;2.0;0.0
90.2;32.4;3.2;0.0
8.2;33.3;2.0;0.0
8.2;37.9;4.0;0.0
8.1;41.2;4.6;0.0
0.0;42.3;3.0;0.0
16.5;43.7;5.2;0.0
0.0;46.6;5.5;0.0
8.2;48.1;4.2;0.0
8.1;50.2;3.3;0.0
8.2;51.0;0.9;0.0
0.0;52.8;3.4;0.0
16.0;54.4;1.9;0.0
8.1;56.2;1.5;0.0
8.2;57.4;6.6;0.0
8.2;59.2;4.7;0.0
8.1;59.9;0.8;0.0
8.3;60.4;2.1;0.0
8.2;62.0;5.0;0.0
0.0;62.5;2.0;0.0
8.1;60.6;2.2;0.0
8.1;61.9;4.1;0.0
8.2;62.9;3.0;0.0
8.1;63.7;0.6;0.0
8.2;65.9;2.4;0.0
0.0;68.3;2.5;0.0
8.2;69.1;1.0;0.0
16.4;70.7;2.0;0.0
0.0;72.5;3.6;0.0
8.2;74.2;5.9;0.0
8.2;75.9;8.1;0.0
8.2;77.1;2.8;0.0
16.4;77.9;0.8;0.0
8.1;78.2;2.1;0.0
0.0;78.6;0.4;0.0
16.4;78.7;2.4;0.0
0.0;79.8;5.4;0.0
16.5;80.8;7.1;0.0
0.0;82.2;5.2;0.0
8.2;84.2;3.6;0.0
8.2;85.2;4.6;0.0
0.0;86.4;6.0;0.0
8.1;87.8;3.8;0.0
8.2;88.7;4.4;0.0
8.2;89.7;5.8;0.0
8.2;91.0;4.6;0.0
8.2;92.0;3.4;0.0
8.0;92.6;3.8;0.0
8.2;93.9;4.6;0.0
0.0;94.7;6.4;0.0
8.2;97.6;7.0;0.0
8.2;98.4;6.4;0.0
8.1;99.1;2.9;0.0
8.2;99.6;4.0;0.0
8.2;100.7;3.5;0.0
8.1;103.8;8.3;0.0
8.2;104.8;6.1;0.0
0.0;105.9;2.6;0.0
8.1;105.9;0.0;0.0
24.7;113.6;0.9;0.0
90.9;117.7;7.2;0.0
99.0;120.1;4.4;0.0
99.0;121.6;5.0;0.0
99.0;123.0;7.3;0.0
99.0;124.8;6.3;0.0
99.1;126.0;5.2;0.0
107.3;128.7;4.3;0.0
99.1;130.1;1.5;0.0
99.2;130.4;0.0;0.0
81.6;130.6;0.0;0.0
16.3;131.1;0.0;0.0
8.2;131.4;0.0;0.0
8.2;132.1;0.6;0.0
8.2;133.1;0.8;0.0
8.2;134.1;3.8;0.0
8.2;134.8;1.4;0.0
8.2;136.2;3.2;0.0
16.5;136.7;0.0;0.0
0.0;136.9;2.8;0.0
0.0;136.9;2.4;0.0
8.2;138.5;6.4;0.0
7.9;140.1;5.9;0.0
8.2;142.9;7.8;0.0
8.1;146.3;7.4;0.0
8.1;149.3;5.4;0.0
16.5;150.6;3.2;0.0
0.0;150.6;0.0;0.0
8.3;150.6;0.1;0.0
0.0;150.6;0.0;0.0
0.0;150.6;0.2;0.0
0.0;150.6;1.6;0.0
0.0;150.6;0.0;0.0
0.0;150.6;0.2;0.0
0.0;150.6;1.7;0.0
0.0;150.6;5.3;0.0
0.0;150.6;0.0;0.0
0.0;150.6;3.6;0.0
0.0;150.6;0.7;0.0
0.0;150.6;0.0;0.0
0.0;150.7;1.8;0.0
0.0;150.7;0.6;0.0
0.0;150.7;0.7;0.0
0.0;150.7;0.4;0.0
0.0;150.7;0.0;0.0
0.0;150.7;1.6;0.0
0.0;150.7;0.0;0.0
0.0;150.7;1.8;0.0
0.0;150.7;0.0;0.0
0.0;150.7;1.2;0.0
0.0;151.0;2.7;0.0
0.0;151.0;2.8;0.0
0.0;151.0;1.9;0.0
0.0;151.0;0.2;0.0
0.0;151.0;0.0;0.0
0.0;151.0;2.1;0.0
0.0;151.2;1.6;0.0
0.0;151.2;0.3;0.0
0.0;151.2;0.0;0.0
0.0;151.2;1.6;0.0
0.0;151.2;1.0;0.0
8.2;153.1;0.7;0.0
8.2;154.5;0.0;0.0
8.1;155.1;0.0;0.0
8.2;155.1;0.0;0.0
8.0;155.3;0.0;0.0
8.2;155.4;0.4;0.0
8.0;155.4;0.0;0.0
8.2;155.4;0.0;0.0
8.1;155.4;0.0;0.0
8.2;155.4;0.0;0.0
8.1;155.4;0.0;0.0
8.2;155.4;0.0;0.0
8.2;156.2;0.0;0.0
8.1;156.2;0.0;0.0
8.2;156.2;0.0;0.0
8.3;156.2;0.0;0.0
8.1;156.2;0.0;0.0
8.2;156.2;0.0;0.0
8.1;156.2;0.0;0.0
8.2;156.2;0.0;0.0
8.1;156.2;0.0;0.0
8.2;156.2;0.0;0.0
8.2;156.4;0.0;0.0
8.1;156.4;0.0;0.0
8.2;156.4;0.0;0.0
8.1;156.4;0.0;0.0
8.0;156.4;0.0;0.0
8.2;156.4;0.0;0.0
8.1;156.4;0.0;0.0
8.2;156.4;0.0;0.0
8.1;156.4;0.0;0.0
16.0;156.4;0.0;0.0
8.2;156.4;0.0;0.0
8.1;156.4;0.0;0.0
8.2;156.4;0.0;0.0
8.1;156.4;0.0;0.0
8.0;156.4;0.0;0.0
8.1;156.4;0.0;0.0
8.2;156.4;0.0;0.0
8.1;156.4;0.0;0.0
8.2;156.4;0.0;0.0
8.0;156.4;0.0;0.0
8.2;156.4;0.0;0.0
8.1;156.4;0.0;0.0
8.0;156.4;0.0;0.0
16.1;156.4;0.0;0.0
8.2;156.4;0.0;0.0
8.1;156.4;0.0;0.0
8.2;156.4;0.0;0.0
8.0;156.4;0.0;0.0
8.2;156.4;0.0;0.0
8.1;156.4;0.0;0.0
8.2;156.4;0.0;0.0
8.2;156.8;0.0;0.0
8.0;156.8;0.0;0.0
8.1;156.8;0.0;0.0
7.4;156.8;0.0;0.0
8.1;156.8;0.0;0.0
8.2;156.8;0.0;0.0
16.5;156.8;0.0;0.0
8.3;156.8;0.0;0.0
8.2;156.8;0.0;0.0
8.1;156.8;0.0;0.0
8.2;156.8;0.0;0.0
8.0;156.8;0.0;0.0
8.2;156.8;0.0;0.0
8.1;156.8;0.0;0.0
8.2;156.8;0.0;0.0
8.1;156.8;0.0;0.0
8.2;156.8;0.0;0.0
16.3;156.8;0.0;0.0
8.3;156.8;0.0;0.0
8.2;156.8;0.0;0.0
8.1;156.8;0.0;0.0
8.2;156.8;0.0;0.0
8.1;156.8;0.0;0.0
8.2;156.8;0.0;0.0
8.0;156.8;0.0;0.0
8.2;156.8;0.0;0.0
8.0;156.8;0.0;0.0
8.2;156.8;0.0;0.0
16.3;156.8;0.0;0.0
8.1;156.8;0.0;0.0
8.2;156.8;0.0;0.0
8.1;156.8;0.0;0.0
8.2;156.8;0.0;0.0
8.0;156.8;0.0;0.0
8.1;157.4;0.0;0.0
8.1;157.7;0.0;0.0
8.2;157.7;0.3;0.0
0.0;157.7;0.0;0.0
0.0;157.7;0.1;0.0
0.0;157.7;0.0;0.0
0.0;157.7;0.9;0.0
0.0;157.7;1.0;0.0
0.0;157.7;0.0;0.0
0.0;157.7;3.6;0.0
0.0;157.7;1.0;0.0
0.0;157.7;1.1;0.0
0.0;157.7;1.6;0.0
0.0;157.7;3.0;0.0
0.0;157.7;1.6;0.0
8.2;157.8;0.4;0.0
8.2;157.8;0.0;0.0
8.1;157.8;0.0;0.0
8.2;157.8;0.0;0.0
8.1;157.8;0.0;0.0
8.0;157.8;0.0;0.0
8.2;157.8;0.0;0.0
16.2;157.8;0.0;0.0
8.3;157.8;0.0;0.0
8.1;157.8;0.0;0.0
8.2;157.8;0.0;0.0
8.3;157.8;0.0;0.0
8.2;157.8;0.0;0.0
8.1;157.8;0.0;0.0
8.2;157.8;0.0;0.0
8.1;157.8;0.0;0.0
8.2;157.8;0.0;0.0
8.1;157.8;0.0;0.0
8.2;157.8;0.0;0.0
8.1;157.8;0.0;0.0
8.2;157.8;0.0;0.0
16.4;157.8;0.0;0.0
8.2;157.8;0.0;0.0
8.1;157.8;0.0;0.0
8.2;157.8;0.0;0.0
8.1;157.8;0.0;0.0
8.2;157.8;0.0;0.0
8.1;157.8;0.0;0.0
8.2;157.8;0.0;0.0
8.1;157.8;0.0;0.0
8.2;157.8;0.0;0.0
8.1;157.8;0.0;0.0
8.2;157.8;0.0;0.0
8.1;157.8;0.0;0.0
16.0;157.8;0.0;0.0
8.2;157.8;0.0;0.0
8.1;157.8;0.0;0.0
8.2;157.8;0.0;0.0
8.1;157.8;0.0;0.0
8.2;157.8;0.0;0.0
8.3;158.1;0.0;0.0
77.0;172.1;0.0;0.0
107.3;172.1;0.0;0.0
99.0;172.6;0.5;0.0
98.7;172.6;0.6;0.0
98.9;172.6;0.0;0.0
90.7;172.6;0.0;0.0
90.6;172.6;0.0;0.0
90.3;172.6;0.2;0.0
91.0;172.6;0.0;0.0
90.7;172.6;0.0;0.0
99.1;172.6;0.9;0.0
72.5;172.6;2.8;0.0
0.0;172.6;0.0;0.0
0.0;172.6;0.6;0.0
0.0;172.6;2.2;0.0
0.0;172.6;0.6;0.0
0.0;172.6;0.1;0.0
0.0;172.6;0.0;0.0
0.0;172.6;2.7;0.0
0.0;172.6;1.0;0.0
0.0;172.6;1.1;0.0
0.0;172.9;2.4;0.0
0.0;172.9;1.1;0.0
0.0;173.1;0.7;0.0
0.0;173.1;1.4;0.0
0.0;173.1;1.2;0.0
0.0;173.1;2.7;0.0
0.0;173.1;0.9;0.0
0.0;175.4;1.9;0.0
19.8;176.6;0.4;0.0
99.1;177.1;1.5;0.0
99.1;177.4;0.3;0.0
99.1;177.4;0.4;0.0
99.2;177.7;0.7;0.0
99.1;177.9;0.5;0.0
99.0;177.9;0.4;0.0
99.0;177.9;0.5;0.0
98.8;177.9;2.2;0.0
98.9;177.9;0.7;0.0
98.9;177.9;0.5;0.0
98.8;177.9;0.4;0.0
106.9;177.9;1.0;0.0
98.5;177.9;0.6;0.0
90.7;176.2;0.5;0.0
98.9;176.5;0.5;0.0
90.8;176.5;0.3;0.0
90.4;176.5;0.6;0.0
99.0;176.5;0.8;0.0
90.8;176.5;0.4;0.0
90.7;176.5;0.3;0.0
94.5;182.0;0.3;0.0
107.2;178.4;0.0;0.0
48.9;178.9;0.0;0.0
8.2;178.9;0.0;0.0
8.2;179.4;0.0;0.0
8.0;179.4;0.0;0.0
8.1;179.4;0.0;0.0
8.2;179.4;0.0;0.0
8.0;179.4;0.0;0.0
8.1;180.2;0.0;0.0
16.1;180.2;0.0;0.0
8.3;180.2;0.0;0.0
8.2;180.2;0.0;0.0
8.1;180.2;0.0;0.0
8.2;180.2;0.0;0.0
8.1;180.2;0.0;0.0
8.2;180.2;0.0;0.0
8.1;180.2;0.0;0.0
8.2;180.2;0.0;0.0
8.0;180.2;0.0;0.0
8.2;180.2;0.0;0.0
8.1;180.2;0.0;0.0
8.2;180.2;0.0;0.0
8.2;177.7;0.4;4.0
8.3;177.7;0.0;0.0
8.2;177.7;0.0;0.0
8.2;177.8;0.0;0.0
8.2;186.3;0.0;0.0
8.2;208.5;32.7;0.0
8.2;208.5;83.4;0.0
8.2;208.5;53.8;0.0
8.2;208.7;78.3;0.0
8.2;208.7;83.6;0.0
8.2;208.7;81.9;0.0
8.2;208.7;66.1;0.0
8.2;208.7;64.4;0.0
8.1;208.7;46.6;0.0
8.2;208.9;6.7;0.0
8.1;208.9;39.0;0.0
8.1;208.9;28.8;0.0
8.2;208.9;44.6;0.0
16.3;208.9;34.6;0.0
0.0;208.9;40.8;0.0
8.1;208.9;30.6;0.0
8.1;208.9;46.7;0.0
8.2;208.9;40.5;0.0
16.4;208.9;35.4;0.0
8.2;208.9;44.1;0.0
8.1;208.9;41.7;0.0
8.2;208.9;43.7;0.0
8.3;208.9;32.7;0.0
8.1;208.9;38.7;0.0
8.1;208.9;41.5;0.0
8.2;208.9;33.9;0.0
8.2;208.9;41.5;0.0
8.2;208.9;32.4;0.0
8.2;208.9;30.7;0.0
8.2;208.9;19.3;0.0
8.2;208.9;39.2;0.0
8.2;208.9;25.3;0.0
8.2;208.9;30.5;0.0
8.2;208.9;38.8;0.0
8.2;208.9;40.8;0.0
8.2;208.9;38.8;0.0
8.1;208.9;39.8;0.0
8.1;208.9;41.9;0.0
8.2;208.9;42.9;0.0
8.1;212.0;46.7;0.0
8.2;240.1;0.2;0.0
8.2;240.3;1.4;0.0
8.1;240.3;0.0;0.0
8.2;240.3;0.0;0.0
8.0;240.3;0.0;0.0
8.2;240.3;0.0;0.0
8.1;240.3;0.0;0.0
8.2;240.3;0.0;0.0
8.2;240.3;0.2;68.0
8.1;240.3;0.0;0.0
8.2;240.3;0.2;64.0
8.2;240.3;0.0;0.0
8.1;240.3;0.0;0.0
8.1;240.3;0.2;64.0
8.1;240.3;0.0;0.0
8.2;240.3;0.0;0.0
8.2;240.3;0.2;64.0
8.1;240.3;0.0;0.0
8.3;240.3;0.0;0.0
8.2;240.3;0.0;0.0
8.1;240.3;0.2;64.0
8.2;240.3;0.0;0.0
16.5;240.3;0.0;0.0
8.3;240.3;0.0;0.0
8.2;240.3;0.0;0.0
8.2;209.9;0.3;64.0
8.2;209.9;0.0;0.0
8.1;209.9;0.0;0.0
8.0;209.9;0.0;0.0
8.2;209.9;0.0;0.0
7.9;209.9;0.0;0.0
8.2;209.9;0.0;0.0
8.1;209.9;0.0;0.0
8.0;209.9;0.0;0.0
8.1;209.9;0.0;0.0
8.0;179.4;0.0;0.0
16.3;0.0;0.0;0.0
0.0;0.0;0.0;0.0
96.7;23.6;1.6;0.0
97.6;24.6;3.4;0.0
98.9;25.2;1.0;0.0
98.9;26.2;3.4;0.0
98.8;27.3;3.4;0.0
110.7;29.0;3.8;0.0
98.9;31.3;4.5;0.0
98.9;33.3;2.4;0.0
82.4;34.3;2.0;0.0
8.2;35.4;3.6;0.0
8.3;37.6;3.1;0.0
8.3;40.8;2.7;0.0
8.2;43.9;4.2;0.0
8.3;44.7;3.1;0.0
0.0;46.1;5.5;0.0
8.3;48.5;4.3;0.0
8.2;50.9;4.3;0.0
8.1;52.4;3.3;0.0
8.2;53.3;2.2;0.0
8.2;55.9;2.8;0.0
8.2;56.4;0.7;0.0
8.2;57.9;2.9;0.0
8.2;59.5;6.2;0.0
8.2;61.2;4.1;0.0
8.2;61.9;1.4;0.0
0.0;63.0;1.9;0.0
16.5;64.3;5.6;0.0
0.0;65.1;1.6;0.0
8.1;59.3;4.4;0.0
0.0;60.5;1.0;0.0
8.2;61.9;3.2;0.0
16.2;62.8;1.5;0.0
0.0;65.5;2.6;0.0
8.1;67.0;1.2;0.0
8.2;67.8;1.2;0.0
8.2;69.2;2.2;0.0
8.1;71.0;3.4;0.0
8.2;72.7;6.1;0.0
8.2;74.5;8.3;0.0
8.2;75.7;2.2;0.0
8.1;76.4;1.2;0.0
8.0;76.7;0.9;0.0
8.2;77.2;1.2;0.0
8.1;77.5;3.4;0.0
0.0;78.6;6.2;0.0
8.1;79.3;6.1;0.0
0.0;82.3;5.0;0.0
8.2;82.7;3.6;0.0
8.2;83.7;5.2;0.0
8.2;85.5;5.0;0.0
8.1;86.5;4.8;0.0
8.1;87.2;3.6;0.0
8.2;88.3;5.0;0.0
8.2;89.2;4.8;0.0
8.2;90.5;3.0;0.0
8.2;91.1;3.6;0.0
8.2;92.5;5.4;0.0
0.0;93.2;6.4;0.0
8.2;96.1;7.2;0.0
16.2;97.2;6.4;0.0
0.0;97.6;2.7;0.0
8.2;98.5;5.3;0.0
8.2;99.6;3.2;0.0
8.1;102.7;7.3;0.0
8.2;104.4;8.7;0.0
8.0;104.6;0.0;0.0
8.1;104.6;0.0;0.0
16.4;108.4;0.9;0.0
73.3;118.4;0.0;0.0
98.9;124.6;4.1;0.0
98.7;128.2;6.9;0.0
101.7;130.0;4.8;0.0
107.2;131.4;6.3;0.0
98.9;133.0;6.4;0.0
99.0;134.4;5.3;0.0
98.9;137.4;5.9;0.0
98.9;138.7;1.5;0.0
81.9;139.1;0.0;0.0
49.4;139.4;0.0;0.0
8.2;139.7;0.0;0.0
8.2;140.2;0.0;0.0
8.2;140.7;0.6;0.0
8.2;141.8;1.4;0.0
0.0;142.9;4.2;0.0
8.0;144.5;3.4;0.0
8.2;145.0;0.2;0.0
8.3;145.3;1.4;0.0
8.2;145.3;4.0;0.0
8.2;147.1;5.8;0.0
8.2;148.1;4.2;0.0
0.0;150.2;6.9;0.0
8.2;154.1;8.6;0.0
8.0;157.2;6.2;0.0
8.2;159.3;4.1;0.0
0.0;159.3;0.0;0.0
0.0;159.3;0.2;0.0
0.0;159.3;0.0;0.0
0.0;159.3;0.1;0.0
0.0;159.3;0.0;0.0
8.2;159.3;1.8;0.0
0.0;159.3;0.0;0.0
0.0;159.3;0.6;0.0
0.0;159.3;0.0;0.0
0.0;159.3;6.2;0.0
0.0;159.3;0.0;0.0
0.0;159.3;0.9;0.0
0.0;159.3;0.0;0.0
0.0;159.3;1.8;0.0
0.0;159.3;2.3;0.0
0.0;159.3;0.0;0.0
0.0;159.6;1.8;0.0
0.0;159.6;0.0;0.0
0.0;159.6;2.2;0.0
0.0;159.6;2.8;0.0
0.0;159.6;0.0;0.0
0.0;159.6;1.2;0.0
0.0;159.6;1.4;0.0
0.0;159.6;0.8;0.0
0.0;159.8;0.5;0.0
0.0;159.8;1.1;0.0
0.0;159.8;2.1;0.0
0.0;159.8;0.6;0.0
0.0;159.8;0.7;0.0
0.0;159.8;0.0;0.0
0.0;160.1;5.8;0.0
0.0;160.1;1.1;0.0
0.0;161.8;1.5;0.0
16.4;162.4;0.0;0.0
8.0;163.6;0.0;0.0
8.1;163.6;0.0;0.0
0.0;164.2;0.4;0.0
16.4;164.2;0.0;0.0
0.0;164.4;0.0;0.0
16.3;164.4;0.0;0.0
0.0;164.4;0.0;0.0
8.0;164.4;0.0;0.0
8.1;164.4;0.0;0.0
8.0;164.4;0.0;0.0
8.2;164.4;0.0;0.0
16.0;164.4;0.0;0.0
0.0;165.2;0.0;0.0
8.0;165.2;0.0;0.0
8.2;165.2;0.0;0.0
24.6;165.2;0.0;0.0
0.0;165.2;0.0;0.0
8.1;165.2;0.0;0.0
8.2;165.2;0.0;0.0
8.1;165.2;0.0;0.0
8.2;165.2;0.0;0.0
8.0;165.2;0.0;0.0
8.1;165.2;0.0;0.0
8.2;165.2;0.0;0.0
8.1;165.2;0.0;0.0
8.3;165.2;0.0;0.0
8.2;165.2;0.0;0.0
8.1;165.2;0.0;0.0
8.2;165.2;0.0;0.0
16.1;165.2;0.0;0.0
8.2;165.2;0.0;0.0
8.0;165.2;0.0;0.0
8.2;165.2;0.0;0.0
8.2;165.3;0.0;0.0
8.0;165.3;0.0;0.0
8.2;165.3;0.0;0.0
8.1;165.3;0.0;0.0
8.2;165.3;0.0;0.0
8.1;165.3;0.0;0.0
16.3;165.3;0.0;0.0
0.0;165.3;0.0;0.0
8.1;165.3;0.0;0.0
8.0;165.3;0.0;0.0
16.3;165.3;0.0;0.0
0.0;165.3;0.0;0.0
8.2;165.3;0.0;0.0
7.9;165.3;0.0;0.0
8.0;165.3;0.0;0.0
8.2;165.3;0.0;0.0
16.1;165.3;0.0;0.0
0.0;165.3;0.0;0.0
8.0;165.3;0.0;0.0
8.2;165.3;0.0;0.0
8.0;165.3;0.0;0.0
8.2;165.3;0.0;0.0
8.1;165.3;0.0;0.0
16.1;165.3;0.0;0.0
8.2;165.3;0.0;0.0
8.2;165.8;0.0;0.0
8.1;165.8;0.0;0.0
8.2;165.8;0.0;0.0
8.1;165.8;0.0;0.0
8.2;165.8;0.0;0.0
8.1;165.8;0.0;0.0
16.5;165.8;0.0;0.0
8.2;165.8;0.0;0.0
0.0;165.8;0.0;0.0
8.2;165.8;0.0;0.0
7.9;165.8;0.0;0.0
8.0;165.8;0.0;0.0
8.2;165.8;0.0;0.0
8.0;165.8;0.0;0.0
8.1;165.8;0.0;0.0
8.2;165.8;0.0;0.0
8.1;165.8;0.0;0.0
8.2;165.8;0.0;0.0
8.0;165.8;0.0;0.0
8.2;165.8;0.0;0.0
8.1;165.8;0.0;0.0
8.2;165.8;0.0;0.0
8.1;165.8;0.0;0.0
16.2;165.8;0.0;0.0
8.2;165.8;0.0;0.0
8.1;165.8;0.0;0.0
7.9;165.8;0.0;0.0
8.0;165.8;0.0;0.0
8.1;165.8;0.0;0.0
8.2;165.8;0.0;0.0
8.0;165.8;0.0;0.0
8.2;165.8;0.0;0.0
8.1;165.8;0.0;0.0
8.2;165.8;0.0;0.0
8.1;165.8;0.0;0.0
8.2;165.8;0.0;0.0
16.3;165.8;0.0;0.0
8.1;165.8;0.0;0.0
8.2;165.8;0.0;0.0
15.8;165.8;0.0;0.0
0.0;165.8;0.0;0.0
8.2;165.8;0.0;0.0
8.1;165.8;0.0;0.0
8.1;166.1;0.0;0.0
8.1;166.4;0.0;0.0
8.1;166.5;0.0;0.0
8.2;166.5;0.0;0.0
8.1;166.5;0.0;0.0
16.5;166.5;0.3;0.0
0.0;166.5;0.0;0.0
0.0;166.5;0.1;0.0
0.0;166.5;0.0;0.0
0.0;166.5;1.8;0.0
0.0;166.5;0.0;0.0
0.0;166.5;6.5;0.0
0.0;166.5;0.5;0.0
0.0;166.5;0.0;0.0
0.0;166.5;5.9;0.0
0.0;166.5;1.8;0.0
0.0;166.5;1.7;0.0
0.0;171.2;3.4;0.0
8.1;166.6;0.0;0.0
8.2;166.6;0.0;0.0
8.1;166.6;0.0;0.0
8.2;166.6;0.0;0.0
8.1;166.6;0.0;0.0
8.2;166.6;0.0;0.0
8.0;166.6;0.0;0.0
16.1;166.6;0.0;0.0
8.2;166.6;0.0;0.0
8.0;166.6;0.0;0.0
8.2;166.6;0.0;0.0
8.1;166.6;0.0;0.0
8.2;166.6;0.0;0.0
8.0;166.6;0.0;0.0
8.2;166.6;0.0;0.0
16.5;166.6;0.0;0.0
8.2;166.6;0.0;0.0
8.1;166.6;0.0;0.0
8.2;166.6;0.0;0.0
8.0;166.6;0.0;0.0
8.2;166.6;0.0;0.0
8.1;166.6;0.0;0.0
8.2;166.6;0.0;0.0
8.1;166.6;0.0;0.0
8.2;166.6;0.0;0.0
8.1;166.6;0.0;0.0
8.2;166.6;0.0;0.0
16.5;166.6;0.0;0.0
8.2;166.6;0.0;0.0
7.9;166.6;0.0;0.0
8.2;166.6;0.0;0.0
7.9;166.6;0.0;0.0
8.2;166.6;0.0;0.0
66.1;178.9;0.0;0.0
99.1;178.9;0.0;0.0
106.7;179.4;0.7;0.0
98.2;179.4;0.4;0.0
90.4;179.4;0.0;0.0
91.1;179.4;0.2;0.0
90.1;179.4;0.0;0.0
90.2;179.4;0.0;0.0
107.5;179.4;3.7;0.0
89.9;179.4;0.0;0.0
49.5;179.4;0.8;0.0
0.0;179.4;0.0;0.0
0.0;179.4;5.2;0.0
0.0;179.4;0.7;0.0
0.0;179.4;0.6;0.0
0.0;179.4;1.2;0.0
16.5;179.7;4.1;0.0
0.0;179.7;1.1;0.0
0.0;179.7;0.1;0.0
0.0;179.7;0.0;0.0
0.0;179.9;2.3;0.0
0.0;180.9;2.5;0.0
66.1;181.5;0.5;0.0
90.9;181.8;1.8;0.0
90.8;182.0;0.9;0.0
98.7;182.6;0.0;0.0
98.9;182.6;0.3;0.0
115.7;182.6;0.0;0.0
98.9;182.6;0.8;0.0
98.9;182.6;1.1;0.0
98.9;182.6;0.3;0.0
98.9;182.8;0.5;0.0
98.8;182.8;0.3;0.0
98.9;182.8;1.0;0.0
98.8;182.9;0.3;0.0
90.2;182.9;0.5;0.0
90.5;182.9;0.0;0.0
90.8;182.9;0.0;0.0
90.8;182.9;0.7;0.0
90.2;182.9;0.5;0.0
91.1;182.9;0.3;0.0
90.1;182.9;0.5;0.0
0.0;183.1;0.5;0.0
0.0;183.1;0.6;0.0
0.0;183.1;1.7;0.0
0.0;183.1;0.0;0.0
0.0;183.1;1.4;0.0
0.0;183.1;0.0;0.0
0.0;186.9;1.4;0.0
8.2;185.5;0.0;0.0
8.1;185.5;0.0;0.0
16.3;186.0;0.0;0.0
8.1;186.0;0.0;0.0
8.2;186.0;0.0;0.0
8.1;186.0;0.0;0.0
8.2;186.0;0.0;0.0
8.2;186.8;0.0;0.0
7.9;186.8;0.0;0.0
8.1;186.8;0.0;0.0
8.2;186.8;0.0;0.0
8.1;186.8;0.0;0.0
8.2;186.8;0.0;0.0
8.1;186.8;0.0;0.0
8.2;186.8;0.0;0.0
8.1;186.8;0.0;0.0
8.2;186.8;0.0;0.0
0.0;184.4;0.4;4.0
8.1;184.4;0.0;0.0
8.2;184.4;0.0;0.0
8.1;196.9;0.0;0.0
8.1;215.1;32.4;0.0
8.2;215.1;82.3;0.0
8.2;215.1;65.5;0.0
8.2;215.3;65.5;0.0
8.2;215.3;79.5;0.0
8.1;215.3;82.9;0.0
8.3;215.3;81.1;0.0
8.2;215.3;77.4;0.0
8.2;215.6;24.6;0.0
8.2;215.6;21.9;0.0
8.2;215.6;36.8;0.0
8.1;215.6;33.5;0.0
8.2;215.6;43.1;0.0
16.5;215.6;32.8;0.0
8.2;215.6;37.3;0.0
8.2;215.6;32.1;0.0
8.2;215.6;45.5;0.0
8.2;215.6;41.9;0.0
8.1;215.6;40.4;0.0
8.2;215.6;50.9;0.0
8.1;215.6;36.9;0.0
8.1;215.6;43.0;0.0
8.1;215.6;37.6;0.0
8.2;215.6;39.4;0.0
8.2;215.6;31.6;0.0
8.2;215.6;42.1;0.0
8.2;215.6;33.9;0.0
8.2;215.6;39.2;0.0
8.2;215.6;41.5;0.0
8.0;215.6;38.0;0.0
8.0;215.6;36.2;0.0
8.2;215.6;47.9;0.0
16.3;215.6;40.6;0.0
8.2;215.6;43.6;0.0
8.1;215.6;44.5;0.0
8.2;215.6;40.0;0.0
8.2;215.6;49.5;0.0
8.2;226.6;31.7;0.0
7.9;246.8;1.2;0.0
8.1;246.8;0.4;0.0
8.2;246.8;0.0;0.0
8.3;246.8;0.0;0.0
8.2;246.8;0.0;0.0
8.2;246.8;0.2;68.0
8.0;246.8;0.0;0.0
8.1;246.8;0.0;0.0
8.2;246.8;0.2;64.0
8.2;246.8;0.0;0.0
8.1;246.8;0.0;0.0
8.2;246.8;0.2;64.0
8.2;246.8;0.0;0.0
8.1;246.8;0.0;0.0
8.2;246.8;0.2;64.0
8.2;246.8;0.0;0.0
8.1;246.8;0.2;64.0
8.2;246.8;0.0;0.0
8.1;246.8;0.0;0.0
8.2;246.8;0.0;0.0
8.0;246.8;0.0;0.0
8.2;246.8;0.0;0.0
8.2;216.4;0.3;64.0
8.0;216.4;0.0;0.0
8.2;216.4;0.0;0.0
8.2;216.5;0.0;0.0
8.1;216.5;0.0;0.0
8.2;216.5;0.0;0.0
16.0;216.5;0.0;0.0
8.2;216.5;0.0;0.0
8.2;186.0;0.0;0.0
8.2;0.0;0.0;0.0
0.0;0.0;0.0;0.0
98.9;27.7;4.4;0.0
98.8;28.6;2.4;0.0
98.9;30.2;4.2;0.0
107.2;32.2;1.2;0.0
41.2;33.5;2.8;0.0
8.2;34.8;4.0;0.0
8.2;36.7;2.5;0.0
8.2;39.7;3.2;0.0
8.2;43.4;4.3;0.0
0.0;44.2;5.1;0.0
8.1;45.7;4.9;0.0
0.0;48.7;4.7;0.0
16.2;50.6;3.4;0.0
8.1;52.0;2.6;0.0
8.2;54.2;2.9;0.0
8.1;55.7;2.1;0.0
8.1;55.9;0.5;0.0
8.1;57.8;5.3;0.0
8.1;59.7;5.8;0.0
8.2;61.0;2.5;0.0
8.2;61.7;1.3;0.0
8.2;63.1;2.8;0.0
0.0;63.9;4.6;0.0
8.2;64.4;2.0;0.0
0.0;65.0;4.4;0.0
8.2;66.5;3.4;0.0
8.2;67.2;0.6;0.0
16.1;69.5;1.5;0.0
0.0;71.2;3.0;0.0
8.1;72.1;0.4;0.0
8.2;73.5;1.6;0.0
8.1;75.9;5.0;0.0
8.1;77.1;1.8;0.0
8.0;78.9;9.8;0.0
16.4;80.6;5.0;0.0
8.3;81.1;0.2;0.0
8.2;81.6;1.4;0.0
0.0;82.4;1.9;0.0
8.0;82.4;0.0;0.0
8.2;83.2;4.2;0.0
8.3;83.6;3.6;0.0
0.0;84.3;6.3;0.0
8.2;85.2;3.6;0.0
8.2;87.7;3.2;0.0
0.0;88.3;4.6;0.0
0.0;89.1;4.2;0.0
8.0;90.4;4.6;0.0
0.0;91.5;2.6;0.0
8.0;92.3;5.2;0.0
8.2;93.3;4.8;0.0
8.0;94.5;5.8;0.0
16.3;95.8;3.6;0.0
8.1;96.5;3.0;0.0
0.0;97.7;5.4;0.0
8.2;98.2;4.0;0.0
0.0;99.8;8.6;0.0
0.0;102.1;6.0;0.0
16.2;102.6;2.2;0.0
0.0;103.0;2.9;0.0
8.2;103.8;4.3;0.0
8.1;105.1;4.9;0.0
8.0;107.9;7.2;0.0
8.1;109.7;7.1;0.0
8.2;109.7;0.0;0.0
49.6;118.1;2.7;0.0
99.1;122.8;7.2;0.0
99.1;124.2;4.4;0.0
99.1;126.2;7.3;0.0
107.4;127.9;7.6;0.0
99.1;129.9;5.7;0.0
99.0;133.8;7.0;0.0
98.9;134.1;0.2;0.0
99.0;134.5;0.0;0.0
98.9;134.8;0.0;0.0
56.7;135.1;0.0;0.0
0.0;135.3;0.0;0.0
8.2;136.0;0.6;0.0
8.2;137.0;1.0;0.0
16.4;138.0;3.6;0.0
0.0;138.5;1.0;0.0
8.2;139.9;3.4;0.0
8.1;140.4;0.2;0.0
8.2;140.7;0.0;0.0
8.2;140.7;3.2;0.0
8.2;140.9;4.2;0.0
8.2;142.8;5.2;0.0
8.1;144.4;5.9;0.0
8.2;147.4;7.4;0.0
8.2;150.7;7.2;0.0
8.2;153.6;6.0;0.0
8.3;154.6;2.3;0.0
0.0;154.6;0.0;0.0
0.0;154.6;0.1;0.0
0.0;154.6;0.0;0.0
0.0;154.6;1.9;0.0
0.0;154.6;0.0;0.0
0.0;154.6;0.2;0.0
0.0;154.6;0.0;0.0
0.0;154.6;6.9;0.0
0.0;154.6;0.0;0.0
0.0;154.6;3.4;0.0
0.0;154.6;1.3;0.0
0.0;154.6;0.0;0.0
0.0;154.6;0.2;0.0
0.0;154.6;0.0;0.0
0.0;154.9;1.8;0.0
0.0;154.9;1.1;0.0
0.0;154.9;0.6;0.0
0.0;154.9;0.7;0.0
0.0;154.9;0.0;0.0
0.0;154.9;2.2;0.0
0.0;154.9;1.4;0.0
0.0;154.9;1.6;0.0
0.0;154.9;1.2;0.0
0.0;155.2;0.8;0.0
0.0;155.2;0.0;0.0
0.0;155.2;1.6;0.0
8.2;155.2;1.3;0.0
0.0;155.2;0.7;0.0
0.0;155.2;0.0;0.0
0.0;155.2;2.0;0.0
0.0;155.2;0.6;0.0
0.0;155.2;0.9;0.0
0.0;155.4;1.7;0.0
0.0;155.4;0.8;0.0
0.0;161.2;0.9;0.0
8.1;158.7;0.0;0.0
8.2;158.7;0.0;0.0
8.0;158.7;0.0;0.0
16.1;159.3;0.4;0.0
0.0;159.6;0.0;0.0
8.0;159.6;0.0;0.0
8.1;159.6;0.0;0.0
8.2;159.6;0.0;0.0
8.1;159.6;0.0;0.0
8.2;159.6;0.0;0.0
16.3;159.6;0.0;0.0
8.2;159.6;0.0;0.0
8.1;160.3;0.0;0.0
8.2;160.3;0.0;0.0
8.1;160.3;0.0;0.0
8.0;160.3;0.0;0.0
16.3;160.3;0.0;0.0
8.0;160.3;0.0;0.0
8.2;160.3;0.0;0.0
8.1;160.3;0.0;0.0
8.2;160.3;0.0;0.0
8.1;160.5;0.0;0.0
8.2;160.5;0.0;0.0
8.0;160.5;0.0;0.0
8.2;160.5;0.0;0.0
8.1;160.5;0.0;0.0
8.0;160.5;0.0;0.0
8.1;160.5;0.0;0.0
8.0;160.5;0.0;0.0
8.2;160.5;0.0;0.0
8.1;160.5;0.0;0.0
8.2;160.5;0.0;0.0
8.1;160.5;0.0;0.0
8.2;160.5;0.0;0.0
8.1;160.5;0.0;0.0
8.2;160.5;0.0;0.0
8.0;160.5;0.0;0.0
8.1;160.5;0.0;0.0
8.2;160.5;0.0;0.0
8.1;160.5;0.0;0.0
8.2;160.5;0.0;0.0
8.0;160.5;0.0;0.0
8.1;160.5;0.0;0.0
8.2;160.9;0.0;0.0
8.0;160.9;0.0;0.0
16.2;160.9;0.0;0.0
8.2;160.9;0.0;0.0
8.2;161.1;0.0;0.0
16.4;161.1;0.0;0.0
8.1;161.1;0.0;0.0
8.2;161.1;0.0;0.0
8.1;161.1;0.0;0.0
8.0;161.1;0.0;0.0
8.2;161.1;0.0;0.0
8.0;161.1;0.0;0.0
8.2;161.1;0.0;0.0
8.1;161.1;0.0;0.0
8.2;161.1;0.0;0.0
16.2;161.1;0.0;0.0
8.2;161.1;0.0;0.0
0.0;161.1;0.0;0.0
8.2;161.1;0.0;0.0
8.1;161.1;0.0;0.0
8.3;161.1;0.0;0.0
8.2;161.1;0.0;0.0
8.0;161.1;0.0;0.0
8.2;161.1;0.0;0.0
8.1;161.1;0.0;0.0
8.2;161.1;0.0;0.0
8.1;161.1;0.0;0.0
8.2;161.1;0.0;0.0
8.1;161.1;0.0;0.0
8.2;161.1;0.0;0.0
16.2;161.1;0.0;0.0
8.2;161.1;0.0;0.0
8.1;161.1;0.0;0.0
8.2;161.1;0.0;0.0
8.0;161.1;0.0;0.0
8.2;161.1;0.0;0.0
8.1;161.1;0.0;0.0
8.2;161.1;0.0;0.0
16.4;161.1;0.0;0.0
8.2;161.1;0.0;0.0
8.0;161.1;0.0;0.0
8.1;161.1;0.0;0.0
8.2;161.1;0.0;0.0
8.3;161.1;0.0;0.0
8.1;161.1;0.0;0.0
8.2;161.1;0.0;0.0
8.1;161.1;0.0;0.0
8.2;161.1;0.0;0.0
8.1;161.1;0.0;0.0
8.2;161.1;0.0;0.0
0.0;161.1;0.0;0.0
8.2;161.1;0.0;0.0
8.1;161.1;0.0;0.0
8.2;161.1;0.0;0.0
8.1;161.1;0.0;0.0
8.0;161.1;0.0;0.0
8.2;161.1;0.0;0.0
8.1;161.1;0.0;0.0
8.0;161.5;0.0;0.0
8.1;161.5;0.0;0.0
8.2;161.8;0.0;0.0
8.1;161.8;0.3;0.0
0.0;161.8;0.0;0.0
0.0;161.8;0.1;0.0
0.0;161.8;0.0;0.0
0.0;161.8;1.8;0.0
0.0;161.8;0.0;0.0
0.0;161.8;0.6;0.0
8.2;161.8;6.4;0.0
0.0;161.8;0.0;0.0
0.0;161.8;0.5;0.0
0.0;161.8;2.6;0.0
0.0;161.8;0.2;0.0
0.0;161.8;1.2;0.0
0.0;161.8;0.0;0.0
0.0;161.8;1.5;0.0
0.0;161.8;0.9;0.0
0.0;161.9;1.5;0.0
8.2;161.9;0.0;0.0
8.1;161.9;0.0;0.0
8.2;161.9;0.0;0.0
8.1;161.9;0.0;0.0
8.2;161.9;0.0;0.0
8.0;161.9;0.0;0.0
8.2;161.9;0.0;0.0
8.1;161.9;0.0;0.0
8.2;161.9;0.0;0.0
8.1;161.9;0.0;0.0
8.2;161.9;0.0;0.0
8.1;161.9;0.0;0.0
8.2;161.9;0.0;0.0
0.0;161.9;0.0;0.0
8.2;161.9;0.0;0.0
8.1;161.9;0.0;0.0
8.2;161.9;0.0;0.0
8.0;161.9;0.0;0.0
8.2;161.9;0.0;0.0
16.2;161.9;0.0;0.0
8.2;161.9;0.0;0.0
8.1;161.9;0.0;0.0
8.2;161.9;0.0;0.0
8.1;161.9;0.0;0.0
8.2;161.9;0.0;0.0
8.0;161.9;0.0;0.0
8.2;161.9;0.0;0.0
8.1;161.9;0.0;0.0
8.0;161.9;0.0;0.0
16.3;161.9;0.0;0.0
8.2;161.9;0.0;0.0
16.2;161.9;0.0;0.0
8.2;161.9;0.0;0.0
8.1;161.9;0.0;0.0
8.0;161.9;0.0;0.0
8.2;161.9;0.0;0.0
8.1;161.9;0.0;0.0
8.2;161.9;0.0;0.0
15.8;162.2;0.0;0.0
82.4;176.2;0.0;0.0
99.0;176.7;0.7;0.0
90.7;176.7;0.2;0.0
97.8;176.7;0.2;0.0
98.9;176.7;0.0;0.0
91.3;176.7;0.1;0.0
90.1;176.7;0.1;0.0
90.6;176.7;0.0;0.0
90.6;176.7;1.9;0.0
98.5;176.7;1.8;0.0
90.4;176.7;0.2;0.0
0.0;176.7;0.0;0.0
0.0;176.7;5.9;0.0
0.0;176.7;0.0;0.0
0.0;176.7;0.1;0.0
0.0;176.7;0.0;0.0
0.0;176.7;3.8;0.0
0.0;176.7;0.0;0.0
0.0;176.7;2.3;0.0
0.0;176.7;0.0;0.0
0.0;176.9;0.3;0.0
0.0;177.2;2.1;0.0
0.0;177.2;3.3;0.0
0.0;177.2;1.0;0.0
8.2;177.2;1.4;0.0
0.0;178.1;0.5;0.0
99.1;179.1;1.9;0.0
99.1;179.3;0.0;0.0
107.4;179.9;0.0;0.0
99.2;179.9;1.8;0.0
99.1;179.9;0.5;0.0
107.3;179.9;0.3;0.0
99.1;180.1;0.5;0.0
98.6;180.1;1.5;0.0
101.5;180.1;1.4;0.0
98.6;180.1;1.2;0.0
98.9;180.1;0.4;0.0
97.9;180.1;0.7;0.0
90.4;180.2;0.7;0.0
87.8;180.2;0.5;0.0
90.4;180.2;0.5;0.0
90.1;180.2;0.0;0.0
98.4;180.4;1.3;0.0
98.3;180.4;0.5;0.0
90.2;180.4;0.3;0.0
90.6;180.4;0.5;0.0
77.2;183.7;0.6;0.0
8.2;182.8;0.0;0.0
8.1;183.3;0.0;0.0
7.9;183.3;0.0;0.0
8.1;183.3;0.0;0.0
8.2;183.3;0.0;0.0
8.1;183.3;0.0;0.0
8.2;183.3;0.0;0.0
8.2;184.1;0.0;0.0
16.4;184.1;0.0;0.0
8.2;184.1;0.0;0.0
8.0;184.1;0.0;0.0
8.1;184.1;0.0;0.0
8.2;184.1;0.0;0.0
16.3;184.1;0.0;0.0
8.3;184.1;0.0;0.0
8.2;184.1;0.0;0.0
8.1;184.1;0.0;0.0
8.2;184.1;0.0;0.0
8.1;184.1;0.0;0.0
8.2;184.1;0.0;0.0
8.0;184.1;0.0;0.0
8.1;184.1;0.0;0.0
0.0;184.1;0.0;0.0
8.2;181.7;0.4;4.0
0.0;181.7;0.0;0.0
8.2;181.7;0.0;0.0
8.1;212.4;0.0;0.0
16.1;212.4;85.7;0.0
8.2;212.4;76.1;0.0
8.2;212.6;51.0;0.0
8.2;212.6;73.3;0.0
8.2;212.6;84.2;0.0
8.2;212.6;83.4;0.0
8.2;212.6;82.8;0.0
8.1;212.6;54.9;0.0
8.1;213.0;8.9;0.0
8.2;213.0;36.8;0.0
8.0;213.0;39.4;0.0
16.2;213.0;36.6;0.0
8.2;213.0;46.4;0.0
8.3;213.0;28.6;0.0
8.2;213.0;40.8;0.0
8.3;213.0;39.8;0.0
8.2;213.0;37.6;0.0
8.2;213.0;45.4;0.0
8.2;213.0;40.8;0.0
8.2;213.0;41.7;0.0
8.0;213.0;38.2;0.0
8.2;213.0;31.7;0.0
8.2;213.0;42.2;0.0
8.1;213.0;34.4;0.0
8.2;213.0;43.6;0.0
8.0;213.0;29.0;0.0
8.3;213.0;41.8;0.0
0.0;213.0;41.1;0.0
8.2;213.0;30.1;0.0
7.8;213.0;40.2;0.0
8.2;213.0;29.8;0.0
8.2;213.0;45.4;0.0
8.1;213.0;52.2;0.0
8.2;213.0;39.8;0.0
8.2;213.0;40.6;0.0
8.2;213.0;48.3;0.0
8.2;213.0;51.5;0.0
8.1;238.1;11.1;0.0
8.2;244.0;1.6;0.0
8.0;244.0;0.0;0.0
8.1;244.0;0.0;0.0
8.2;244.0;0.0;0.0
8.2;244.0;0.2;68.0
15.8;244.0;0.0;0.0
8.1;244.0;0.2;64.0
8.3;244.0;0.0;0.0
8.2;244.0;0.0;0.0
8.0;244.0;0.0;0.0
8.1;244.0;0.0;0.0
8.2;244.0;0.2;64.0
8.2;244.0;0.0;0.0
8.0;244.0;0.0;0.0
8.2;244.0;0.0;0.0
8.1;244.0;0.0;0.0
8.1;244.0;0.2;64.0
8.2;244.0;0.0;0.0
8.1;244.0;0.0;0.0
8.2;244.0;0.2;64.0
8.1;244.0;0.0;0.0
8.2;244.0;0.0;0.0
8.1;244.0;0.0;0.0
8.2;244.0;0.0;0.0
8.1;244.0;0.0;0.0
8.2;244.0;0.0;0.0
8.0;244.0;0.3;64.0
8.1;213.6;0.0;0.0
8.0;213.6;0.0;0.0
8.1;213.6;0.0;0.0
8.0;213.6;0.0;0.0
8.2;213.6;0.0;0.0
8.1;213.6;0.0;0.0
8.2;169.1;0.0;0.0
8.0;0.0;0.0;0.0
0.0;0.0;0.0;0.0
99.0;25.6;1.6;0.0
98.9;26.1;1.8;0.0
90.8;26.9;2.0;0.0
99.0;27.4;2.0;0.0
98.9;28.9;4.5;0.0
99.0;31.0;4.6;0.0
90.8;32.5;4.6;0.0
107.1;34.7;1.4;0.0
98.9;35.8;2.8;0.0
56.7;37.2;3.8;0.0
8.2;39.0;2.3;0.0
8.2;42.1;2.8;0.0
0.0;45.3;4.1;0.0
8.2;46.3;2.8;0.0
0.0;48.1;6.6;0.0
8.2;50.6;3.9;0.0
8.2;52.4;4.5;0.0
16.4;54.4;3.2;0.0
0.0;55.0;1.7;0.0
8.2;57.7;2.6;0.0
8.2;58.4;1.7;0.0
8.1;58.9;0.5;0.0
0.0;61.2;6.3;0.0
8.2;62.8;5.5;0.0
8.1;63.9;1.7;0.0
8.1;65.0;2.3;0.0
8.0;66.0;4.6;0.0
0.0;66.8;2.4;0.0
16.3;66.1;4.6;0.0
0.0;67.4;1.2;0.0
8.1;68.9;3.2;0.0
16.3;70.4;1.5;0.0
0.0;72.1;2.6;0.0
8.1;73.9;1.2;0.0
8.1;74.5;1.0;0.0
8.2;76.0;2.0;0.0
8.2;77.8;3.6;0.0
8.1;79.6;5.9;0.0
8.1;81.4;8.1;0.0
8.2;82.6;2.8;0.0
16.1;83.1;0.4;0.0
0.0;83.6;1.5;0.0
8.2;84.1;1.4;0.0
16.5;84.1;1.2;0.0
8.2;85.1;5.0;0.0
0.0;85.6;4.1;0.0
8.3;86.7;6.8;0.0
8.2;89.4;3.8;0.0
8.1;90.3;6.2;0.0
0.0;91.0;4.5;0.0
8.2;92.7;3.1;0.0
8.2;93.4;5.0;0.0
8.2;94.1;3.0;0.0
8.2;94.7;3.0;0.0
8.2;95.4;5.2;0.0
8.2;96.6;3.0;0.0
8.2;97.6;4.2;0.0
8.1;98.9;4.6;0.0
0.0;99.6;4.4;0.0
8.2;100.8;7.4;0.0
16.4;103.3;6.2;0.0
0.0;104.1;4.6;0.0
8.1;104.6;2.5;0.0
8.2;105.5;4.9;0.0
8.1;106.6;4.6;0.0
8.2;109.5;7.3;0.0
8.2;111.3;7.3;0.0
0.0;111.3;0.0;0.0
8.2;111.3;0.0;0.0
57.8;121.8;2.7;0.0
99.0;125.2;5.8;0.0
107.2;127.5;4.0;0.0
90.7;129.1;6.8;0.0
99.0;130.7;6.8;0.0
99.0;132.3;5.8;0.0
98.9;134.5;6.4;0.0
99.0;137.3;3.8;0.0
98.9;137.5;0.0;0.0
99.0;137.9;0.0;0.0
48.5;138.2;0.0;0.0
8.2;138.5;0.0;0.0
8.1;139.0;0.2;0.0
8.2;139.7;0.8;0.0
8.2;140.7;1.6;0.0
8.2;141.7;3.6;0.0
8.2;142.7;0.4;0.0
8.1;143.5;3.2;0.0
8.1;144.1;0.0;0.0
8.2;144.1;2.8;0.0
0.0;144.1;3.2;0.0
8.1;146.2;6.4;0.0
8.1;147.7;6.1;0.0
8.1;150.8;7.2;0.0
8.1;154.2;7.6;0.0
8.1;157.0;5.6;0.0
8.2;157.9;2.4;0.0
0.0;157.9;0.0;0.0
0.0;157.9;0.1;0.0
0.0;157.9;0.0;0.0
0.0;157.9;1.8;0.0
0.0;157.9;0.0;0.0
0.0;157.9;0.2;0.0
0.0;157.9;0.0;0.0
0.0;157.9;7.2;0.0
0.0;157.9;1.2;0.0
0.0;157.9;0.0;0.0
0.0;157.9;3.6;0.0
0.0;157.9;0.0;0.0
0.0;157.9;1.7;0.0
0.0;157.9;0.0;0.0
0.0;158.1;2.7;0.0
0.0;158.1;0.8;0.0
0.0;158.1;0.0;0.0
0.0;158.1;2.4;0.0
0.0;158.1;1.2;0.0
8.3;158.1;2.2;0.0
0.0;158.1;0.0;0.0
0.0;158.1;0.2;0.0
0.0;158.1;3.0;0.0
0.0;158.1;1.1;0.0
0.0;158.4;1.2;0.0
0.0;158.4;0.9;0.0
0.0;158.4;0.5;0.0
0.0;158.4;1.3;0.0
0.0;158.4;1.1;0.0
0.0;158.4;0.4;0.0
0.0;158.4;0.0;0.0
0.0;158.7;5.4;0.0
0.0;160.5;3.2;0.0
8.1;162.0;0.0;0.0
8.1;162.5;0.0;0.0
16.5;162.7;0.4;0.0
0.0;162.9;0.0;0.0
8.1;162.9;0.0;0.0
8.2;162.9;0.0;0.0
8.1;162.9;0.0;0.0
8.2;162.9;0.0;0.0
8.1;162.9;0.0;0.0
8.2;162.9;0.0;0.0
16.5;162.9;0.0;0.0
8.2;162.9;0.0;0.0
8.1;162.9;0.0;0.0
8.1;163.6;0.0;0.0
8.2;163.6;0.0;0.0
8.0;163.6;0.0;0.0
8.2;163.6;0.0;0.0
8.1;163.6;0.0;0.0
8.2;163.6;0.0;0.0
8.1;163.6;0.0;0.0
8.2;163.6;0.0;0.0
8.0;163.6;0.0;0.0
8.2;163.6;0.0;0.0
8.2;163.8;0.0;0.0
8.1;163.8;0.0;0.0
8.2;163.8;0.0;0.0
16.1;163.8;0.0;0.0
8.2;163.8;0.0;0.0
8.0;163.8;0.0;0.0
8.2;163.8;0.0;0.0
8.0;163.8;0.0;0.0
8.2;163.8;0.0;0.0
7.5;163.8;0.0;0.0
8.2;163.8;0.0;0.0
8.1;163.8;0.0;0.0
8.2;163.8;0.0;0.0
8.0;163.8;0.0;0.0
8.2;163.8;0.0;0.0
16.4;163.8;0.0;0.0
8.1;163.8;0.0;0.0
8.2;163.8;0.0;0.0
8.1;163.8;0.0;0.0
8.0;163.8;0.0;0.0
8.2;163.8;0.0;0.0
8.1;163.8;0.0;0.0
8.2;164.1;0.0;0.0
8.1;164.1;0.0;0.0
8.2;164.3;0.0;0.0
8.0;164.3;0.0;0.0
8.2;164.3;0.0;0.0
8.1;164.3;0.0;0.0
8.2;164.3;0.0;0.0
8.0;164.3;0.0;0.0
8.1;164.3;0.0;0.0
16.2;164.3;0.0;0.0
8.2;164.3;0.0;0.0
8.1;164.3;0.0;0.0
8.2;164.3;0.0;0.0
8.1;164.3;0.0;0.0
8.2;164.3;0.0;0.0
8.1;164.3;0.0;0.0
8.2;164.3;0.0;0.0
8.1;164.3;0.0;0.0
8.2;164.3;0.0;0.0
8.1;164.3;0.0;0.0
8.2;164.3;0.0;0.0
8.1;164.3;0.0;0.0
8.2;164.3;0.0;0.0
8.0;164.3;0.0;0.0
8.2;164.3;0.0;0.0
8.0;164.3;0.0;0.0
8.2;164.3;0.0;0.0
8.0;164.3;0.0;0.0
16.3;164.3;0.0;0.0
8.2;164.3;0.0;0.0
8.1;164.3;0.0;0.0
8.2;164.3;0.0;0.0
8.1;164.3;0.0;0.0
8.2;164.3;0.0;0.0
8.1;164.3;0.0;0.0
8.2;164.3;0.0;0.0
8.1;164.3;0.0;0.0
8.2;164.3;0.0;0.0
8.1;164.3;0.0;0.0
8.0;164.3;0.0;0.0
8.2;164.3;0.0;0.0
8.1;164.3;0.0;0.0
8.2;164.3;0.0;0.0
8.0;164.3;0.0;0.0
16.2;164.3;0.0;0.0
8.1;164.3;0.0;0.0
8.0;164.3;0.0;0.0
8.1;164.3;0.0;0.0
8.0;164.3;0.0;0.0
8.2;164.8;0.0;0.0
8.2;165.1;0.0;0.0
8.1;165.1;0.0;0.0
8.3;165.1;0.3;0.0
0.0;165.1;0.0;0.0
0.0;165.1;0.1;0.0
0.0;165.1;0.0;0.0
0.0;165.1;1.8;0.0
0.0;165.1;0.0;0.0
0.0;165.1;6.6;0.0
0.0;165.1;0.0;0.0
0.0;165.1;4.7;0.0
0.0;165.1;0.0;0.0
0.0;165.1;1.2;0.0
0.0;165.1;0.9;0.0
0.0;165.3;1.0;0.0
8.2;165.3;0.0;0.0
8.1;165.3;0.0;0.0
8.2;165.3;0.0;0.0
8.1;165.3;0.0;0.0
8.0;165.3;0.0;0.0
8.2;165.3;0.0;0.0
8.0;165.3;0.0;0.0
8.1;165.3;0.0;0.0
8.0;165.3;0.0;0.0
8.2;165.3;0.0;0.0
8.1;165.3;0.0;0.0
8.2;165.3;0.0;0.0
16.2;165.3;0.0;0.0
8.3;165.3;0.0;0.0
8.1;165.3;0.0;0.0
8.2;165.3;0.0;0.0
8.1;165.3;0.0;0.0
8.2;165.3;0.0;0.0
8.1;165.3;0.0;0.0
8.2;165.3;0.0;0.0
8.0;165.3;0.0;0.0
8.1;165.3;0.0;0.0
8.2;165.3;0.0;0.0
8.1;165.3;0.0;0.0
8.2;165.3;0.0;0.0
8.1;165.3;0.0;0.0
8.2;165.3;0.0;0.0
16.1;165.3;0.0;0.0
8.3;165.3;0.0;0.0
8.1;165.3;0.0;0.0
8.2;165.3;0.0;0.0
8.1;165.3;0.0;0.0
8.2;165.3;0.0;0.0
8.0;165.3;0.0;0.0
8.2;165.3;0.0;0.0
8.0;165.3;0.0;0.0
8.1;165.3;0.0;0.0
8.2;165.3;0.0;0.0
8.1;165.3;0.0;0.0
8.2;165.3;0.0;0.0
8.1;165.3;0.0;0.0
8.2;165.3;0.0;0.0
8.1;165.3;0.0;0.0
16.3;165.3;0.0;0.0
8.2;165.3;0.0;0.0
33.0;173.6;0.0;0.0
98.9;175.6;0.0;0.0
98.9;176.1;0.5;0.0
90.7;176.1;0.6;0.0
90.7;176.1;0.0;0.0
90.6;176.1;0.1;0.0
90.7;176.1;0.1;0.0
90.7;176.1;0.0;0.0
96.4;176.1;1.9;0.0
90.7;176.1;1.9;0.0
98.9;176.1;0.0;0.0
90.7;176.1;0.2;0.0
24.7;176.1;1.2;0.0
0.0;176.1;1.8;0.0
0.0;176.1;0.0;0.0
0.0;176.1;0.6;0.0
0.0;176.1;2.2;0.0
0.0;176.1;2.9;0.0
0.0;176.1;1.0;0.0
0.0;176.1;0.0;0.0
0.0;176.4;1.7;0.0
0.0;176.4;0.7;0.0
0.0;176.4;1.4;0.0
0.0;176.4;0.4;0.0
0.0;176.6;1.5;0.0
0.0;176.6;0.8;0.0
0.0;176.6;1.9;0.0
0.0;176.6;0.9;0.0
0.0;176.6;0.8;0.0
0.0;176.6;0.7;0.0
0.0;176.6;0.9;0.0
0.0;176.9;0.8;0.0
0.0;176.9;0.0;0.0
0.0;176.9;0.1;0.0
0.0;176.9;0.0;0.0
0.0;178.8;0.3;0.0
0.0;177.8;0.0;0.0
98.9;178.8;0.0;0.0
98.6;179.1;0.7;0.0
107.1;179.1;2.2;0.0
90.5;179.6;1.0;0.0
100.3;179.8;0.3;0.0
107.2;179.8;0.0;0.0
98.9;179.8;1.6;0.0
98.6;179.8;0.8;0.0
99.0;179.8;1.0;0.0
98.9;179.8;1.5;0.0
98.9;184.6;0.3;0.0
115.3;181.7;0.0;0.0
98.8;182.0;0.0;0.0
98.9;182.0;0.0;0.0
99.0;182.0;0.0;0.0
107.1;182.5;0.0;0.0
98.9;182.5;0.0;0.0
98.9;182.6;0.0;0.0
107.2;182.6;0.0;0.0
99.0;182.6;0.0;0.0
107.1;182.6;0.0;0.0
99.0;182.6;0.0;0.0
98.9;182.6;0.0;0.0
98.8;183.1;0.0;0.0
99.0;183.1;0.0;0.0
16.1;183.1;0.0;0.0
16.3;183.1;0.0;0.0
8.2;183.1;0.0;0.0
8.1;183.1;0.0;0.0
8.0;183.1;0.0;0.0
8.1;183.9;0.0;0.0
8.2;183.9;0.0;0.0
8.1;183.9;0.0;0.0
8.2;183.9;0.0;0.0
8.1;183.9;0.0;0.0
8.2;183.9;0.0;0.0
8.0;183.9;0.0;0.0
8.2;183.9;0.0;0.0
8.1;183.9;0.0;0.0
8.2;183.9;0.0;0.0
8.3;183.9;0.0;0.0
8.2;183.9;0.0;0.0
8.1;183.9;0.0;0.0
8.2;183.9;0.0;0.0
8.0;183.9;0.0;0.0
8.2;181.4;0.3;4.0
0.0;181.5;0.1;0.0
8.1;181.5;0.0;0.0
8.2;181.5;0.0;0.0
8.1;181.7;0.0;0.0
8.0;212.2;40.9;0.0
8.2;212.2;92.4;0.0
8.2;212.4;93.8;0.0
8.2;212.4;91.2;0.0
8.1;212.4;99.5;0.0
8.0;212.4;62.6;0.0
8.2;212.4;58.5;0.0
8.2;212.4;53.5;0.0
8.1;212.8;6.7;0.0
8.2;212.8;34.5;0.0
16.5;212.8;30.5;0.0
8.3;212.8;38.3;0.0
8.2;212.8;41.1;0.0
8.1;212.8;34.0;0.0
8.1;212.8;35.4;0.0
8.1;212.8;39.2;0.0
8.2;212.8;44.5;0.0
8.3;212.8;37.1;0.0
8.1;212.8;40.8;0.0
8.2;212.8;42.9;0.0
8.2;212.8;37.5;0.0
8.2;212.8;35.2;0.0
8.2;212.8;33.6;0.0
8.1;212.8;26.0;0.0
8.3;212.8;38.6;0.0
8.1;212.8;39.6;0.0
8.2;212.8;33.0;0.0
8.2;212.8;43.4;0.0
8.1;212.8;39.8;0.0
8.1;212.8;37.3;0.0
8.1;212.8;29.3;0.0
8.2;212.8;48.2;0.0
8.0;212.8;46.0;0.0
8.0;212.8;52.2;0.0
8.2;212.8;41.4;0.0
16.3;212.8;53.9;0.0
8.2;212.8;44.1;0.0
8.1;229.1;31.7;0.0
8.2;244.0;1.6;0.0
8.2;244.0;0.0;0.0
8.1;244.0;0.0;0.0
8.2;244.0;0.0;0.0
8.1;244.0;0.2;68.0
8.1;244.0;0.0;0.0
8.2;244.0;0.0;0.0
8.1;244.0;0.0;0.0
8.0;244.0;0.2;64.0
8.1;244.0;0.0;0.0
8.2;244.0;0.0;0.0
8.1;244.0;0.2;64.0
8.1;244.0;0.0;0.0
8.0;244.0;0.0;0.0
8.2;244.0;0.0;0.0
16.3;244.0;0.0;0.0
8.3;244.0;0.2;64.0
8.2;244.0;0.0;0.0
8.2;244.0;0.2;64.0
8.2;244.0;0.0;0.0
8.1;244.0;0.0;0.0
8.2;244.0;0.0;0.0
8.1;244.0;0.0;0.0
8.2;244.0;0.0;0.0
8.2;213.6;0.3;64.0
8.2;213.6;0.0;0.0
8.1;213.6;0.0;0.0
8.0;213.6;0.0;0.0
8.2;213.6;0.0;0.0
8.1;213.6;0.0;0.0
8.2;213.6;0.0;0.0
8.0;213.6;0.0;0.0
16.2;213.6;0.0;0.0
8.2;213.6;0.0;0.0
8.2;183.1;0.0;0.0
8.1;0.0;0.0;0.0
16.0;0.0;0.0;0.0
0.0;0.0;0.0;0.0
98.9;26.7;4.7;0.0
99.0;28.7;4.2;0.0
99.0;30.3;4.9;0.0
99.0;32.4;1.5;0.0
98.4;33.6;2.6;0.0
90.7;34.6;4.0;0.0
16.4;35.2;0.9;0.0
8.2;39.5;3.3;0.0
8.2;42.8;4.4;0.0
8.2;43.9;2.8;0.0
8.2;45.0;5.3;0.0
8.2;47.9;5.4;0.0
8.2;49.3;4.0;0.0
8.2;51.5;2.9;0.0
0.0;52.4;1.7;0.0
8.2;54.3;2.7;0.0
8.2;55.5;2.3;0.0
8.2;56.0;0.5;0.0
8.1;57.3;1.5;0.0
16.4;58.7;5.1;0.0
8.3;60.3;5.5;0.0
8.1;61.3;1.5;0.0
8.1;62.0;2.1;0.0
8.2;63.5;3.2;0.0
0.0;64.0;3.8;0.0
0.0;58.7;2.2;0.0
8.1;60.0;4.2;0.0
8.0;61.0;3.0;0.0
8.1;62.2;1.2;0.0
8.0;65.0;3.1;0.0
8.2;66.5;1.2;0.0
8.0;67.2;1.0;0.0
8.2;68.9;3.4;0.0
8.2;70.9;2.8;0.0
8.1;72.3;6.9;0.0
8.2;74.5;8.5;0.0
8.2;75.2;0.8;0.0
8.2;76.0;1.4;0.0
8.2;76.2;1.5;0.0
0.0;76.8;0.4;0.0
16.3;77.1;3.6;0.0
8.2;78.0;5.0;0.0
0.0;78.9;6.7;0.0
16.4;80.6;5.2;0.0
0.0;82.5;4.0;0.0
8.2;83.5;5.3;0.0
8.2;85.2;4.7;0.0
0.0;86.1;4.8;0.0
8.2;86.9;4.2;0.0
8.2;88.1;4.8;0.0
8.2;89.1;4.8;0.0
8.2;90.1;3.2;0.0
8.2;91.4;4.4;0.0
8.1;92.2;4.0;0.0
0.0;92.8;5.0;0.0
16.3;94.2;7.6;0.0
0.0;96.6;6.8;0.0
8.2;97.1;2.5;0.0
0.0;97.7;3.6;0.0
8.2;98.7;4.2;0.0
8.2;101.9;7.6;0.0
8.1;103.2;8.1;0.0
0.0;104.2;1.8;0.0
8.0;104.2;0.0;0.0
24.6;112.0;0.9;0.0
90.6;120.1;4.9;0.0
98.8;123.9;6.1;0.0
107.1;125.0;2.8;0.0
107.1;126.6;6.7;0.0
90.7;128.7;7.8;0.0
99.0;130.4;7.1;0.0
99.0;134.2;5.8;0.0
99.1;134.4;0.0;0.0
99.1;134.8;0.0;0.0
90.8;135.1;0.0;0.0
8.0;135.6;0.0;0.0
8.1;135.8;0.2;0.0
8.0;136.6;0.8;0.0
8.2;138.3;4.2;0.0
8.2;138.7;1.0;0.0
8.2;140.1;3.4;0.0
8.1;141.0;0.2;0.0
8.1;141.0;2.8;0.0
0.0;141.0;3.2;0.0
8.2;143.0;6.6;0.0
8.1;144.7;6.1;0.0
8.0;148.2;8.8;0.0
8.2;151.8;7.4;0.0
8.2;154.6;6.2;0.0
0.0;154.6;0.2;0.0
0.0;154.6;0.0;0.0
0.0;154.6;0.1;0.0
0.0;154.6;0.0;0.0
0.0;154.6;1.8;0.0
0.0;154.6;0.0;0.0
8.2;154.6;3.9;0.0
0.0;154.6;0.5;0.0
0.0;154.6;0.0;0.0
0.0;154.6;3.0;0.0
8.2;154.6;1.5;0.0
0.0;154.6;2.5;0.0
0.0;155.0;3.9;0.0
0.0;155.0;0.0;0.0
0.0;155.0;4.7;0.0
0.0;155.2;2.9;0.0
0.0;155.2;2.5;0.0
0.0;155.2;1.6;0.0
0.0;155.2;3.7;0.0
0.0;157.7;4.4;0.0
0.0;157.9;0.0;0.0
8.1;158.9;0.0;0.0
8.0;158.9;0.0;0.0
16.1;158.9;0.0;0.0
8.2;159.4;0.4;0.0
8.2;159.4;0.0;0.0
8.1;159.4;0.0;0.0
8.2;159.7;0.0;0.0
8.1;159.7;0.0;0.0
8.2;159.7;0.0;0.0
8.1;160.4;0.0;0.0
8.2;160.4;0.0;0.0
8.1;160.4;0.0;0.0
8.2;160.4;0.0;0.0
8.3;160.4;0.0;0.0
8.1;160.4;0.0;0.0
8.2;160.4;0.0;0.0
8.1;160.4;0.0;0.0
8.2;160.4;0.0;0.0
8.1;160.4;0.0;0.0
8.2;160.4;0.0;0.0
8.1;160.4;0.0;0.0
8.0;160.4;0.0;0.0
8.2;160.4;0.0;0.0
8.1;160.4;0.0;0.0
8.2;160.4;0.0;0.0
8.1;160.4;0.0;0.0
8.2;160.4;0.0;0.0
8.1;160.5;0.0;0.0
8.2;160.5;0.0;0.0
8.1;160.5;0.0;0.0
8.2;160.5;0.0;0.0
8.1;160.5;0.0;0.0
8.2;160.5;0.0;0.0
8.0;160.5;0.0;0.0
8.2;160.5;0.0;0.0
8.1;160.5;0.0;0.0
8.1;160.9;0.0;0.0
8.2;160.9;0.0;0.0
8.1;160.9;0.0;0.0
8.2;160.9;0.0;0.0
8.1;160.9;0.0;0.0
8.2;160.9;0.0;0.0
8.1;160.9;0.0;0.0
8.0;160.9;0.0;0.0
8.1;160.9;0.0;0.0
8.2;160.9;0.0;0.0
8.1;160.9;0.0;0.0
8.2;160.9;0.0;0.0
16.1;160.9;0.0;0.0
8.2;160.9;0.0;0.0
8.3;160.9;0.0;0.0
8.2;160.9;0.0;0.0
8.0;160.9;0.0;0.0
8.2;160.9;0.0;0.0
8.1;160.9;0.0;0.0
8.2;160.9;0.0;0.0
8.1;160.9;0.0;0.0
8.2;160.9;0.0;0.0
8.1;160.9;0.0;0.0
8.2;160.9;0.0;0.0
8.1;160.9;0.0;0.0
8.2;160.9;0.0;0.0
8.0;160.9;0.0;0.0
8.2;160.9;0.0;0.0
8.0;160.9;0.0;0.0
8.2;160.9;0.0;0.0
8.1;160.9;0.0;0.0
8.2;160.9;0.0;0.0
8.0;160.9;0.0;0.0
8.2;160.9;0.0;0.0
8.1;160.9;0.0;0.0
8.2;160.9;0.0;0.0
8.1;160.9;0.0;0.0
8.0;160.9;0.0;0.0
8.2;160.9;0.0;0.0
8.1;160.9;0.0;0.0
8.2;160.9;0.0;0.0
8.1;160.9;0.0;0.0
8.2;160.9;0.0;0.0
8.1;160.9;0.0;0.0
8.2;160.9;0.0;0.0
8.1;160.9;0.0;0.0
16.1;160.9;0.0;0.0
8.2;160.9;0.0;0.0
8.2;161.6;0.0;0.0
8.2;161.7;0.0;0.0
8.1;161.7;0.0;0.0
8.2;161.7;0.3;0.0
0.0;161.7;0.0;0.0
0.0;161.7;0.1;0.0
0.0;161.7;0.0;0.0
0.0;161.7;1.8;0.0
0.0;161.7;0.0;0.0
0.0;161.7;0.6;0.0
0.0;161.7;3.4;0.0
0.0;161.7;2.2;0.0
0.0;161.7;0.0;0.0
0.0;161.7;0.5;0.0
0.0;161.7;0.0;0.0
0.0;161.7;2.4;0.0
0.0;161.7;1.4;0.0
0.0;161.7;0.0;0.0
0.0;161.7;0.9;0.0
0.0;161.7;2.9;0.0
0.0;161.7;0.5;0.0
8.1;161.7;0.0;0.0
8.0;161.7;0.0;0.0
8.2;161.7;0.0;0.0
8.1;161.7;0.0;0.0
8.2;161.7;0.0;0.0
16.0;161.7;0.0;0.0
8.1;161.7;0.0;0.0
8.0;161.7;0.0;0.0
8.2;161.7;0.0;0.0
8.1;161.7;0.0;0.0
8.0;161.7;0.0;0.0
8.2;161.7;0.0;0.0
8.1;161.7;0.0;0.0
8.2;161.7;0.0;0.0
8.0;161.7;0.0;0.0
8.1;161.7;0.0;0.0
8.2;161.7;0.0;0.0
8.1;161.7;0.0;0.0
8.2;161.7;0.0;0.0
8.0;161.7;0.0;0.0
8.1;161.7;0.0;0.0
8.0;161.7;0.0;0.0
8.2;161.7;0.0;0.0
8.1;161.7;0.0;0.0
8.2;161.7;0.0;0.0
8.1;161.7;0.0;0.0
8.2;161.7;0.0;0.0
7.9;161.7;0.0;0.0
8.2;161.7;0.0;0.0
8.1;161.7;0.0;0.0
8.0;161.7;0.0;0.0
8.2;161.7;0.0;0.0
8.3;161.7;0.0;0.0
8.2;161.7;0.0;0.0
8.1;161.7;0.0;0.0
8.2;161.7;0.0;0.0
8.1;161.7;0.0;0.0
8.0;161.7;0.0;0.0
8.2;161.7;0.0;0.0
8.1;161.7;0.0;0.0
8.2;161.7;0.0;0.0
57.6;174.1;0.0;0.0
99.1;174.1;0.0;0.0
90.5;174.8;1.1;0.0
98.5;174.8;0.0;0.0
90.5;174.8;0.0;0.0
90.6;174.8;0.2;0.0
99.0;174.8;0.0;0.0
90.4;174.8;0.0;0.0
99.1;174.8;3.6;0.0
90.8;174.8;0.0;0.0
66.2;174.8;0.6;0.0
0.0;174.8;0.0;0.0
8.3;174.8;3.1;0.0
0.0;174.8;1.2;0.0
0.0;174.8;0.0;0.0
0.0;174.8;0.2;0.0
0.0;174.8;0.0;0.0
0.0;174.8;2.2;0.0
0.0;174.8;1.3;0.0
0.0;174.8;0.5;0.0
0.0;174.8;2.1;0.0
0.0;174.8;0.0;0.0
0.0;175.0;2.3;0.0
0.0;175.0;0.9;0.0
0.0;175.3;0.7;0.0
0.0;175.3;1.2;0.0
0.0;175.3;1.6;0.0
0.0;175.3;0.8;0.0
0.0;176.2;1.0;0.0
49.6;177.4;0.4;0.0
98.9;177.4;1.4;0.0
98.9;177.9;1.1;0.0
99.0;177.9;1.7;0.0
107.2;177.9;0.3;0.0
99.0;177.9;0.0;0.0
107.2;178.2;1.1;0.0
99.0;178.2;0.8;0.0
98.9;178.2;1.1;0.0
107.2;178.2;0.8;0.0
98.9;178.2;0.3;0.0
98.9;178.2;0.0;0.0
90.7;178.3;0.0;0.0
97.9;178.3;0.1;0.0
90.9;178.3;0.6;0.0
90.9;178.3;0.7;0.0
91.0;178.3;0.5;0.0
90.8;178.3;0.0;0.0
90.7;178.3;0.0;0.0
90.7;178.6;0.7;0.0
73.3;178.6;0.0;0.0
0.0;178.6;2.5;0.0
0.0;182.9;1.3;0.0
0.0;180.5;0.0;0.0
16.1;181.0;0.0;0.0
8.1;181.0;0.0;0.0
8.2;181.5;0.0;0.0
8.0;181.5;0.0;0.0
8.1;181.5;0.0;0.0
8.0;181.5;0.0;0.0
8.2;181.5;0.0;0.0
8.1;182.3;0.0;0.0
8.2;182.3;0.0;0.0
8.1;182.3;0.0;0.0
8.2;182.3;0.0;0.0
8.1;182.3;0.0;0.0
7.8;182.3;0.0;0.0
8.2;182.3;0.0;0.0
8.3;182.3;0.0;0.0
8.2;182.3;0.0;0.0
8.1;182.3;0.0;0.0
8.2;182.3;0.0;0.0
8.1;182.3;0.0;0.0
8.2;182.3;0.0;0.0
8.2;179.8;0.4;4.0
8.1;179.8;0.0;0.0
8.2;179.8;0.0;0.0
8.1;179.8;0.0;0.0
8.2;180.0;0.0;0.0
8.0;208.6;0.0;0.0
8.2;210.6;86.3;0.0
8.1;210.6;78.8;0.0
8.2;210.8;81.7;0.0
16.2;210.8;87.9;0.0
8.2;210.8;81.7;0.0
8.1;210.8;81.4;0.0
8.1;210.8;65.3;0.0
8.0;210.8;27.3;0.0
8.2;211.1;19.7;0.0
8.1;211.1;39.0;0.0
8.2;211.1;42.0;0.0
8.1;211.1;40.9;0.0
8.2;211.1;39.1;0.0
8.1;211.1;39.0;0.0
8.1;211.1;47.5;0.0
8.2;211.1;43.5;0.0
8.2;211.1;44.1;0.0
8.1;211.1;44.3;0.0
8.1;211.1;35.8;0.0
8.2;211.1;46.2;0.0
7.7;211.1;34.8;0.0
8.1;211.1;36.6;0.0
8.2;211.1;41.5;0.0
8.2;211.1;36.9;0.0
8.3;211.1;46.6;0.0
8.2;211.1;40.0;0.0
8.2;211.1;42.8;0.0
8.2;211.1;35.3;0.0
8.2;211.1;31.3;0.0
8.2;211.1;35.2;0.0
8.2;211.1;42.8;0.0
8.1;211.1;53.3;0.0
8.2;211.1;42.1;0.0
8.0;211.1;47.6;0.0
8.2;211.1;47.3;0.0
8.2;224.1;36.6;0.0
8.2;242.3;1.6;0.0
8.2;242.3;0.0;0.0
8.1;242.3;0.0;0.0
8.2;242.3;0.0;0.0
8.3;242.3;0.0;0.0
8.2;242.3;0.0;0.0
8.0;242.3;0.2;68.0
8.2;242.3;0.0;0.0
8.2;242.3;0.2;64.0
16.1;242.3;0.0;0.0
8.2;242.3;0.0;0.0
8.1;242.3;0.0;0.0
8.2;242.3;0.2;64.0
8.1;242.3;0.0;0.0
8.2;242.3;0.0;0.0
8.1;242.3;0.0;0.0
8.2;242.3;0.0;0.0
8.1;242.3;0.2;64.0
8.0;242.3;0.0;0.0
7.9;242.3;0.0;0.0
8.2;242.3;0.0;0.0
8.2;242.3;0.2;64.0
8.1;242.3;0.0;0.0
8.2;242.3;0.0;0.0
8.0;242.3;0.0;0.0
8.2;242.3;0.0;0.0
8.3;242.3;0.0;0.0
8.2;242.3;0.0;0.0
8.2;211.9;0.3;64.0
8.1;211.9;0.0;0.0
15.4;211.9;0.0;0.0
8.2;211.9;0.0;0.0
8.0;211.9;0.0;0.0
8.1;211.9;0.0;0.0
8.0;211.9;0.0;0.0
8.0;181.4;0.0;0.0
8.2;0.0;0.0;0.0
0.0;0.0;0.0;0.0
106.9;26.5;1.4;0.0
98.9;26.8;0.4;0.0
99.0;27.6;2.6;0.0
98.9;29.1;4.5;0.0
98.3;30.8;4.2;0.0
90.6;34.0;5.2;0.0
107.1;35.2;1.6;0.0
90.5;36.1;2.0;0.0
40.0;37.2;3.6;0.0
0.0;39.3;2.5;0.0
8.3;42.6;3.3;0.0
8.3;45.6;4.6;0.0
8.2;46.8;4.9;0.0
8.1;48.6;5.3;0.0
8.2;50.8;4.3;0.0
8.0;52.7;3.2;0.0
8.2;54.5;2.6;0.0
8.0;56.5;3.4;0.0
8.2;57.9;1.6;0.0
8.0;58.1;0.5;0.0
8.0;60.3;6.0;0.0
0.0;62.2;5.1;0.0
8.2;63.5;2.5;0.0
16.3;64.1;1.4;0.0
8.2;65.7;3.9;0.0
0.0;66.4;4.2;0.0
8.2;60.4;4.8;0.0
0.0;61.7;1.2;0.0
8.1;63.1;3.2;0.0
16.4;64.6;1.6;0.0
0.0;66.6;2.5;0.0
8.2;68.1;1.2;0.0
8.2;69.4;1.6;0.0
16.6;70.7;4.0;0.0
8.2;72.8;2.4;0.0
8.2;73.9;5.0;0.0
8.2;75.6;7.6;0.0
8.2;76.8;2.8;0.0
8.1;77.3;0.8;0.0
8.1;77.8;1.1;0.0
8.2;78.3;1.4;0.0
8.2;78.6;3.0;0.0
0.0;79.5;4.6;0.0
8.0;80.4;7.5;0.0
8.2;81.9;5.0;0.0
0.0;83.9;3.6;0.0
8.0;84.9;4.8;0.0
8.2;86.3;5.8;0.0
8.2;87.5;3.4;0.0
0.0;88.1;4.4;0.0
16.4;89.2;4.4;0.0
0.0;90.3;5.8;0.0
8.2;91.3;3.2;0.0
8.1;92.2;3.2;0.0
8.2;93.5;5.4;0.0
8.2;93.8;2.6;0.0
0.0;95.0;7.6;0.0
8.2;97.4;5.6;0.0
16.4;98.4;5.4;0.0
0.0;98.8;2.1;0.0
16.3;99.6;5.3;0.0
0.0;101.0;4.6;0.0
8.1;103.8;7.1;0.0
8.2;105.7;7.5;0.0
8.2;105.7;0.0;0.0
8.1;105.7;0.0;0.0
41.3;114.1;1.7;0.0
99.0;117.6;6.4;0.0
99.1;120.0;4.0;0.0
115.7;121.6;6.8;0.0
99.0;123.3;7.8;0.0
98.8;124.9;6.6;0.0
98.9;127.8;6.0;0.0
98.9;129.7;2.8;0.0
98.8;129.9;0.0;0.0
99.0;130.3;0.0;0.0
56.7;130.6;0.0;0.0
8.1;130.8;0.0;0.0
8.2;131.3;0.2;0.0
8.2;132.1;0.8;0.0
24.8;133.5;2.2;0.0
0.0;134.3;3.0;0.0
16.1;135.6;3.4;0.0
8.1;136.5;0.2;0.0
0.0;136.5;2.8;0.0
8.2;136.5;1.2;0.0
8.0;138.1;7.8;0.0
8.0;140.0;6.7;0.0
8.2;142.8;7.0;0.0
8.2;146.1;7.2;0.0
8.2;149.4;6.4;0.0
0.0;150.4;2.2;0.0
0.0;150.4;0.0;0.0
0.0;150.4;0.1;0.0
0.0;150.4;0.0;0.0
8.2;150.4;1.8;0.0
0.0;150.4;0.0;0.0
0.0;150.4;0.2;0.0
0.0;150.4;0.0;0.0
0.0;150.4;6.5;0.0
0.0;150.4;0.0;0.0
0.0;150.4;0.5;0.0
0.0;150.4;0.0;0.0
0.0;150.4;4.3;0.0
0.0;150.4;1.7;0.0
0.0;150.4;0.0;0.0
0.0;150.6;2.7;0.0
0.0;150.6;1.0;0.0
0.0;150.6;1.2;0.0
0.0;150.6;0.0;0.0
0.0;150.6;1.7;0.0
0.0;150.6;1.0;0.0
0.0;150.6;1.7;0.0
0.0;150.6;0.0;0.0
0.0;150.9;2.4;0.0
0.0;150.9;0.7;0.0
0.0;150.9;0.9;0.0
0.0;150.9;0.0;0.0
0.0;150.9;2.2;0.0
0.0;150.9;1.3;0.0
0.0;150.9;0.8;0.0
0.0;150.9;0.7;0.0
0.0;150.9;1.3;0.0
0.0;151.1;1.2;0.0
0.0;151.1;1.9;0.0
0.0;151.1;0.7;0.0
0.0;153.1;1.2;0.0
16.4;154.6;0.0;0.0
8.2;154.6;0.0;0.0
8.1;154.6;0.0;0.0
8.2;154.9;0.0;0.0
8.2;155.3;0.4;0.0
8.2;155.3;0.0;0.0
8.0;155.3;0.0;0.0
8.2;155.3;0.0;0.0
8.2;156.0;0.0;0.0
16.2;156.0;0.0;0.0
8.2;156.0;0.0;0.0
8.0;156.0;0.0;0.0
8.2;156.0;0.0;0.0
8.1;156.0;0.0;0.0
8.2;156.0;0.0;0.0
8.2;156.3;0.0;0.0
8.1;156.3;0.0;0.0
8.2;156.3;0.0;0.0
8.1;156.3;0.0;0.0
8.2;156.3;0.0;0.0
8.1;156.3;0.0;0.0
8.2;156.3;0.0;0.0
8.1;156.3;0.0;0.0
16.4;156.3;0.0;0.0
8.1;156.3;0.0;0.0
8.2;156.3;0.0;0.0
8.1;156.3;0.0;0.0
8.2;156.3;0.0;0.0
8.1;156.3;0.0;0.0
8.2;156.3;0.0;0.0
8.2;156.6;0.0;0.0
8.1;156.6;0.0;0.0
8.2;156.6;0.0;0.0
8.1;156.6;0.0;0.0
8.0;156.8;0.0;0.0
8.2;156.8;0.0;0.0
8.1;156.8;0.0;0.0
16.4;156.8;0.0;0.0
8.1;156.8;0.0;0.0
8.2;156.8;0.0;0.0
8.1;156.8;0.0;0.0
8.2;156.8;0.0;0.0
8.1;156.8;0.0;0.0
8.2;156.8;0.0;0.0
8.1;156.8;0.0;0.0
8.2;156.8;0.0;0.0
8.1;156.8;0.0;0.0
8.2;156.8;0.0;0.0
8.1;156.8;0.0;0.0
8.2;156.8;0.0;0.0
16.5;156.8;0.0;0.0
8.3;156.8;0.0;0.0
8.1;156.8;0.0;0.0
8.2;156.8;0.0;0.0
8.1;156.8;0.0;0.0
8.2;156.8;0.0;0.0
8.1;156.8;0.0;0.0
8.2;156.8;0.0;0.0
8.0;156.8;0.0;0.0
8.1;156.8;0.0;0.0
8.2;156.8;0.0;0.0
8.0;156.8;0.0;0.0
8.1;156.8;0.0;0.0
8.2;156.8;0.0;0.0
8.1;156.8;0.0;0.0
8.2;156.8;0.0;0.0
8.0;156.8;0.0;0.0
8.2;156.8;0.0;0.0
8.1;156.8;0.0;0.0
8.2;156.8;0.0;0.0
8.1;156.8;0.0;0.0
8.2;156.8;0.0;0.0
8.1;156.8;0.0;0.0
8.2;156.8;0.0;0.0
8.1;156.8;0.0;0.0
8.2;156.8;0.0;0.0
8.1;156.8;0.0;0.0
8.2;156.8;0.0;0.0
8.0;156.8;0.0;0.0
8.1;156.8;0.0;0.0
8.2;156.8;0.0;0.0
8.1;156.8;0.0;0.0
8.2;156.8;0.0;0.0
8.1;156.8;0.0;0.0
8.2;156.8;0.0;0.0
8.1;156.8;0.0;0.0
8.2;157.3;0.0;0.0
8.1;157.3;0.0;0.0
8.2;157.4;0.0;0.0
0.0;157.4;0.3;0.0
0.0;157.4;0.0;0.0
0.0;157.4;0.1;0.0
0.0;157.4;0.0;0.0
8.1;157.4;1.8;0.0
0.0;157.4;0.0;0.0
0.0;157.4;0.2;0.0
0.0;157.4;1.4;0.0
0.0;157.4;0.0;0.0
0.0;157.4;0.1;0.0
0.0;157.4;0.0;0.0
0.0;157.4;1.8;0.0
0.0;157.4;1.1;0.0
0.0;157.4;0.0;0.0
0.0;157.4;2.0;0.0
0.0;162.6;1.6;0.0
8.2;157.5;0.0;0.0
8.0;157.5;0.0;0.0
8.2;157.5;0.0;0.0
8.1;157.5;0.0;0.0
8.2;157.5;0.0;0.0
8.1;157.5;0.0;0.0
8.0;157.5;0.0;0.0
8.1;157.5;0.0;0.0
8.2;157.5;0.0;0.0
8.1;157.5;0.0;0.0
8.2;157.5;0.0;0.0
8.0;157.5;0.0;0.0
16.4;157.5;0.0;0.0
8.2;157.5;0.0;0.0
8.1;157.5;0.0;0.0
8.2;157.5;0.0;0.0
8.0;157.5;0.0;0.0
8.2;157.5;0.0;0.0
8.1;157.5;0.0;0.0
8.2;157.5;0.0;0.0
7.9;157.5;0.0;0.0
8.2;157.5;0.0;0.0
8.3;157.5;0.0;0.0
8.2;157.5;0.0;0.0
8.1;157.5;0.0;0.0
8.2;157.5;0.0;0.0
8.1;157.5;0.0;0.0
8.2;157.5;0.0;0.0
8.1;157.5;0.0;0.0
8.2;157.5;0.0;0.0
8.1;157.5;0.0;0.0
8.2;157.5;0.0;0.0
8.1;157.5;0.0;0.0
8.2;157.5;0.0;0.0
8.1;157.5;0.0;0.0
16.4;157.5;0.0;0.0
8.3;157.5;0.0;0.0
8.2;157.5;0.0;0.0
8.1;157.5;0.0;0.0
8.2;157.5;0.0;0.0
8.0;157.5;0.0;0.0
65.6;167.9;0.0;0.0
98.9;168.5;0.3;0.0
89.2;168.5;0.8;0.0
90.2;168.5;0.0;0.0
96.3;168.5;0.0;0.0
90.3;168.5;0.2;0.0
98.6;168.5;0.0;0.0
100.1;168.5;2.6;0.0
81.8;168.5;1.1;0.0
90.4;168.5;0.0;0.0
74.0;168.5;0.0;0.0
0.0;168.5;0.0;0.0
0.0;168.5;3.6;0.0
0.0;168.5;2.1;0.0
0.0;168.5;0.0;0.0
0.0;168.5;0.2;0.0
0.0;168.5;0.8;0.0
0.0;168.5;1.2;0.0
0.0;168.5;2.5;0.0
0.0;168.5;1.2;0.0
0.0;168.7;1.8;0.0
0.0;168.7;0.7;0.0
0.0;168.7;0.0;0.0
0.0;168.7;3.1;0.0
0.0;171.2;0.9;0.0
24.8;170.4;0.5;0.0
98.9;170.9;0.0;0.0
98.9;171.2;1.3;0.0
98.8;171.7;0.5;0.0
98.9;171.7;0.1;0.0
98.9;171.7;0.0;0.0
109.2;171.7;0.3;0.0
99.0;171.7;1.0;0.0
105.0;171.9;1.8;0.0
98.9;171.9;0.9;0.0
90.6;172.3;1.3;0.0
90.4;172.3;1.3;0.0
90.8;172.3;0.4;0.0
90.9;172.3;0.9;0.0
90.8;172.3;0.3;0.0
90.8;172.3;0.0;0.0
90.5;172.3;0.0;0.0
90.6;172.3;0.7;0.0
90.9;172.3;0.7;0.0
56.8;172.3;0.3;0.0
0.0;172.5;0.7;0.0
0.0;172.5;1.0;0.0
0.0;172.5;1.3;0.0
0.0;172.5;0.7;0.0
0.0;172.5;0.2;0.0
0.0;174.8;1.5;0.0
0.0;174.4;0.0;0.0
16.2;174.9;0.0;0.0
16.3;174.9;0.0;0.0
8.2;174.9;0.0;0.0
8.0;175.5;0.0;0.0
8.1;175.5;0.0;0.0
8.2;175.5;0.0;0.0
8.0;175.5;0.0;0.0
8.2;175.5;0.0;0.0
8.2;176.2;0.0;0.0
8.1;176.2;0.0;0.0
8.2;176.2;0.0;0.0
8.1;176.2;0.0;0.0
8.2;176.2;0.0;0.0
8.0;176.2;0.0;0.0
8.2;176.2;0.0;0.0
8.0;176.2;0.0;0.0
8.2;176.2;0.0;0.0
8.3;176.2;0.0;0.0
8.2;176.2;0.0;0.0
8.1;176.2;0.0;0.0
8.2;176.2;0.0;0.0
8.1;176.2;0.0;0.0
8.2;176.2;0.0;0.0
8.1;176.2;0.0;0.0
0.0;173.8;0.4;4.0
8.2;173.8;0.0;0.0
8.2;173.9;0.0;0.0
8.1;173.9;0.0;0.0
8.1;204.5;18.1;0.0
8.2;204.5;80.3;0.0
8.1;204.5;85.0;0.0
8.1;204.5;82.0;0.0
8.1;204.5;86.7;0.0
8.2;204.8;84.9;0.0
8.0;204.8;80.4;0.0
16.5;204.8;55.2;0.0
8.2;204.8;19.6;0.0
8.1;205.1;19.7;0.0
8.2;205.1;39.0;0.0
8.1;205.1;30.6;0.0
8.2;205.1;39.3;0.0
8.1;205.1;39.5;0.0
8.1;205.1;38.1;0.0
8.1;205.1;31.3;0.0
8.2;205.1;41.6;0.0
8.1;205.1;46.2;0.0
8.2;205.1;35.0;0.0
8.2;205.1;46.0;0.0
8.2;205.1;47.2;0.0
8.1;205.1;38.7;0.0
8.2;205.1;36.7;0.0
8.2;205.1;43.0;0.0
8.1;205.1;31.6;0.0
8.2;205.1;45.8;0.0
8.2;205.1;45.3;0.0
8.2;205.1;41.7;0.0
8.2;205.1;39.8;0.0
8.2;205.1;37.3;0.0
8.0;205.1;31.5;0.0
16.3;205.1;49.3;0.0
8.3;205.1;50.1;0.0
8.0;205.1;39.6;0.0
8.2;205.1;42.8;0.0
8.2;205.1;45.0;0.0
8.2;205.1;47.1;0.0
7.9;233.9;16.6;0.0
8.0;236.3;1.6;0.0
8.2;236.3;0.0;0.0
8.1;236.3;0.0;0.0
8.2;236.3;0.0;0.0
8.1;236.3;0.0;0.0
8.0;236.3;0.0;0.0
8.2;236.3;0.0;0.0
8.1;236.3;0.2;68.0
8.1;236.3;0.0;0.0
8.2;236.3;0.0;0.0
8.2;236.3;0.2;64.0
8.2;236.3;0.0;0.0
8.1;236.3;0.0;0.0
8.3;236.3;0.0;0.0
8.2;236.3;0.2;64.0
8.2;236.3;0.0;0.0
8.0;236.3;0.0;0.0
8.2;236.3;0.0;0.0
8.2;236.3;0.2;64.0
8.2;236.3;0.0;0.0
8.2;236.3;0.2;64.0
8.1;236.3;0.0;0.0
8.2;236.3;0.0;0.0
7.9;236.3;0.0;0.0
8.1;236.3;0.0;0.0
8.0;236.3;0.0;0.0
8.0;205.9;0.3;64.0
8.2;205.9;0.0;0.0
8.1;205.9;0.0;0.0
8.2;205.9;0.0;0.0
8.1;206.0;0.0;0.0
8.2;206.0;0.0;0.0
8.2;175.5;0.0;0.0
8.2;0.0;0.0;0.0
8.1;0.0;0.0;0.0
0.0;0.0;0.0;0.0
