7.5;61.3;33.2;0.0
7.5;73.3;25.3;0.0
7.5;82.9;23.3;0.0
7.5;92.0;29.8;0.0
5.8;101.8;40.1;0.0
6.7;111.8;42.9;0.0
37.4;133.7;38.6;0.0
71.5;144.0;24.8;0.0
7.5;152.0;25.3;0.0
9.1;163.9;24.6;0.0
5.0;165.1;2.3;0.0
0.0;165.1;0.0;0.0
0.0;165.1;0.0;0.0
0.0;165.1;0.0;0.0
0.0;165.1;0.0;0.0
0.0;165.1;0.0;0.0
0.0;165.1;0.0;0.0
0.0;165.1;0.0;0.0
0.0;165.3;1.8;0.0
0.0;165.3;0.0;0.0
0.0;165.3;0.0;0.0
0.0;165.3;0.4;0.0
0.0;165.3;0.0;0.0
0.0;165.3;0.0;0.0
0.0;165.3;0.0;0.0
5.0;165.6;1.4;0.0
8.3;165.6;0.0;0.0
9.1;165.6;0.0;0.0
8.3;165.6;0.0;0.0
8.3;165.6;0.0;0.0
7.5;166.6;1.5;0.0
0.0;166.6;0.0;0.0
0.0;166.6;0.0;0.0
0.0;166.6;0.0;0.0
0.0;166.6;0.0;0.0
0.0;166.6;0.0;0.0
0.0;166.6;0.0;0.0
0.0;166.6;1.6;0.0
0.0;166.6;0.0;0.0
0.0;166.6;0.0;0.0
0.0;166.6;0.0;0.0
0.0;166.6;1.1;0.0
0.0;166.6;0.0;0.0
0.0;166.6;0.0;0.0
0.0;166.6;0.0;0.0
5.0;167.2;1.0;4.0
8.3;200.8;370.8;0.0
8.3;201.5;569.1;0.0
8.3;201.5;357.8;0.0
8.3;201.5;359.6;0.0
8.3;201.5;367.2;0.0
8.3;201.5;383.6;0.0
8.3;233.2;31.9;0.0
8.3;233.4;0.6;196.0
8.3;233.4;0.6;192.0
8.3;203.0;0.3;56.0
8.3;203.0;0.0;0.0
5.8;0.0;0.0;0.0
0.0;0.0;0.0;0.0
0.0;0.0;0.0;0.0
