5.8;52.3;31.9;0.0
7.5;64.7;24.7;0.0
7.5;70.5;22.7;0.0
8.3;79.9;24.6;0.0
5.8;89.8;42.3;0.0
8.3;100.1;44.0;0.0
25.8;123.4;37.5;0.0
80.6;134.6;30.0;0.0
7.5;141.5;20.4;0.0
7.5;155.1;29.5;0.0
7.5;156.3;2.3;0.0
0.0;156.3;0.0;0.0
0.0;156.3;0.0;0.0
0.0;156.3;0.0;0.0
0.0;156.3;0.0;0.0
0.0;156.3;0.0;0.0
0.0;156.3;0.0;0.0
0.0;156.3;0.0;0.0
0.0;156.6;1.8;0.0
0.0;156.6;0.0;0.0
0.0;156.6;0.0;0.0
0.0;156.6;0.4;0.0
0.0;156.6;0.0;0.0
0.0;156.6;0.0;0.0
0.0;156.6;0.0;0.0
4.2;156.9;1.3;0.0
8.3;156.9;0.0;0.0
8.3;156.9;0.0;0.0
8.3;156.9;0.0;0.0
8.3;156.9;0.0;0.0
8.3;157.2;1.5;0.0
0.8;157.7;0.0;0.0
0.0;157.7;0.0;0.0
0.0;157.7;0.0;0.0
0.0;157.7;0.0;0.0
0.0;157.7;0.0;0.0
0.0;157.7;0.0;0.0
0.0;157.7;0.2;0.0
0.0;157.7;1.5;0.0
0.0;157.7;0.0;0.0
0.0;157.7;0.0;0.0
0.0;157.7;0.4;0.0
0.0;157.7;0.0;0.0
0.0;157.7;0.0;0.0
0.0;157.7;0.0;0.0
4.1;158.2;1.9;4.0
8.3;192.1;311.1;0.0
9.1;192.8;612.2;0.0
8.3;192.8;351.2;0.0
8.3;192.8;367.6;0.0
8.3;192.8;369.2;0.0
7.5;193.3;398.0;0.0
9.1;224.7;31.9;0.0
8.3;224.7;0.6;196.0
8.3;224.7;0.6;192.0
8.3;194.3;0.3;56.0
8.3;194.4;0.0;0.0
5.0;0.0;0.0;0.0
0.0;0.0;0.0;0.0
0.0;0.0;0.0;0.0
