27.4;47.4;28.9;0.0
7.5;62.5;33.0;0.0
7.5;66.2;24.7;0.0
8.3;78.1;27.1;0.0
5.0;87.6;39.7;0.0
8.3;98.3;45.2;0.0
20.0;116.0;33.9;0.0
88.9;130.1;35.0;0.0
7.5;136.5;15.8;0.0
8.3;151.1;34.1;0.0
7.5;152.4;2.2;0.0
0.0;152.4;0.1;0.0
0.0;152.4;0.0;0.0
0.0;152.4;0.0;0.0
0.0;152.4;0.0;0.0
0.0;152.4;0.0;0.0
0.0;152.4;0.0;0.0
0.0;152.4;0.0;0.0
0.0;152.4;1.8;0.0
0.0;152.4;0.0;0.0
0.0;152.4;0.0;0.0
0.0;152.4;0.0;0.0
0.0;152.4;0.4;0.0
0.0;152.4;0.0;0.0
0.0;152.4;0.0;0.0
2.5;152.8;1.6;0.0
7.5;152.8;0.0;0.0
8.3;152.8;0.0;0.0
9.1;152.8;0.0;0.0
8.3;152.8;0.0;0.0
8.3;153.1;1.5;0.0
2.5;153.6;0.0;0.0
0.0;153.6;0.0;0.0
0.0;153.6;0.0;0.0
0.0;153.6;0.0;0.0
0.0;153.6;0.0;0.0
0.0;153.6;0.0;0.0
0.0;153.6;0.0;0.0
0.0;153.6;1.8;0.0
0.0;153.6;0.0;0.0
0.0;153.6;0.0;0.0
0.8;153.6;0.4;0.0
0.0;153.6;0.0;0.0
0.0;153.6;0.0;0.0
0.0;153.6;0.0;0.0
0.0;153.6;0.0;0.0
0.0;153.6;0.0;0.0
0.0;153.6;0.0;0.0
0.0;153.6;0.0;0.0
5.8;154.2;1.6;4.0
8.3;190.0;361.3;0.0
8.3;190.6;571.3;0.0
8.3;190.6;342.3;0.0
8.3;190.6;336.0;0.0
8.3;190.6;317.2;0.0
8.3;190.6;373.8;0.0
8.3;222.4;91.5;0.0
8.3;222.4;0.6;196.0
7.5;222.4;0.6;192.0
9.1;192.0;0.5;68.0
