6.6;50.0;33.5;0.0
7.5;63.3;26.8;0.0
7.5;74.6;22.5;0.0
8.3;83.1;26.4;0.0
6.6;94.0;44.5;0.0
6.6;103.7;42.3;0.0
37.4;129.5;37.4;0.0
72.2;140.1;26.2;0.0
7.5;148.8;29.3;0.0
8.3;159.7;20.6;0.0
5.8;160.9;2.3;0.0
0.0;160.9;0.0;0.0
0.0;160.9;0.0;0.0
0.0;160.9;0.0;0.0
0.0;160.9;0.0;0.0
0.0;160.9;0.0;0.0
0.0;160.9;0.0;0.0
0.0;160.9;0.0;0.0
0.0;161.2;1.8;0.0
0.0;161.2;0.0;0.0
0.0;161.2;0.0;0.0
0.0;161.2;0.4;0.0
0.0;161.2;0.0;0.0
0.0;161.2;0.0;0.0
0.0;161.2;0.0;0.0
5.0;161.6;1.5;0.0
8.3;161.6;0.0;0.0
8.3;161.6;0.0;0.0
8.3;161.6;0.0;0.0
8.3;161.6;0.0;0.0
8.3;162.0;1.5;0.0
0.8;162.4;0.0;0.0
0.0;162.4;0.0;0.0
0.0;162.4;0.0;0.0
0.0;162.4;0.0;0.0
0.0;162.4;0.0;0.0
0.0;162.4;0.0;0.0
0.0;162.4;0.8;0.0
0.0;162.4;0.9;0.0
0.0;162.4;0.0;0.0
0.0;162.4;0.0;0.0
0.0;162.4;0.4;0.0
0.0;162.4;0.0;0.0
0.0;162.4;0.0;0.0
0.0;162.4;0.0;0.0
0.0;162.4;0.0;0.0
5.0;162.9;1.7;4.0
8.3;196.9;340.1;0.0
8.3;197.4;598.0;0.0
8.3;197.4;352.6;0.0
8.3;197.4;351.4;0.0
8.3;197.4;367.4;0.0
8.3;197.8;397.1;0.0
8.3;229.2;34.6;0.0
8.3;229.2;0.6;196.0
8.3;229.2;0.6;192.0
8.3;198.9;0.3;52.0
8.3;198.9;0.0;0.0
5.0;0.0;0.0;0.0
0.0;0.0;0.0;0.0
