6.6;59.8;32.1;0.0
7.5;71.2;27.0;0.0
7.5;80.5;21.0;0.0
7.5;88.4;35.6;0.0
6.6;99.3;40.4;0.0
7.5;111.5;47.4;0.0
62.4;133.7;43.4;0.0
48.2;142.0;10.6;0.0
6.6;152.7;35.5;0.0
8.3;159.1;9.4;0.0
5.0;160.4;2.3;0.0
0.0;160.4;0.0;0.0
0.0;160.4;0.0;0.0
0.0;160.4;0.0;0.0
0.0;160.4;0.0;0.0
0.0;160.4;0.0;0.0
0.0;160.4;0.0;0.0
0.0;160.5;1.7;0.0
0.0;160.5;0.0;0.0
0.0;160.5;0.0;0.0
0.0;160.5;0.0;0.0
0.0;160.5;0.4;0.0
0.0;160.5;0.0;0.0
0.0;160.5;0.0;0.0
0.0;160.5;0.0;0.0
6.6;160.9;1.5;0.0
8.3;160.9;0.0;0.0
8.3;160.9;0.0;0.0
8.3;160.9;0.0;0.0
8.3;160.9;0.0;0.0
6.6;161.8;1.5;0.0
0.0;161.8;0.0;0.0
0.0;161.8;0.0;0.0
0.0;161.8;0.0;0.0
0.0;161.8;0.0;0.0
0.0;161.8;0.0;0.0
0.0;161.8;0.0;0.0
0.0;161.8;1.7;0.0
0.0;161.8;0.0;0.0
0.0;161.8;0.0;0.0
0.0;161.8;0.0;0.0
0.0;161.8;0.4;0.0
0.0;161.8;0.0;0.0
0.0;161.8;0.0;0.0
0.0;161.8;1.4;0.0
8.3;164.9;0.3;4.0
8.3;196.2;596.0;0.0
8.3;196.7;444.3;0.0
8.3;196.7;361.2;0.0
8.3;196.7;366.8;0.0
8.3;196.7;373.4;0.0
8.3;228.2;298.9;0.0
8.3;228.5;0.2;68.0
8.3;228.5;0.6;192.0
8.3;228.5;0.4;128.0
8.3;198.1;0.3;56.0
8.3;198.1;0.0;0.0
3.3;0.0;0.0;0.0
0.0;0.0;0.0;0.0
0.0;0.0;0.0;0.0
