24.1;43.1;26.1;0.0
7.5;58.2;29.4;0.0
5.8;67.5;31.5;0.0
9.1;81.2;26.8;0.0
5.8;89.2;33.0;0.0
7.5;98.5;40.0;0.0
6.6;110.0;42.5;0.0
89.0;134.5;41.6;0.0
20.8;140.6;9.8;0.0
8.3;155.5;40.1;0.0
8.3;155.8;0.0;0.0
1.7;156.8;2.3;0.0
0.0;156.8;0.0;0.0
0.0;156.8;0.0;0.0
0.0;156.8;0.0;0.0
0.0;156.8;0.0;0.0
0.0;156.8;0.0;0.0
0.0;156.8;0.0;0.0
0.0;156.8;1.8;0.0
0.0;156.8;0.0;0.0
0.0;156.8;0.0;0.0
0.0;156.8;0.0;0.0
0.0;156.8;0.0;0.0
0.0;156.8;0.0;0.0
0.0;156.8;0.0;0.0
0.8;157.3;1.8;0.0
8.3;157.4;0.0;0.0
8.3;157.4;0.0;0.0
8.3;157.4;0.0;0.0
8.3;157.4;0.0;0.0
8.3;157.5;1.2;0.0
4.1;158.1;0.3;0.0
0.0;158.1;0.0;0.0
0.0;158.1;0.0;0.0
0.0;158.1;0.0;0.0
0.0;158.1;0.0;0.0
0.0;158.1;0.0;0.0
0.0;158.1;0.0;0.0
0.0;158.1;1.8;0.0
0.0;158.1;0.0;0.0
0.0;158.1;0.0;0.0
0.0;158.1;0.0;0.0
0.0;158.1;0.4;0.0
0.0;158.1;0.0;0.0
0.0;158.1;0.0;0.0
0.8;158.4;1.3;0.0
9.1;161.6;0.3;4.0
8.3;192.5;697.0;0.0
8.3;193.1;383.0;0.0
8.3;193.1;346.7;0.0
8.3;193.1;353.4;0.0
8.3;193.1;369.7;0.0
8.3;224.7;289.6;0.0
8.3;225.0;0.2;68.0
8.3;225.0;0.6;192.0
8.3;225.0;0.4;128.0
8.3;194.6;0.3;52.0
8.3;194.6;0.0;0.0
2.5;0.0;0.0;0.0
0.0;0.0;0.0;0.0
