5.8;59.6;33.1;0.0
7.5;69.9;26.2;0.0
7.5;74.1;28.0;0.0
6.6;82.4;30.2;0.0
7.5;93.1;40.4;0.0
6.6;105.2;50.6;0.0
69.9;130.7;31.1;0.0
40.7;140.1;14.8;0.0
7.5;153.9;41.7;0.0
8.3;157.3;4.4;0.0
2.5;158.5;2.3;0.0
0.0;158.5;0.0;0.0
0.0;158.5;0.0;0.0
0.0;158.5;0.0;0.0
0.0;158.5;0.0;0.0
0.0;158.5;0.0;0.0
0.0;158.5;0.0;0.0
0.8;158.6;1.8;0.0
0.0;158.6;0.0;0.0
0.0;158.6;0.0;0.0
0.0;158.6;0.0;0.0
0.0;158.6;0.4;0.0
0.0;158.6;0.0;0.0
0.0;158.6;0.0;0.0
0.0;158.6;0.0;0.0
6.6;159.0;1.4;0.0
8.3;159.0;0.0;0.0
8.3;159.0;0.0;0.0
8.3;159.0;0.0;0.0
9.1;159.0;0.0;0.0
6.7;159.8;1.5;0.0
0.0;159.8;0.0;0.0
0.0;159.8;0.0;0.0
0.0;159.8;0.0;0.0
0.0;159.8;0.0;0.0
0.0;159.8;0.0;0.0
0.0;159.8;0.0;0.0
0.0;159.8;1.7;0.0
0.0;159.8;0.0;0.0
0.0;159.8;0.0;0.0
0.0;159.8;0.0;0.0
0.0;159.8;0.4;0.0
0.0;159.8;0.6;0.0
0.0;159.8;0.0;0.0
0.0;159.8;0.0;0.0
0.0;160.1;0.7;0.0
7.5;165.0;0.3;4.0
8.3;196.4;624.6;0.0
8.3;196.8;431.9;0.0
8.3;196.8;366.5;0.0
8.3;196.8;359.5;0.0
8.3;196.8;350.8;0.0
8.3;228.4;308.5;0.0
8.3;228.7;0.2;68.0
9.1;228.7;0.6;192.0
8.3;228.7;0.4;128.0
8.3;198.3;0.3;56.0
8.3;198.0;0.0;0.0
1.7;0.0;0.0;0.0
0.0;0.0;0.0;0.0
