24.1;42.8;28.2;0.0
7.5;56.6;28.3;0.0
6.6;63.2;28.3;0.0
8.3;77.0;26.8;0.0
6.7;84.8;31.0;0.0
7.5;93.7;37.0;0.0
6.6;105.9;47.5;0.0
79.0;127.0;37.8;0.0
31.6;134.6;10.0;0.0
6.6;149.0;42.1;0.0
8.3;151.4;1.7;0.0
4.1;152.6;2.3;0.0
0.0;152.6;0.0;0.0
0.0;152.6;0.0;0.0
0.0;152.6;0.0;0.0
0.0;152.6;0.0;0.0
0.0;152.6;0.0;0.0
0.0;152.6;0.0;0.0
0.0;152.9;1.8;0.0
0.0;152.9;0.0;0.0
0.0;152.9;0.0;0.0
0.0;152.9;0.0;0.0
0.0;152.9;0.4;0.0
0.0;152.9;0.0;0.0
0.0;152.9;0.0;0.0
0.0;152.9;0.0;0.0
5.8;153.3;1.5;0.0
8.3;153.3;0.0;0.0
8.3;153.3;0.0;0.0
8.3;153.3;0.0;0.0
8.3;153.3;0.0;0.0
6.6;156.1;1.5;0.0
0.0;156.1;0.0;0.0
0.0;156.1;0.0;0.0
0.0;156.1;0.0;0.0
0.0;156.1;0.0;0.0
0.0;156.1;0.0;0.0
0.0;156.1;0.0;0.0
0.8;156.1;1.7;0.0
0.0;156.1;0.0;0.0
0.0;156.1;0.0;0.0
0.0;156.1;0.0;0.0
0.0;156.1;0.4;0.0
0.0;156.1;0.0;0.0
0.0;156.1;0.0;0.0
0.0;156.1;0.0;0.0
5.8;155.2;2.0;4.0
8.3;186.8;537.4;0.0
8.3;187.2;475.9;0.0
8.3;187.2;356.6;0.0
8.3;187.2;348.6;0.0
8.3;187.2;371.8;0.0
8.3;218.8;350.3;0.0
8.3;219.0;0.0;0.0
8.3;219.0;0.8;260.0
9.1;219.0;0.4;128.0
8.3;188.7;0.3;52.0
8.3;188.7;0.0;0.0
1.7;0.0;0.0;0.0
0.0;0.0;0.0;0.0
