20.8;44.8;27.4;0.0
8.3;60.0;32.7;0.0
5.8;69.5;25.4;0.0
8.3;81.4;27.1;0.0
5.8;90.6;36.9;0.0
7.5;101.0;45.8;0.0
16.6;122.9;37.0;0.0
92.2;137.6;35.3;0.0
7.5;143.9;13.0;0.0
8.3;158.5;36.9;0.0
7.5;159.7;2.0;0.0
0.0;159.7;0.3;0.0
0.0;159.7;0.0;0.0
0.0;159.7;0.0;0.0
0.0;159.7;0.0;0.0
0.0;159.7;0.0;0.0
0.0;159.7;0.0;0.0
0.0;159.7;0.0;0.0
0.8;159.9;1.8;0.0
0.0;159.9;0.0;0.0
0.0;159.9;0.0;0.0
0.0;159.9;0.0;0.0
0.0;159.9;0.4;0.0
0.0;159.9;0.0;0.0
0.0;159.9;0.0;0.0
1.7;160.2;1.4;0.0
8.3;160.2;0.0;0.0
8.3;160.2;0.0;0.0
8.3;160.2;0.0;0.0
8.3;160.2;0.0;0.0
8.3;160.3;1.2;0.0
5.0;161.0;0.3;0.0
0.0;161.0;0.0;0.0
0.0;161.0;0.0;0.0
0.0;161.0;0.0;0.0
0.0;161.0;0.0;0.0
0.0;161.0;0.0;0.0
0.0;161.0;0.0;0.0
0.0;161.0;1.7;0.0
0.0;161.0;0.0;0.0
0.0;161.0;0.0;0.0
0.0;161.0;0.0;0.0
0.0;161.0;0.4;0.0
0.0;161.0;0.0;0.0
0.0;161.0;0.0;0.0
0.8;161.2;1.4;0.0
7.5;164.4;0.3;4.0
9.2;195.5;716.7;0.0
7.5;195.9;366.2;0.0
8.3;195.9;332.8;0.0
8.3;195.9;340.6;0.0
8.3;195.9;351.2;0.0
8.3;227.5;334.3;0.0
8.3;227.8;0.0;0.0
8.3;227.8;0.8;260.0
8.3;227.8;0.4;128.0
8.3;197.4;0.3;52.0
8.3;197.4;0.0;0.0
4.1;0.0;0.0;0.0
0.0;0.0;0.0;0.0
