6.6;56.1;31.3;0.0
7.5;71.7;32.4;0.0
6.6;79.4;23.2;0.0
8.3;90.3;25.8;0.0
5.8;99.1;35.9;0.0
7.5;109.4;44.8;0.0
8.3;123.7;32.7;0.0
99.0;140.2;40.4;0.0
9.1;146.7;13.0;0.0
7.5;161.3;36.9;0.0
8.3;161.4;0.0;0.0
0.8;162.4;2.3;0.0
0.0;162.4;0.0;0.0
0.0;162.4;0.0;0.0
0.0;162.4;0.0;0.0
0.0;162.4;0.0;0.0
0.0;162.4;0.0;0.0
0.0;162.4;0.0;0.0
0.8;162.7;1.7;0.0
0.0;162.7;0.0;0.0
0.0;162.7;0.0;0.0
0.0;162.7;0.0;0.0
0.0;162.7;0.4;0.0
0.0;162.7;0.0;0.0
0.0;162.7;0.0;0.0
0.0;163.0;1.5;0.0
8.3;163.1;0.0;0.0
8.3;163.1;0.0;0.0
8.3;163.1;0.0;0.0
8.3;163.1;0.0;0.0
8.3;163.3;1.4;0.0
4.2;163.8;0.1;0.0
0.0;163.8;0.0;0.0
0.0;163.8;0.0;0.0
0.0;163.8;0.0;0.0
0.0;163.8;0.0;0.0
0.0;163.8;0.0;0.0
0.0;163.8;0.0;0.0
0.0;163.8;1.7;0.0
0.0;163.8;0.0;0.0
0.0;163.8;0.0;0.0
0.0;163.8;0.0;0.0
0.0;163.8;1.0;0.0
0.0;163.8;0.0;0.0
0.0;163.8;0.0;0.0
2.5;164.1;1.0;0.0
7.5;191.2;0.3;4.0
8.3;196.5;782.2;0.0
8.3;196.9;312.1;0.0
8.3;196.9;359.2;0.0
8.3;196.9;371.3;0.0
8.3;196.9;384.3;0.0
8.3;228.5;187.3;0.0
8.3;228.8;0.2;68.0
9.1;228.8;0.8;256.0
8.3;228.8;0.2;64.0
8.3;198.4;0.3;44.0
8.3;0.0;0.0;0.0
0.8;0.0;0.0;0.0
0.0;0.0;0.0;0.0
