8.3;51.8;32.5;0.0
7.5;65.7;28.4;0.0
7.5;66.5;23.2;0.0
8.3;77.6;25.8;0.0
5.8;87.2;41.7;0.0
7.5;98.1;45.7;0.0
32.4;118.8;36.4;0.0
76.4;130.9;30.0;0.0
7.5;139.1;26.7;0.0
8.3;150.5;23.2;0.0
4.1;151.7;2.3;0.0
0.0;151.7;0.0;0.0
0.0;151.7;0.0;0.0
0.0;151.7;0.0;0.0
0.0;151.7;0.0;0.0
0.0;151.7;0.0;0.0
0.0;151.7;0.0;0.0
0.0;152.1;1.8;0.0
0.0;152.1;0.0;0.0
0.0;152.1;0.0;0.0
0.0;152.1;0.0;0.0
0.8;152.1;1.0;0.0
0.0;152.1;0.0;0.0
0.0;152.1;0.0;0.0
0.0;152.1;0.0;0.0
5.0;152.5;0.7;0.0
9.1;152.5;0.0;0.0
8.3;152.5;0.0;0.0
8.3;152.5;0.0;0.0
8.3;152.5;0.0;0.0
8.3;152.8;1.5;0.0
0.0;153.3;0.0;0.0
0.0;153.3;0.0;0.0
0.0;153.3;0.0;0.0
0.0;153.3;0.0;0.0
0.0;153.3;0.0;0.0
0.0;153.3;0.0;0.0
0.0;153.3;1.7;0.0
0.0;153.3;0.0;0.0
0.0;153.3;0.0;0.0
0.0;153.3;0.0;0.0
0.0;153.3;0.4;0.0
0.0;153.3;0.0;0.0
0.0;153.3;0.0;0.0
0.0;153.3;0.0;0.0
5.8;156.3;1.6;4.0
8.3;187.9;421.5;0.0
8.3;188.4;549.4;0.0
9.1;188.4;369.0;0.0
8.3;188.4;354.6;0.0
8.3;188.4;365.8;0.0
8.3;211.8;376.9;0.0
8.3;220.0;1.6;0.0
8.3;220.2;0.8;260.0
8.3;220.2;0.4;128.0
8.3;189.8;0.3;52.0
8.3;189.8;0.0;0.0
4.1;0.0;0.0;0.0
0.0;0.0;0.0;0.0
0.0;0.0;0.0;0.0
