21.6;47.8;27.4;0.0
7.5;62.3;27.9;0.0
6.6;71.6;31.1;0.0
8.3;85.1;26.8;0.0
7.5;92.9;30.6;0.0
6.6;102.2;39.6;0.0
6.6;114.2;45.3;0.0
85.7;139.2;40.7;0.0
24.9;146.5;10.5;0.0
8.3;161.5;40.4;0.0
7.5;161.8;0.0;0.0
1.7;162.8;2.3;0.0
0.0;162.8;0.0;0.0
0.0;162.8;0.0;0.0
0.0;162.8;0.0;0.0
0.0;162.8;0.0;0.0
0.0;162.8;0.0;0.0
0.0;162.8;0.0;0.0
0.0;163.2;1.7;0.0
0.0;163.2;0.0;0.0
0.0;163.2;0.0;0.0
0.0;163.2;0.0;0.0
0.0;163.2;0.4;0.0
0.0;163.2;0.0;0.0
0.0;163.2;0.0;0.0
0.8;163.5;1.5;0.0
8.3;163.5;0.0;0.0
8.3;163.5;0.0;0.0
8.3;163.5;0.0;0.0
8.3;163.5;0.0;0.0
9.2;165.9;1.4;0.0
2.5;166.3;0.1;0.0
0.0;166.3;0.0;0.0
0.0;166.3;0.0;0.0
0.0;166.3;0.0;0.0
0.0;166.3;0.0;0.0
0.0;166.3;0.0;0.0
0.0;166.3;0.0;0.0
0.0;166.3;1.8;0.0
0.0;166.3;0.0;0.0
0.0;166.3;0.0;0.0
0.0;166.3;0.0;0.0
0.8;166.3;0.4;0.0
0.0;166.3;0.0;0.0
0.0;166.3;0.0;0.0
1.7;166.5;1.6;0.0
8.3;189.5;0.3;4.0
8.3;199.0;797.5;0.0
8.3;199.4;316.7;0.0
8.3;199.4;369.5;0.0
8.3;199.4;346.0;0.0
8.3;199.4;387.2;0.0
8.3;231.0;177.7;0.0
8.3;231.2;0.4;132.0
8.3;231.2;0.6;192.0
8.3;231.2;0.4;128.0
8.3;200.8;0.3;4.0
8.3;0.0;0.0;0.0
0.0;0.0;0.0;0.0
0.0;0.0;0.0;0.0
