26.6;47.9;26.2;0.0
7.5;62.2;29.5;0.0
5.8;63.2;29.1;0.0
8.3;76.8;26.8;0.0
6.6;84.7;32.0;0.0
7.5;93.8;38.4;0.0
6.6;105.8;45.1;0.0
81.5;128.1;41.6;0.0
29.1;134.4;9.8;0.0
7.5;149.6;40.1;0.0
8.3;150.0;0.1;0.0
0.8;150.8;2.2;0.0
0.0;150.8;0.0;0.0
0.0;150.8;0.0;0.0
0.0;150.8;0.0;0.0
0.0;150.8;0.0;0.0
0.0;150.8;0.0;0.0
0.0;150.8;0.0;0.0
0.0;150.8;0.0;0.0
0.0;151.0;1.6;0.0
0.0;151.0;0.0;0.0
0.0;151.0;0.0;0.0
0.0;151.0;0.0;0.0
0.0;151.0;1.0;0.0
0.0;151.0;0.0;0.0
0.0;151.0;0.0;0.0
0.0;151.0;0.0;0.0
4.2;151.4;0.8;0.0
8.3;151.4;0.0;0.0
8.3;151.4;0.0;0.0
8.3;151.4;0.0;0.0
8.3;151.4;0.0;0.0
9.1;151.8;1.5;0.0
1.7;152.2;0.0;0.0
0.0;152.2;0.0;0.0
0.0;152.2;0.0;0.0
0.0;152.2;0.0;0.0
0.0;152.2;0.0;0.0
0.0;152.2;0.0;0.0
0.0;152.2;0.0;0.0
0.0;152.2;1.6;0.0
0.0;152.2;0.0;0.0
0.0;152.2;0.0;0.0
0.0;152.2;0.0;0.0
0.0;152.2;0.0;0.0
0.0;152.2;0.0;0.0
0.0;152.2;0.0;0.0
0.0;152.2;0.0;0.0
0.0;152.2;0.0;0.0
0.0;152.2;0.0;0.0
0.0;152.2;0.0;0.0
0.0;152.2;0.4;0.0
0.0;152.2;0.0;0.0
0.0;152.2;0.0;0.0
0.8;152.5;1.5;0.0
8.3;152.5;0.0;0.0
7.5;188.5;192.9;4.0
8.3;189.2;649.3;0.0
8.3;189.2;337.5;0.0
8.3;189.2;350.5;0.0
