15.8;47.8;30.1;0.0
7.5;63.3;32.4;0.0
6.6;67.0;23.2;0.0
8.3;77.9;25.8;0.0
5.8;87.4;40.1;0.0
7.5;98.0;45.4;0.0
23.3;120.0;35.2;0.0
86.4;132.1;33.1;0.0
8.3;138.4;16.2;0.0
7.5;153.1;33.7;0.0
8.3;154.3;2.3;0.0
0.0;154.3;0.0;0.0
0.0;154.3;0.0;0.0
0.0;154.3;0.0;0.0
0.0;154.3;0.0;0.0
0.0;154.3;0.0;0.0
0.0;154.3;0.0;0.0
0.0;154.3;0.0;0.0
0.0;154.4;1.7;0.0
0.0;154.4;0.0;0.0
0.0;154.4;0.0;0.0
0.0;154.4;0.0;0.0
0.0;154.4;0.4;0.0
0.0;154.4;0.6;0.0
0.0;154.4;0.0;0.0
0.0;154.4;0.0;0.0
0.0;154.4;0.0;0.0
5.8;154.7;0.9;0.0
8.3;154.7;0.0;0.0
8.3;154.7;0.0;0.0
8.3;154.7;0.0;0.0
9.2;154.9;1.2;0.0
5.0;155.5;0.3;0.0
0.0;155.5;0.0;0.0
0.0;155.5;0.0;0.0
0.0;155.5;0.0;0.0
0.0;155.5;0.0;0.0
0.0;155.5;0.0;0.0
0.0;155.5;0.0;0.0
0.0;155.5;1.8;0.0
0.0;155.5;0.0;0.0
0.0;155.5;0.0;0.0
0.0;155.5;0.0;0.0
0.8;155.5;0.4;0.0
0.0;155.5;0.0;0.0
0.0;155.5;0.0;0.0
0.0;155.5;0.0;0.0
0.0;155.5;0.0;0.0
6.6;158.5;1.7;4.0
8.3;190.0;501.8;0.0
7.5;190.5;477.0;0.0
8.3;190.5;360.5;0.0
8.3;190.5;345.9;0.0
8.3;190.5;343.5;0.0
10.0;221.8;365.5;0.0
7.5;222.2;0.4;0.0
8.3;222.5;0.8;260.0
8.3;222.5;0.4;128.0
8.3;192.0;0.5;68.0
8.3;192.0;0.0;0.0
