24.1;40.5;29.1;0.0
8.3;55.9;33.4;0.0
6.6;65.3;25.6;0.0
7.5;78.7;27.0;0.0
5.8;87.8;37.1;0.0
7.5;98.4;46.4;0.0
18.3;118.7;35.6;0.0
92.3;133.0;36.1;0.0
7.5;139.5;13.0;0.0
8.3;154.3;36.9;0.0
8.3;155.2;0.9;0.0
0.0;155.5;1.4;0.0
0.0;155.5;0.0;0.0
0.0;155.5;0.0;0.0
0.0;155.5;0.0;0.0
0.0;155.5;0.0;0.0
0.0;155.5;0.0;0.0
0.0;155.5;0.0;0.0
0.8;155.7;1.7;0.0
0.0;155.7;0.0;0.0
0.0;155.7;0.0;0.0
0.0;155.7;0.0;0.0
0.0;155.7;1.1;0.0
0.0;155.7;0.0;0.0
0.0;155.7;0.0;0.0
0.8;156.1;0.8;0.0
8.3;156.1;0.0;0.0
8.3;156.1;0.0;0.0
8.3;156.1;0.0;0.0
8.3;156.1;0.0;0.0
8.3;156.1;0.0;0.0
6.6;159.1;1.5;0.0
0.0;159.1;0.0;0.0
0.0;159.1;0.0;0.0
0.0;159.1;0.0;0.0
0.0;159.1;0.0;0.0
0.0;159.1;0.0;0.0
0.0;159.1;0.0;0.0
0.0;159.1;1.7;0.0
0.0;159.1;0.0;0.0
0.0;159.1;0.0;0.0
0.0;159.1;0.0;0.0
0.0;159.1;0.4;0.0
0.0;159.1;0.0;0.0
0.0;159.1;0.0;0.0
0.0;159.1;0.0;0.0
0.0;159.3;1.3;0.0
7.5;160.2;0.3;4.0
8.3;191.6;646.0;0.0
8.3;192.0;410.3;0.0
8.3;192.0;355.5;0.0
8.3;192.0;347.9;0.0
9.1;192.4;315.2;0.0
8.3;192.4;363.4;0.0
8.3;223.8;2.9;0.0
8.3;223.8;0.6;196.0
8.3;223.8;0.6;192.0
8.3;193.5;0.3;56.0
8.3;193.5;0.0;0.0
5.8;0.0;0.0;0.0
