12.5;52.8;33.6;0.0
8.3;67.4;28.3;0.0
5.8;75.2;24.0;0.0
8.3;86.1;25.8;0.0
7.5;96.8;45.7;0.0
6.6;107.2;46.0;0.0
34.1;128.0;33.4;0.0
74.7;139.1;28.7;0.0
8.3;147.6;26.1;0.0
8.3;159.4;23.9;0.0
5.8;160.6;2.3;0.0
0.0;160.6;0.0;0.0
0.0;160.6;0.0;0.0
0.0;160.6;0.0;0.0
0.0;160.6;0.0;0.0
0.0;160.6;0.0;0.0
0.0;160.6;0.0;0.0
0.0;160.6;0.0;0.0
0.0;160.8;1.7;0.0
0.0;160.8;0.0;0.0
0.0;160.8;0.0;0.0
0.0;160.8;0.4;0.0
0.0;160.8;0.0;0.0
0.0;160.8;0.0;0.0
0.0;160.8;0.0;0.0
2.5;161.1;1.4;0.0
8.3;161.1;0.0;0.0
8.3;161.1;0.0;0.0
8.3;161.1;0.0;0.0
8.3;161.1;0.0;0.0
8.3;161.5;1.5;0.0
3.3;161.9;0.0;0.0
0.0;161.9;0.0;0.0
0.0;161.9;0.0;0.0
0.0;161.9;0.0;0.0
0.0;161.9;0.0;0.0
0.0;161.9;0.0;0.0
0.0;161.9;0.0;0.0
0.0;161.9;1.8;0.0
0.0;161.9;0.0;0.0
0.0;161.9;0.0;0.0
0.0;161.9;0.0;0.0
0.0;161.9;0.0;0.0
0.0;161.9;0.0;0.0
0.0;161.9;0.0;0.0
3.3;162.1;1.8;0.0
9.1;196.3;113.3;4.0
8.3;196.9;711.9;0.0
8.3;196.9;337.9;0.0
8.3;196.9;351.0;0.0
7.5;196.9;352.1;0.0
8.3;196.9;379.8;0.0
8.3;228.7;149.5;0.0
8.3;228.9;0.2;68.0
8.3;228.9;0.8;256.0
8.3;228.9;0.2;64.0
8.3;198.4;0.3;48.0
8.3;0.0;0.0;0.0
0.0;0.0;0.0;0.0
0.0;0.0;0.0;0.0
