6.7;61.2;33.6;0.0
7.5;68.0;30.8;0.0
9.1;81.5;29.0;0.0
6.6;89.3;26.4;0.0
6.6;98.9;41.8;0.0
6.6;111.5;48.1;0.0
73.9;133.1;33.6;0.0
35.7;142.8;14.6;0.0
6.7;158.3;42.9;0.0
9.1;158.9;0.4;0.0
1.7;160.2;2.3;0.0
0.0;160.2;0.0;0.0
0.0;160.2;0.0;0.0
0.0;160.2;0.0;0.0
0.0;160.2;0.0;0.0
0.0;160.2;0.0;0.0
0.0;160.2;0.0;0.0
0.8;160.2;1.6;0.0
0.0;160.2;0.0;0.0
0.0;160.2;0.0;0.0
0.0;160.2;0.0;0.0
0.0;160.2;1.0;0.0
0.0;160.2;0.0;0.0
0.0;160.2;0.0;0.0
0.0;160.2;0.0;0.0
6.6;160.6;0.8;0.0
9.1;160.6;0.0;0.0
8.3;160.6;0.0;0.0
9.1;160.6;0.0;0.0
8.3;160.6;0.0;0.0
5.0;163.6;1.5;0.0
0.0;163.6;0.0;0.0
0.0;163.6;0.0;0.0
0.0;163.6;0.0;0.0
0.0;163.6;0.0;0.0
0.0;163.6;0.0;0.0
0.0;163.6;0.0;0.0
0.0;163.6;1.8;0.0
0.0;163.6;0.0;0.0
0.0;163.6;0.0;0.0
0.0;163.6;0.0;0.0
0.0;163.6;1.1;0.0
0.0;163.6;0.0;0.0
0.0;163.6;0.0;0.0
0.0;163.8;0.7;0.0
7.5;162.9;0.3;4.0
8.3;194.0;655.5;0.0
8.3;194.5;407.9;0.0
8.3;194.5;354.5;0.0
8.3;194.5;364.0;0.0
8.3;194.5;350.8;0.0
8.3;226.0;308.5;0.0
8.3;226.3;0.0;0.0
8.3;226.3;0.8;260.0
8.3;226.3;0.4;128.0
8.3;195.9;0.3;56.0
8.3;195.9;0.0;0.0
4.1;0.0;0.0;0.0
0.0;0.0;0.0;0.0
0.0;0.0;0.0;0.0
