21.6;49.3;30.5;0.0
9.1;65.1;33.4;0.0
5.8;64.6;22.3;0.0
8.3;77.2;26.9;0.0
6.6;85.9;35.9;0.0
5.8;94.7;41.4;0.0
8.3;105.0;36.3;0.0
94.9;131.3;41.6;0.0
15.8;137.7;9.8;0.0
6.6;152.5;40.1;0.0
8.3;152.9;0.5;0.0
0.0;153.7;1.8;0.0
0.0;153.7;0.0;0.0
0.0;153.7;0.0;0.0
0.0;153.7;0.0;0.0
0.0;153.7;0.0;0.0
0.0;153.7;0.0;0.0
0.0;153.7;0.0;0.0
0.8;153.9;1.8;0.0
0.0;153.9;0.0;0.0
0.0;153.9;0.0;0.0
0.0;153.9;0.0;0.0
0.0;153.9;0.4;0.0
0.0;153.9;0.0;0.0
0.0;153.9;0.0;0.0
0.0;154.2;1.4;0.0
8.3;154.2;0.0;0.0
8.3;154.2;0.0;0.0
8.3;154.2;0.0;0.0
8.3;154.2;0.0;0.0
9.2;154.3;1.5;0.0
3.3;155.0;0.0;0.0
0.0;155.0;0.0;0.0
0.0;155.0;0.0;0.0
0.0;155.0;0.0;0.0
0.0;155.0;0.0;0.0
0.0;155.0;0.0;0.0
0.0;155.0;0.0;0.0
0.8;155.0;1.8;0.0
0.0;155.0;0.0;0.0
0.0;155.0;0.0;0.0
0.0;155.0;0.0;0.0
0.0;155.0;0.0;0.0
0.0;155.0;0.0;0.0
0.0;155.0;0.0;0.0
2.5;155.2;1.8;0.0
6.6;189.3;17.2;4.0
8.3;189.5;801.1;0.0
8.3;189.9;304.5;0.0
8.3;189.9;360.4;0.0
8.3;189.9;346.8;0.0
8.3;189.9;377.6;0.0
8.3;221.6;187.3;0.0
8.3;221.8;0.2;68.0
8.3;221.8;0.8;256.0
9.2;221.8;0.2;64.0
8.3;191.4;0.3;48.0
7.5;0.0;0.0;0.0
0.0;0.0;0.0;0.0
0.0;0.0;0.0;0.0
