7.5;63.2;32.6;0.0
7.5;62.5;26.6;0.0
7.5;75.6;27.8;0.0
6.6;83.4;29.2;0.0
6.6;93.1;36.6;0.0
7.5;104.8;45.5;0.0
58.3;121.6;39.1;0.0
51.5;131.6;15.9;0.0
7.5;146.0;42.9;0.0
8.3;149.2;4.0;0.0
2.5;150.4;2.3;0.0
0.0;150.4;0.0;0.0
0.0;150.4;0.0;0.0
0.0;150.4;0.0;0.0
0.0;150.4;0.0;0.0
0.0;150.4;0.0;0.0
0.0;150.4;0.0;0.0
0.0;150.4;1.7;0.0
0.0;150.4;0.0;0.0
0.0;150.4;0.0;0.0
0.0;150.4;0.0;0.0
0.0;150.4;1.1;0.0
0.0;150.4;0.0;0.0
0.0;150.4;0.0;0.0
0.0;150.4;0.0;0.0
6.7;150.8;0.8;0.0
8.3;150.8;0.0;0.0
9.1;150.8;0.0;0.0
8.3;150.8;0.0;0.0
9.2;151.0;1.4;0.0
4.2;151.6;0.1;0.0
0.0;151.6;0.0;0.0
0.0;151.6;0.0;0.0
0.0;151.6;0.0;0.0
0.0;151.6;0.0;0.0
0.0;151.6;0.0;0.0
0.0;151.6;0.0;0.0
0.0;151.6;1.7;0.0
0.0;151.6;0.0;0.0
0.0;151.6;0.0;0.0
0.0;151.6;0.0;0.0
0.0;151.6;1.1;0.0
0.0;151.6;0.0;0.0
0.0;151.6;0.0;0.0
1.7;151.9;0.7;0.0
7.5;153.1;0.3;4.0
8.3;184.2;693.9;0.0
8.3;184.6;386.4;0.0
8.3;184.6;358.4;0.0
8.3;184.6;369.7;0.0
8.3;184.6;385.5;0.0
8.3;216.3;199.5;0.0
8.3;216.3;0.4;132.0
9.1;216.3;0.6;192.0
8.3;216.3;0.2;64.0
8.3;185.9;0.3;64.0
8.3;0.0;0.0;0.0
0.0;0.0;0.0;0.0
0.0;0.0;0.0;0.0
0.0;0.0;0.0;0.0
