7.5;52.6;32.9;0.0
7.5;64.5;23.5;0.0
6.6;71.5;23.8;0.0
8.3;80.9;24.6;0.0
6.6;90.8;42.1;0.0
6.6;101.1;44.0;0.0
25.8;120.3;37.5;0.0
81.4;131.6;30.2;0.0
7.5;138.5;20.4;0.0
8.3;152.1;29.5;0.0
5.8;153.4;2.3;0.0
0.0;153.4;0.0;0.0
0.0;153.4;0.0;0.0
0.0;153.4;0.0;0.0
0.0;153.4;0.0;0.0
0.0;153.4;0.0;0.0
0.0;153.4;0.0;0.0
0.0;153.4;0.0;0.0
0.0;153.6;1.8;0.0
0.0;153.6;0.0;0.0
0.0;153.6;0.0;0.0
0.0;153.6;0.4;0.0
0.8;153.6;0.5;0.0
0.0;153.6;0.0;0.0
0.0;153.6;0.0;0.0
1.7;154.0;0.8;0.0
8.3;154.0;0.0;0.0
8.3;154.0;0.0;0.0
8.3;154.0;0.0;0.0
8.3;154.0;0.0;0.0
8.3;154.0;0.0;0.0
6.6;154.9;1.5;0.0
0.0;154.9;0.0;0.0
0.0;154.9;0.0;0.0
0.0;154.9;0.0;0.0
0.0;154.9;0.0;0.0
0.0;154.9;0.0;0.0
0.0;154.9;0.0;0.0
0.0;154.9;1.7;0.0
0.0;154.9;0.0;0.0
0.0;154.9;0.0;0.0
0.0;154.9;0.0;0.0
0.0;154.9;0.4;0.0
0.0;154.9;0.0;0.0
0.0;154.9;0.0;0.0
0.0;154.9;0.0;0.0
7.5;157.9;1.8;4.0
8.3;189.5;524.8;0.0
8.3;190.0;466.4;0.0
8.3;190.0;332.6;0.0
8.3;190.0;332.3;0.0
8.3;190.0;343.2;0.0
8.3;190.0;373.7;0.0
8.3;221.7;22.2;0.0
8.3;222.0;0.6;196.0
8.3;222.0;0.6;192.0
8.3;191.5;0.3;48.0
8.3;191.5;0.0;0.0
5.8;0.0;0.0;0.0
0.0;0.0;0.0;0.0
