7.5;43.0;12.0;0.0
8.3;48.7;14.5;0.0
8.3;54.9;9.4;0.0
8.3;60.8;15.1;0.0
6.6;62.6;17.1;0.0
8.3;70.3;8.5;0.0
8.3;76.5;18.9;0.0
8.3;79.8;18.0;0.0
7.5;86.4;21.4;0.0
8.3;90.9;20.6;0.0
7.5;97.1;25.0;0.0
7.5;103.4;25.6;0.0
34.1;118.7;8.6;0.0
69.8;129.2;31.3;0.0
8.3;135.9;7.0;0.0
8.3;140.4;18.0;0.0
8.3;150.0;24.9;0.0
8.3;154.3;6.5;0.0
8.3;154.6;0.1;0.0
9.2;154.6;0.0;0.0
8.3;154.8;1.5;0.0
7.5;155.3;0.0;0.0
7.5;157.8;0.3;4.0
8.3;189.1;123.1;0.0
8.3;189.7;205.4;0.0
8.3;189.7;169.6;0.0
8.3;221.3;111.0;0.0
8.3;221.3;0.0;0.0
8.3;221.6;0.4;132.0
8.3;221.6;0.2;64.0
8.3;221.6;0.2;64.0
8.3;221.6;0.2;64.0
8.3;191.2;0.3;44.0
9.1;191.2;0.0;0.0
8.3;160.2;0.0;0.0
1.7;0.0;0.0;0.0
0.0;0.0;0.0;0.0
0.0;0.0;0.0;0.0
0.0;0.0;0.0;0.0
0.0;0.0;0.0;0.0
0.0;0.0;0.0;0.0
0.0;0.0;0.0;0.0
0.0;0.0;0.0;0.0
0.0;0.0;0.0;0.0
0.0;0.0;0.0;0.0
0.0;0.0;0.0;0.0
0.0;0.0;0.0;0.0
0.0;0.0;0.0;0.0
0.0;0.0;0.0;0.0
0.0;0.0;0.0;0.0
0.0;0.0;0.0;0.0
0.0;0.0;0.0;0.0
0.0;0.0;0.0;0.0
0.0;0.0;0.0;0.0
0.0;0.0;0.0;0.0
0.0;0.0;0.0;0.0
0.0;0.0;0.0;0.0
0.0;0.0;0.0;0.0
0.0;0.0;0.0;0.0
0.0;0.0;0.0;0.0
