6.6;49.3;24.2;0.0
8.3;60.8;21.0;0.0
7.5;69.6;24.4;0.0
7.5;79.3;15.7;0.0
8.3;87.0;22.4;0.0
6.6;96.0;36.9;0.0
8.3;103.1;33.4;0.0
7.5;113.3;41.2;0.0
46.6;126.5;8.6;0.0
63.2;134.1;25.8;0.0
8.3;140.7;8.2;0.0
8.3;145.4;9.6;0.0
7.5;158.5;40.1;0.0
8.3;160.2;0.4;0.0
8.3;160.3;0.1;0.0
8.3;162.6;1.5;0.0
8.3;163.0;0.0;0.0
8.3;161.9;0.3;4.0
8.3;193.1;248.3;0.0
8.3;193.5;188.8;0.0
8.3;224.9;172.0;0.0
8.3;224.9;0.0;0.0
9.2;224.9;0.2;68.0
7.5;225.2;0.2;64.0
9.1;225.2;0.4;128.0
8.3;225.2;0.2;64.0
8.3;194.7;0.3;44.0
8.3;194.8;0.0;0.0
8.3;0.0;0.0;0.0
0.8;0.0;0.0;0.0
0.0;0.0;0.0;0.0
0.0;0.0;0.0;0.0
0.0;0.0;0.0;0.0
0.0;0.0;0.0;0.0
0.0;0.0;0.0;0.0
0.0;0.0;0.0;0.0
0.0;0.0;0.0;0.0
0.0;0.0;0.0;0.0
0.0;0.0;0.0;0.0
0.0;0.0;0.0;0.0
0.0;0.0;0.0;0.0
0.0;0.0;0.0;0.0
0.0;0.0;0.0;0.0
0.0;0.0;0.0;0.0
0.0;0.0;0.0;0.0
0.0;0.0;0.0;0.0
0.0;0.0;0.0;0.0
0.0;0.0;0.0;0.0
0.0;0.0;0.0;0.0
0.0;0.0;0.0;0.0
0.0;0.0;0.0;0.0
0.0;0.0;0.0;0.0
0.0;0.0;0.0;0.0
0.0;0.0;0.0;0.0
0.0;0.0;0.0;0.0
0.0;0.0;0.0;0.0
0.0;0.0;0.0;0.0
0.0;0.0;0.0;0.0
0.0;0.0;0.0;0.0
0.0;0.0;0.0;0.0
