7.5;45.8;29.1;0.0
7.5;56.7;19.6;0.0
9.2;64.7;21.4;0.0
6.6;70.3;16.0;0.0
8.3;79.1;22.7;0.0
7.5;86.0;29.2;0.0
6.7;93.4;30.4;0.0
8.3;101.7;37.2;0.0
8.3;107.3;17.3;0.0
89.9;120.9;18.4;0.0
24.9;130.8;23.2;0.0
8.3;135.9;9.8;0.0
7.5;148.6;38.5;0.0
8.3;150.9;2.2;0.0
8.3;151.0;0.0;0.0
9.2;153.2;1.5;0.0
7.5;153.8;0.0;0.0
7.5;171.3;0.3;4.0
8.3;183.9;322.5;0.0
8.3;184.2;242.8;0.0
8.3;215.7;44.4;0.0
8.3;215.7;0.2;68.0
8.3;215.7;0.2;64.0
8.3;215.7;0.4;128.0
8.3;215.7;0.2;64.0
8.3;215.7;0.0;0.0
8.3;185.4;0.3;44.0
8.3;185.4;0.0;0.0
2.5;0.0;0.0;0.0
0.0;0.0;0.0;0.0
0.0;0.0;0.0;0.0
0.0;0.0;0.0;0.0
0.0;0.0;0.0;0.0
0.0;0.0;0.0;0.0
0.0;0.0;0.0;0.0
0.0;0.0;0.0;0.0
0.0;0.0;0.0;0.0
0.0;0.0;0.0;0.0
0.0;0.0;0.0;0.0
0.0;0.0;0.0;0.0
0.0;0.0;0.0;0.0
0.0;0.0;0.0;0.0
0.0;0.0;0.0;0.0
0.0;0.0;0.0;0.0
0.0;0.0;0.0;0.0
0.0;0.0;0.0;0.0
0.0;0.0;0.0;0.0
0.0;0.0;0.0;0.0
0.0;0.0;0.0;0.0
0.0;0.0;0.0;0.0
0.0;0.0;0.0;0.0
0.0;0.0;0.0;0.0
0.0;0.0;0.0;0.0
0.0;0.0;0.0;0.0
0.0;0.0;0.0;0.0
0.0;0.0;0.0;0.0
0.0;0.0;0.0;0.0
0.0;0.0;0.0;0.0
0.0;0.0;0.0;0.0
0.0;0.0;0.0;0.0
