6.6;50.1;18.0;0.0
7.5;59.2;20.9;0.0
8.3;68.8;20.1;0.0
7.5;65.6;19.7;0.0
8.3;71.0;7.6;0.0
7.5;77.1;18.7;0.0
8.3;84.1;29.7;0.0
7.5;91.3;29.8;0.0
7.5;98.7;33.8;0.0
16.0;118.1;22.9;0.0
88.9;125.5;19.7;0.0
8.3;134.6;19.3;0.0
8.3;139.5;9.8;0.0
7.5;144.5;21.1;0.0
8.3;154.5;19.5;0.0
8.3;154.9;0.1;0.0
8.3;154.9;0.0;0.0
8.3;155.0;1.5;0.0
8.3;155.5;0.0;0.0
7.5;171.1;0.3;4.0
8.3;191.9;262.5;0.0
8.3;191.9;88.8;0.0
8.3;191.9;53.6;0.0
8.3;191.9;92.6;0.0
8.3;223.5;111.0;0.0
8.3;223.5;0.0;0.0
8.3;223.8;0.2;68.0
8.3;223.8;0.4;128.0
8.3;223.8;0.2;68.0
8.3;223.8;0.2;64.0
8.3;193.4;0.3;44.0
8.3;162.4;0.0;0.0
1.7;0.0;0.0;0.0
0.0;0.0;0.0;0.0
0.0;0.0;0.0;0.0
0.0;0.0;0.0;0.0
0.0;0.0;0.0;0.0
0.0;0.0;0.0;0.0
0.0;0.0;0.0;0.0
0.0;0.0;0.0;0.0
0.0;0.0;0.0;0.0
0.0;0.0;0.0;0.0
0.0;0.0;0.0;0.0
0.0;0.0;0.0;0.0
0.0;0.0;0.0;0.0
0.0;0.0;0.0;0.0
0.0;0.0;0.0;0.0
0.0;0.0;0.0;0.0
0.0;0.0;0.0;0.0
0.0;0.0;0.0;0.0
0.0;0.0;0.0;0.0
0.0;0.0;0.0;0.0
0.0;0.0;0.0;0.0
0.0;0.0;0.0;0.0
0.0;0.0;0.0;0.0
0.0;0.0;0.0;0.0
0.0;0.0;0.0;0.0
0.0;0.0;0.0;0.0
0.0;0.0;0.0;0.0
0.0;0.0;0.0;0.0
