6.6;44.7;24.5;0.0
7.5;56.6;24.2;0.0
8.3;65.1;24.0;0.0
7.5;72.6;14.5;0.0
8.3;79.7;18.9;0.0
7.5;84.2;19.2;0.0
8.3;93.0;31.0;0.0
7.5;99.1;28.4;0.0
7.5;106.7;28.5;0.0
10.8;113.6;11.6;0.0
83.7;130.8;13.8;0.0
24.1;141.1;27.4;0.0
8.3;146.6;9.8;0.0
8.3;159.2;38.7;0.0
8.3;161.6;1.8;0.0
7.5;161.8;0.1;0.0
8.3;161.8;0.0;0.0
8.3;164.0;1.6;0.0
8.3;164.5;0.0;0.0
8.3;163.4;0.3;4.0
8.3;195.1;250.7;0.0
8.3;195.1;191.2;0.0
7.5;226.5;168.4;0.0
8.3;226.5;0.0;0.0
8.3;226.7;0.2;68.0
9.2;226.7;0.2;64.0
7.5;226.7;0.4;128.0
8.3;226.7;0.2;64.0
9.2;226.7;0.0;0.0
7.5;196.3;0.3;44.0
9.2;196.3;0.0;0.0
5.8;0.0;0.0;0.0
0.0;0.0;0.0;0.0
0.0;0.0;0.0;0.0
0.0;0.0;0.0;0.0
0.0;0.0;0.0;0.0
0.0;0.0;0.0;0.0
0.0;0.0;0.0;0.0
0.0;0.0;0.0;0.0
0.0;0.0;0.0;0.0
0.0;0.0;0.0;0.0
0.0;0.0;0.0;0.0
0.0;0.0;0.0;0.0
0.0;0.0;0.0;0.0
0.0;0.0;0.0;0.0
0.0;0.0;0.0;0.0
0.0;0.0;0.0;0.0
0.0;0.0;0.0;0.0
0.0;0.0;0.0;0.0
0.0;0.0;0.0;0.0
0.0;0.0;0.0;0.0
0.0;0.0;0.0;0.0
0.0;0.0;0.0;0.0
0.0;0.0;0.0;0.0
0.0;0.0;0.0;0.0
0.0;0.0;0.0;0.0
0.0;0.0;0.0;0.0
0.0;0.0;0.0;0.0
0.0;0.0;0.0;0.0
0.0;0.0;0.0;0.0
