6.6;41.9;24.7;0.0
8.3;54.3;25.3;0.0
7.5;62.0;15.3;0.0
7.5;64.8;19.0;0.0
7.5;74.0;11.9;0.0
9.2;81.6;21.1;0.0
7.5;86.2;22.8;0.0
7.5;92.6;24.0;0.0
7.5;94.5;8.2;0.0
8.3;99.1;22.6;0.0
7.5;107.8;29.6;0.0
42.6;127.6;15.3;0.0
65.6;136.3;28.0;0.0
8.3;142.8;6.2;0.0
8.3;148.5;20.6;0.0
7.5;161.2;28.7;0.0
8.3;161.4;0.1;0.0
8.3;161.5;0.0;0.0
8.3;161.7;1.6;0.0
9.1;162.3;0.0;0.0
6.6;185.8;0.3;4.0
8.3;196.4;247.9;0.0
7.5;196.8;93.4;0.0
10.0;196.8;105.0;0.0
8.3;217.3;160.0;0.0
8.3;228.1;1.6;0.0
8.3;228.4;0.2;68.0
8.3;228.4;0.4;128.0
8.3;228.4;0.2;64.0
8.3;228.4;0.2;64.0
8.3;198.0;0.3;40.0
8.3;198.0;0.0;0.0
7.5;0.0;0.0;0.0
0.0;0.0;0.0;0.0
0.0;0.0;0.0;0.0
0.0;0.0;0.0;0.0
0.0;0.0;0.0;0.0
0.0;0.0;0.0;0.0
0.0;0.0;0.0;0.0
0.0;0.0;0.0;0.0
0.0;0.0;0.0;0.0
0.0;0.0;0.0;0.0
0.0;0.0;0.0;0.0
0.0;0.0;0.0;0.0
0.0;0.0;0.0;0.0
0.0;0.0;0.0;0.0
0.0;0.0;0.0;0.0
0.0;0.0;0.0;0.0
0.0;0.0;0.0;0.0
0.0;0.0;0.0;0.0
0.0;0.0;0.0;0.0
0.0;0.0;0.0;0.0
0.0;0.0;0.0;0.0
0.0;0.0;0.0;0.0
0.0;0.0;0.0;0.0
0.0;0.0;0.0;0.0
0.0;0.0;0.0;0.0
0.0;0.0;0.0;0.0
0.0;0.0;0.0;0.0
0.0;0.0;0.0;0.0
