7.5;42.5;24.6;0.0
7.5;51.7;21.3;0.0
8.3;60.3;18.1;0.0
6.6;64.6;19.5;0.0
8.3;76.1;24.8;0.0
7.5;80.2;18.4;0.0
7.5;89.4;32.4;0.0
7.5;95.8;30.0;0.0
6.6;104.6;33.8;0.0
51.3;116.6;10.6;0.0
59.9;128.2;32.7;0.0
8.3;132.7;6.2;0.0
7.5;140.1;27.9;0.0
8.3;149.4;16.2;0.0
8.3;149.8;0.1;0.0
8.3;149.8;0.0;0.0
8.3;150.0;1.5;0.0
8.3;150.5;0.0;0.0
8.3;182.4;164.2;4.0
8.3;183.0;213.0;0.0
8.3;183.2;183.4;0.0
8.3;214.7;47.0;0.0
8.3;214.7;0.0;0.0
8.3;214.7;0.4;132.0
8.3;214.7;0.4;128.0
8.3;214.7;0.2;64.0
8.3;184.3;0.3;44.0
8.3;184.4;0.0;0.0
8.3;0.0;0.0;0.0
0.0;0.0;0.0;0.0
0.0;0.0;0.0;0.0
0.0;0.0;0.0;0.0
0.0;0.0;0.0;0.0
0.0;0.0;0.0;0.0
0.0;0.0;0.0;0.0
0.0;0.0;0.0;0.0
0.0;0.0;0.0;0.0
0.0;0.0;0.0;0.0
0.0;0.0;0.0;0.0
0.0;0.0;0.0;0.0
0.0;0.0;0.0;0.0
0.0;0.0;0.0;0.0
0.0;0.0;0.0;0.0
0.0;0.0;0.0;0.0
0.0;0.0;0.0;0.0
0.0;0.0;0.0;0.0
0.0;0.0;0.0;0.0
0.0;0.0;0.0;0.0
0.0;0.0;0.0;0.0
0.0;0.0;0.0;0.0
0.0;0.0;0.0;0.0
0.0;0.0;0.0;0.0
0.0;0.0;0.0;0.0
0.0;0.0;0.0;0.0
0.0;0.0;0.0;0.0
0.0;0.0;0.0;0.0
0.0;0.0;0.0;0.0
0.0;0.0;0.0;0.0
0.0;0.0;0.0;0.0
0.0;0.0;0.0;0.0
