6.6;41.5;22.0;0.0
8.3;51.3;23.3;0.0
8.3;60.4;19.1;0.0
8.3;64.2;19.2;0.0
7.5;75.2;22.2;0.0
7.5;79.5;16.8;0.0
7.5;88.3;33.8;0.0
6.6;94.4;28.2;0.0
9.2;98.1;12.8;0.0
7.5;99.9;9.8;0.0
7.5;105.5;17.6;0.0
91.5;129.9;28.7;0.0
19.1;137.6;13.1;0.0
8.3;143.6;20.2;0.0
7.5;156.6;29.9;0.0
8.3;157.3;0.1;0.0
8.3;157.3;0.0;0.0
8.3;157.4;1.5;0.0
8.3;157.9;0.0;0.0
7.5;158.3;0.3;4.0
8.3;191.7;92.9;0.0
8.3;192.3;212.4;0.0
9.2;192.3;150.2;0.0
8.3;192.5;120.6;0.0
7.5;223.8;33.6;0.0
8.3;224.1;0.0;0.0
8.3;224.1;0.4;132.0
8.3;224.1;0.4;128.0
8.3;224.1;0.2;64.0
8.3;224.1;0.0;0.0
8.3;193.8;0.3;44.0
8.3;193.8;0.0;0.0
5.0;0.0;0.0;0.0
0.0;0.0;0.0;0.0
0.0;0.0;0.0;0.0
0.0;0.0;0.0;0.0
0.0;0.0;0.0;0.0
0.0;0.0;0.0;0.0
0.0;0.0;0.0;0.0
0.0;0.0;0.0;0.0
0.0;0.0;0.0;0.0
0.0;0.0;0.0;0.0
0.0;0.0;0.0;0.0
0.0;0.0;0.0;0.0
0.0;0.0;0.0;0.0
0.0;0.0;0.0;0.0
0.0;0.0;0.0;0.0
0.0;0.0;0.0;0.0
0.0;0.0;0.0;0.0
0.0;0.0;0.0;0.0
0.0;0.0;0.0;0.0
0.0;0.0;0.0;0.0
0.0;0.0;0.0;0.0
0.0;0.0;0.0;0.0
0.0;0.0;0.0;0.0
0.0;0.0;0.0;0.0
0.0;0.0;0.0;0.0
0.0;0.0;0.0;0.0
0.0;0.0;0.0;0.0
0.0;0.0;0.0;0.0
