8.3;53.2;28.2;0.0
7.5;61.8;17.6;0.0
7.5;64.4;20.0;0.0
8.3;74.4;15.5;0.0
8.3;80.3;21.6;0.0
6.6;89.4;36.7;0.0
8.3;96.2;32.2;0.0
7.4;104.4;28.5;0.0
29.9;122.3;19.0;0.0
77.3;132.6;30.2;0.0
8.3;137.2;6.2;0.0
8.3;145.1;28.3;0.0
8.3;153.9;15.9;0.0
8.3;154.3;0.1;0.0
8.3;154.3;0.0;0.0
8.3;154.6;1.5;0.0
7.5;155.0;0.0;0.0
7.5;186.8;205.0;4.0
8.3;187.6;201.7;0.0
9.2;218.3;200.7;0.0
7.5;219.1;0.8;0.0
8.3;219.1;0.2;68.0
8.3;219.1;0.4;128.0
8.3;219.1;0.2;64.0
8.3;219.1;0.2;68.0
8.3;188.7;0.3;44.0
8.3;188.8;0.0;0.0
8.3;0.0;0.0;0.0
0.0;0.0;0.0;0.0
0.0;0.0;0.0;0.0
0.0;0.0;0.0;0.0
0.0;0.0;0.0;0.0
0.0;0.0;0.0;0.0
0.0;0.0;0.0;0.0
0.0;0.0;0.0;0.0
0.0;0.0;0.0;0.0
0.0;0.0;0.0;0.0
0.0;0.0;0.0;0.0
0.0;0.0;0.0;0.0
0.0;0.0;0.0;0.0
0.0;0.0;0.0;0.0
0.0;0.0;0.0;0.0
0.0;0.0;0.0;0.0
0.0;0.0;0.0;0.0
0.0;0.0;0.0;0.0
0.0;0.0;0.0;0.0
0.0;0.0;0.0;0.0
0.0;0.0;0.0;0.0
0.0;0.0;0.0;0.0
0.0;0.0;0.0;0.0
0.0;0.0;0.0;0.0
0.0;0.0;0.0;0.0
0.0;0.0;0.0;0.0
0.0;0.0;0.0;0.0
0.0;0.0;0.0;0.0
0.0;0.0;0.0;0.0
0.0;0.0;0.0;0.0
0.0;0.0;0.0;0.0
0.0;0.0;0.0;0.0
0.0;0.0;0.0;0.0
