7.5;43.4;24.5;0.0
8.3;54.3;19.6;0.0
7.5;62.8;23.6;0.0
7.5;68.5;14.9;0.0
8.3;76.4;21.3;0.0
7.5;83.6;25.4;0.0
7.5;90.4;31.6;0.0
8.3;98.1;33.1;0.0
7.5;105.4;25.4;0.0
76.7;114.4;10.4;0.0
21.6;126.5;31.2;0.0
8.3;131.9;9.8;0.0
7.5;142.7;33.9;0.0
8.3;146.7;6.6;0.0
8.3;147.1;0.1;0.0
8.3;147.2;0.0;0.0
8.3;147.4;1.6;0.0
7.5;147.8;0.0;0.0
7.5;150.8;0.3;4.0
8.3;182.3;290.9;0.0
8.3;182.3;212.8;0.0
8.3;213.8;106.0;0.0
8.3;213.8;0.0;0.0
8.3;213.8;0.2;68.0
8.3;213.8;0.4;128.0
8.3;213.8;0.2;64.0
8.3;213.8;0.2;64.0
8.3;183.5;0.3;44.0
8.3;183.5;0.0;0.0
6.6;0.0;0.0;0.0
0.0;0.0;0.0;0.0
0.0;0.0;0.0;0.0
0.0;0.0;0.0;0.0
0.0;0.0;0.0;0.0
0.0;0.0;0.0;0.0
0.0;0.0;0.0;0.0
0.0;0.0;0.0;0.0
0.0;0.0;0.0;0.0
0.0;0.0;0.0;0.0
0.0;0.0;0.0;0.0
0.0;0.0;0.0;0.0
0.0;0.0;0.0;0.0
0.0;0.0;0.0;0.0
0.0;0.0;0.0;0.0
0.0;0.0;0.0;0.0
0.0;0.0;0.0;0.0
0.0;0.0;0.0;0.0
0.0;0.0;0.0;0.0
0.0;0.0;0.0;0.0
0.0;0.0;0.0;0.0
0.0;0.0;0.0;0.0
0.0;0.0;0.0;0.0
0.0;0.0;0.0;0.0
0.0;0.0;0.0;0.0
0.0;0.0;0.0;0.0
0.0;0.0;0.0;0.0
0.0;0.0;0.0;0.0
0.0;0.0;0.0;0.0
0.0;0.0;0.0;0.0
0.0;0.0;0.0;0.0
