7.5;46.1;23.9;0.0
7.5;57.0;19.0;0.0
8.3;65.1;23.0;0.0
7.5;72.1;15.2;0.0
7.5;80.8;22.3;0.0
7.5;86.9;25.2;0.0
7.5;93.8;29.8;0.0
6.6;97.4;16.6;0.0
9.2;103.2;24.5;0.0
7.5;110.4;18.4;0.0
89.9;127.1;12.5;0.0
21.6;137.8;28.7;0.0
8.3;142.3;6.6;0.0
8.3;148.2;25.1;0.0
8.3;158.2;18.7;0.0
8.3;158.6;0.1;0.0
8.3;158.7;0.0;0.0
8.3;158.8;1.5;0.0
8.3;159.2;0.0;0.0
8.3;178.7;0.3;4.0
8.3;193.5;305.3;0.0
8.3;193.5;228.8;0.0
8.3;225.2;75.6;0.0
8.3;225.2;0.0;0.0
8.3;225.4;0.2;68.0
9.1;225.4;0.4;128.0
8.3;225.4;0.4;128.0
8.3;225.4;0.0;0.0
8.3;195.1;0.3;44.0
8.3;195.1;0.0;0.0
8.3;0.0;0.0;0.0
0.8;0.0;0.0;0.0
0.0;0.0;0.0;0.0
0.0;0.0;0.0;0.0
0.0;0.0;0.0;0.0
0.0;0.0;0.0;0.0
0.0;0.0;0.0;0.0
0.0;0.0;0.0;0.0
0.0;0.0;0.0;0.0
0.0;0.0;0.0;0.0
0.0;0.0;0.0;0.0
0.0;0.0;0.0;0.0
0.0;0.0;0.0;0.0
0.0;0.0;0.0;0.0
0.0;0.0;0.0;0.0
0.0;0.0;0.0;0.0
0.0;0.0;0.0;0.0
0.0;0.0;0.0;0.0
0.0;0.0;0.0;0.0
0.0;0.0;0.0;0.0
0.0;0.0;0.0;0.0
0.0;0.0;0.0;0.0
0.0;0.0;0.0;0.0
0.0;0.0;0.0;0.0
0.0;0.0;0.0;0.0
0.0;0.0;0.0;0.0
0.0;0.0;0.0;0.0
0.0;0.0;0.0;0.0
0.0;0.0;0.0;0.0
0.0;0.0;0.0;0.0
