7.5;39.7;18.9;0.0
8.3;51.3;20.4;0.0
7.5;58.9;13.0;0.0
7.5;66.6;19.6;0.0
8.3;71.6;16.9;0.0
8.3;79.4;17.9;0.0
8.3;82.8;9.7;0.0
6.6;90.6;32.5;0.0
7.5;95.3;20.0;0.0
8.3;102.6;30.2;0.0
7.5;110.2;27.7;0.0
56.5;122.9;14.2;0.0
52.4;133.2;27.4;0.0
8.3;138.6;9.8;0.0
8.3;148.9;33.9;0.0
8.3;153.5;6.7;0.0
8.3;153.9;0.1;0.0
9.1;153.9;0.0;0.0
8.3;154.1;1.5;0.0
7.5;154.9;0.3;4.0
8.3;188.3;198.7;0.0
8.3;189.0;198.6;0.0
8.3;189.0;174.6;0.0
8.3;220.2;39.6;0.0
8.3;220.5;0.0;0.0
8.3;220.5;0.2;68.0
8.3;220.5;0.4;128.0
8.3;220.5;0.2;64.0
8.3;220.5;0.2;64.0
8.3;190.2;0.3;44.0
8.3;190.2;0.0;0.0
7.5;0.0;0.0;0.0
0.0;0.0;0.0;0.0
0.0;0.0;0.0;0.0
0.0;0.0;0.0;0.0
0.0;0.0;0.0;0.0
0.0;0.0;0.0;0.0
0.0;0.0;0.0;0.0
0.0;0.0;0.0;0.0
0.0;0.0;0.0;0.0
0.0;0.0;0.0;0.0
0.0;0.0;0.0;0.0
0.0;0.0;0.0;0.0
0.0;0.0;0.0;0.0
0.0;0.0;0.0;0.0
0.0;0.0;0.0;0.0
0.0;0.0;0.0;0.0
0.0;0.0;0.0;0.0
0.0;0.0;0.0;0.0
0.0;0.0;0.0;0.0
0.0;0.0;0.0;0.0
0.0;0.0;0.0;0.0
0.0;0.0;0.0;0.0
0.0;0.0;0.0;0.0
0.0;0.0;0.0;0.0
0.0;0.0;0.0;0.0
0.0;0.0;0.0;0.0
0.0;0.0;0.0;0.0
0.0;0.0;0.0;0.0
0.0;0.0;0.0;0.0
