8.3;46.4;26.5;0.0
7.5;56.7;20.8;0.0
7.5;63.2;21.2;0.0
8.3;73.2;15.7;0.0
7.5;78.2;18.4;0.0
6.7;87.7;39.3;0.0
8.3;96.8;37.2;0.0
7.5;105.1;31.5;0.0
60.7;120.1;9.6;0.0
51.5;131.4;32.0;0.0
8.3;135.9;6.2;0.0
7.5;144.3;29.3;0.0
9.2;152.8;14.9;0.0
8.3;153.0;0.0;0.0
8.3;153.3;0.1;0.0
8.3;153.6;1.5;0.0
8.3;153.9;0.0;0.0
7.5;187.8;109.3;4.0
8.3;188.3;267.7;0.0
8.3;188.6;232.6;0.0
7.5;220.1;1.6;0.0
8.3;220.1;0.2;68.0
8.3;220.1;0.2;64.0
7.5;220.1;0.2;64.0
7.5;220.1;0.4;128.0
8.3;220.1;0.0;0.0
8.3;189.8;0.3;44.0
8.3;189.9;0.0;0.0
3.3;0.0;0.0;0.0
0.0;0.0;0.0;0.0
0.0;0.0;0.0;0.0
0.0;0.0;0.0;0.0
0.0;0.0;0.0;0.0
0.0;0.0;0.0;0.0
0.0;0.0;0.0;0.0
0.0;0.0;0.0;0.0
0.0;0.0;0.0;0.0
0.0;0.0;0.0;0.0
0.0;0.0;0.0;0.0
0.0;0.0;0.0;0.0
0.0;0.0;0.0;0.0
0.0;0.0;0.0;0.0
0.0;0.0;0.0;0.0
0.0;0.0;0.0;0.0
0.0;0.0;0.0;0.0
0.0;0.0;0.0;0.0
0.0;0.0;0.0;0.0
0.0;0.0;0.0;0.0
0.0;0.0;0.0;0.0
0.0;0.0;0.0;0.0
0.0;0.0;0.0;0.0
0.0;0.0;0.0;0.0
0.0;0.0;0.0;0.0
0.0;0.0;0.0;0.0
0.0;0.0;0.0;0.0
0.0;0.0;0.0;0.0
0.0;0.0;0.0;0.0
0.0;0.0;0.0;0.0
0.0;0.0;0.0;0.0
0.0;0.0;0.0;0.0
