6.6;49.4;26.9;0.0
8.3;58.6;14.2;0.0
7.5;63.9;24.2;0.0
7.5;73.0;14.1;0.0
8.3;80.5;21.1;0.0
7.5;87.5;30.2;0.0
7.5;94.2;27.4;0.0
7.5;101.6;32.3;0.0
8.3;110.1;24.7;0.0
81.5;128.0;16.4;0.0
24.9;138.1;24.8;0.0
8.3;143.4;13.0;0.0
7.5;156.7;36.9;0.0
8.3;158.3;0.5;0.0
8.3;158.3;0.0;0.0
8.3;158.4;0.7;0.0
8.3;158.8;0.8;0.0
8.3;159.4;0.3;4.0
8.3;190.9;212.9;0.0
8.3;191.2;217.8;0.0
8.3;222.9;179.0;0.0
8.3;222.9;0.0;0.0
8.3;223.1;0.2;68.0
8.3;223.1;0.2;64.0
8.3;223.1;0.4;128.0
8.3;223.1;0.2;64.0
8.3;192.6;0.3;44.0
8.3;192.7;0.0;0.0
8.3;0.0;0.0;0.0
0.0;0.0;0.0;0.0
0.0;0.0;0.0;0.0
0.0;0.0;0.0;0.0
0.0;0.0;0.0;0.0
0.0;0.0;0.0;0.0
0.0;0.0;0.0;0.0
0.0;0.0;0.0;0.0
0.0;0.0;0.0;0.0
0.0;0.0;0.0;0.0
0.0;0.0;0.0;0.0
0.0;0.0;0.0;0.0
0.0;0.0;0.0;0.0
0.0;0.0;0.0;0.0
0.0;0.0;0.0;0.0
0.0;0.0;0.0;0.0
0.0;0.0;0.0;0.0
0.0;0.0;0.0;0.0
0.0;0.0;0.0;0.0
0.0;0.0;0.0;0.0
0.0;0.0;0.0;0.0
0.0;0.0;0.0;0.0
0.0;0.0;0.0;0.0
0.0;0.0;0.0;0.0
0.0;0.0;0.0;0.0
0.0;0.0;0.0;0.0
0.0;0.0;0.0;0.0
0.0;0.0;0.0;0.0
0.0;0.0;0.0;0.0
0.0;0.0;0.0;0.0
0.0;0.0;0.0;0.0
0.0;0.0;0.0;0.0
