6.6;48.1;27.3;0.0
8.3;58.0;18.5;0.0
7.5;63.1;21.5;0.0
8.3;72.6;13.0;0.0
8.3;78.9;20.1;0.0
7.5;85.8;31.0;0.0
8.3;92.3;25.3;0.0
7.5;99.5;31.5;0.0
7.5;106.4;24.4;0.0
75.0;122.7;12.9;0.0
33.3;133.6;28.7;0.0
8.3;138.1;6.6;0.0
8.3;145.6;28.7;0.0
8.3;154.1;15.1;0.0
8.3;154.6;0.1;0.0
8.3;154.7;0.0;0.0
8.3;154.9;1.5;0.0
7.5;155.7;0.3;4.0
8.2;187.7;236.1;0.0
8.3;187.7;177.4;0.0
8.3;210.3;195.2;0.0
8.3;219.2;1.6;0.0
8.3;219.2;0.0;0.0
9.2;219.2;0.2;68.0
8.3;219.2;0.4;128.0
8.3;219.2;0.2;64.0
8.3;219.2;0.2;64.0
8.3;189.0;0.3;44.0
8.3;189.1;0.0;0.0
5.0;0.0;0.0;0.0
0.0;0.0;0.0;0.0
0.0;0.0;0.0;0.0
0.0;0.0;0.0;0.0
0.0;0.0;0.0;0.0
0.0;0.0;0.0;0.0
0.0;0.0;0.0;0.0
0.0;0.0;0.0;0.0
0.0;0.0;0.0;0.0
0.0;0.0;0.0;0.0
0.0;0.0;0.0;0.0
0.0;0.0;0.0;0.0
0.0;0.0;0.0;0.0
0.0;0.0;0.0;0.0
0.0;0.0;0.0;0.0
0.0;0.0;0.0;0.0
0.0;0.0;0.0;0.0
0.0;0.0;0.0;0.0
0.0;0.0;0.0;0.0
0.0;0.0;0.0;0.0
0.0;0.0;0.0;0.0
0.0;0.0;0.0;0.0
0.0;0.0;0.0;0.0
0.0;0.0;0.0;0.0
0.0;0.0;0.0;0.0
0.0;0.0;0.0;0.0
0.0;0.0;0.0;0.0
0.0;0.0;0.0;0.0
0.0;0.0;0.0;0.0
0.0;0.0;0.0;0.0
0.0;0.0;0.0;0.0
