5.8;49.8;23.3;0.0
8.3;59.6;18.8;0.0
8.3;67.7;17.8;0.0
8.3;72.5;18.4;0.0
7.5;79.7;12.5;0.0
7.5;84.7;17.6;0.0
7.5;93.4;34.7;0.0
8.3;99.9;29.6;0.0
7.5;107.1;30.9;0.0
21.6;123.5;15.3;0.0
86.5;131.1;13.5;0.0
11.6;141.7;27.4;0.0
8.3;146.8;9.8;0.0
8.3;155.2;30.7;0.0
8.3;161.5;9.8;0.0
7.5;161.9;0.1;0.0
8.3;161.9;0.0;0.0
9.2;162.2;1.6;0.0
7.5;162.6;0.0;0.0
7.5;172.2;0.3;4.0
8.3;196.9;276.5;0.0
8.3;196.9;216.4;0.0
8.3;228.5;115.6;0.0
8.3;228.5;0.0;0.0
8.3;228.5;0.2;68.0
8.3;228.7;0.4;128.0
8.3;228.7;0.2;64.0
8.3;228.7;0.2;64.0
8.3;198.2;0.3;40.0
8.3;198.3;0.0;0.0
8.3;197.8;0.0;0.0
2.5;0.0;0.0;0.0
0.0;0.0;0.0;0.0
0.0;0.0;0.0;0.0
0.0;0.0;0.0;0.0
0.0;0.0;0.0;0.0
0.0;0.0;0.0;0.0
0.0;0.0;0.0;0.0
0.0;0.0;0.0;0.0
0.0;0.0;0.0;0.0
0.0;0.0;0.0;0.0
0.0;0.0;0.0;0.0
0.0;0.0;0.0;0.0
0.0;0.0;0.0;0.0
0.0;0.0;0.0;0.0
0.0;0.0;0.0;0.0
0.0;0.0;0.0;0.0
0.0;0.0;0.0;0.0
0.0;0.0;0.0;0.0
0.0;0.0;0.0;0.0
0.0;0.0;0.0;0.0
0.0;0.0;0.0;0.0
0.0;0.0;0.0;0.0
0.0;0.0;0.0;0.0
0.0;0.0;0.0;0.0
0.0;0.0;0.0;0.0
0.0;0.0;0.0;0.0
0.0;0.0;0.0;0.0
0.0;0.0;0.0;0.0
0.0;0.0;0.0;0.0
