7.5;47.8;28.0;0.0
8.3;58.2;21.0;0.0
7.3;63.2;18.3;0.0
9.2;70.8;7.9;0.0
7.5;78.3;22.2;0.0
7.5;87.5;38.3;0.0
7.5;94.2;31.4;0.0
8.3;104.1;38.2;0.0
47.4;114.4;11.1;0.0
72.4;123.0;25.6;0.0
7.5;130.4;10.2;0.0
8.3;135.3;18.2;0.0
8.3;149.2;31.1;0.0
8.3;149.6;0.1;0.0
8.3;149.6;0.0;0.0
8.3;149.9;1.5;0.0
8.3;150.3;0.0;0.0
7.5;182.1;57.6;4.0
8.3;182.7;308.0;0.0
8.3;202.0;241.0;0.0
8.3;214.2;1.6;0.0
8.3;214.2;0.2;68.0
8.3;214.5;0.2;64.0
8.3;214.5;0.2;64.0
8.3;214.5;0.4;128.0
8.3;214.5;0.0;0.0
8.3;184.1;0.3;44.0
8.3;184.1;0.0;0.0
3.3;0.0;0.0;0.0
0.0;0.0;0.0;0.0
0.0;0.0;0.0;0.0
0.0;0.0;0.0;0.0
0.0;0.0;0.0;0.0
0.0;0.0;0.0;0.0
0.0;0.0;0.0;0.0
0.0;0.0;0.0;0.0
0.0;0.0;0.0;0.0
0.0;0.0;0.0;0.0
0.0;0.0;0.0;0.0
0.0;0.0;0.0;0.0
0.0;0.0;0.0;0.0
0.0;0.0;0.0;0.0
0.0;0.0;0.0;0.0
0.0;0.0;0.0;0.0
0.0;0.0;0.0;0.0
0.0;0.0;0.0;0.0
0.0;0.0;0.0;0.0
0.0;0.0;0.0;0.0
0.0;0.0;0.0;0.0
0.0;0.0;0.0;0.0
0.0;0.0;0.0;0.0
0.0;0.0;0.0;0.0
0.0;0.0;0.0;0.0
0.0;0.0;0.0;0.0
0.0;0.0;0.0;0.0
0.0;0.0;0.0;0.0
0.0;0.0;0.0;0.0
0.0;0.0;0.0;0.0
0.0;0.0;0.0;0.0
0.0;0.0;0.0;0.0
