7.5;61.2;28.6;0.0
8.3;70.8;20.2;0.0
7.5;74.4;21.8;0.0
8.3;83.8;22.1;0.0
7.5;89.0;23.8;0.0
7.5;97.5;33.0;0.0
8.3;105.5;33.3;0.0
7.5;112.5;25.4;0.0
52.4;128.8;5.9;0.0
57.4;135.8;18.6;0.0
8.3;144.4;17.1;0.0
7.5;149.6;13.0;0.0
8.3;163.7;37.3;0.0
8.3;164.4;0.1;0.0
8.3;164.4;0.0;0.0
8.3;166.6;1.5;0.0
7.5;167.1;0.0;0.0
9.2;198.9;54.4;4.0
8.3;199.7;288.8;0.0
7.5;199.7;193.0;0.0
8.3;230.9;75.6;0.0
8.3;231.2;0.0;0.0
8.3;231.2;0.2;68.0
9.2;231.2;0.2;64.0
8.3;231.2;0.4;128.0
8.3;231.2;0.2;64.0
8.3;200.9;0.3;44.0
8.3;201.0;0.0;0.0
8.3;0.0;0.0;0.0
0.0;0.0;0.0;0.0
0.0;0.0;0.0;0.0
0.0;0.0;0.0;0.0
0.0;0.0;0.0;0.0
0.0;0.0;0.0;0.0
0.0;0.0;0.0;0.0
0.0;0.0;0.0;0.0
0.0;0.0;0.0;0.0
0.0;0.0;0.0;0.0
0.0;0.0;0.0;0.0
0.0;0.0;0.0;0.0
0.0;0.0;0.0;0.0
0.0;0.0;0.0;0.0
0.0;0.0;0.0;0.0
0.0;0.0;0.0;0.0
0.0;0.0;0.0;0.0
0.0;0.0;0.0;0.0
0.0;0.0;0.0;0.0
0.0;0.0;0.0;0.0
0.0;0.0;0.0;0.0
0.0;0.0;0.0;0.0
0.0;0.0;0.0;0.0
0.0;0.0;0.0;0.0
0.0;0.0;0.0;0.0
0.0;0.0;0.0;0.0
0.0;0.0;0.0;0.0
0.0;0.0;0.0;0.0
0.0;0.0;0.0;0.0
0.0;0.0;0.0;0.0
0.0;0.0;0.0;0.0
0.0;0.0;0.0;0.0
