7.5;40.5;13.0;0.0
8.3;51.4;21.8;0.0
7.5;59.9;17.5;0.0
7.5;64.0;19.2;0.0
8.3;71.6;9.1;0.0
7.5;79.4;21.3;0.0
8.3;83.2;18.4;0.0
7.5;91.0;26.8;0.0
6.6;96.1;15.8;0.0
8.3;102.9;28.0;0.0
8.3;110.1;26.5;0.0
64.4;119.0;9.2;0.0
45.7;127.4;28.6;0.0
8.3;132.6;4.4;0.0
8.3;136.4;9.0;0.0
7.5;139.4;14.2;0.0
8.3;151.2;27.0;0.0
8.3;152.3;0.4;0.0
8.3;152.3;0.0;0.0
9.1;152.3;0.0;0.0
8.3;152.3;0.0;0.0
39.9;164.5;0.0;0.0
98.9;165.0;0.0;0.0
88.2;165.7;2.2;0.0
7.5;165.7;0.1;0.0
0.0;165.7;0.0;0.0
0.8;165.7;1.8;0.0
0.0;165.7;2.6;0.0
0.0;165.7;2.3;0.0
0.0;165.7;0.5;0.0
0.0;165.7;2.2;0.0
5.8;166.6;0.3;0.0
9.1;166.6;0.0;0.0
8.3;166.6;0.0;0.0
