7.5;55.7;25.5;0.0
8.3;65.5;17.7;0.0
6.6;71.6;21.6;0.0
9.2;80.9;11.5;0.0
7.5;84.0;12.7;0.0
8.3;87.2;6.6;0.0
7.5;89.3;9.7;0.0
8.3;93.9;17.1;0.0
7.5;97.2;13.4;0.0
8.3;100.6;15.6;0.0
7.5;107.1;25.2;0.0
7.5;114.0;29.2;0.0
46.3;124.9;11.9;0.0
63.1;132.9;24.4;0.0
8.3;140.1;10.6;0.0
6.6;144.7;15.2;0.0
8.3;157.3;34.5;0.0
8.3;160.1;1.1;0.0
8.3;160.1;0.0;0.0
8.3;160.3;0.0;0.0
9.1;160.3;0.0;0.0
73.4;172.6;0.0;0.0
92.2;173.7;2.3;0.0
2.5;173.9;5.9;0.0
5.8;174.6;2.9;0.0
8.3;174.6;0.0;0.0
9.1;174.6;0.0;0.0
8.3;174.6;0.0;0.0
8.3;174.7;0.0;0.0
