7.5;44.8;20.4;0.0
8.3;54.5;15.5;0.0
8.3;62.2;18.2;0.0
6.6;68.6;18.7;0.0
8.3;76.6;19.5;0.0
8.3;80.4;13.9;0.0
6.6;86.0;21.3;0.0
6.6;88.9;12.6;0.0
8.3;94.6;22.6;0.0
7.5;100.4;27.8;0.0
26.0;118.5;25.0;0.0
78.9;126.9;23.4;0.0
7.5;134.4;13.3;0.0
8.3;139.1;9.6;0.0
8.3;144.6;23.7;0.0
8.3;154.9;17.9;0.0
8.3;155.3;0.0;0.0
8.3;155.4;0.0;0.0
7.5;155.4;0.0;0.0
60.3;169.7;0.0;0.0
98.0;169.7;0.0;0.0
94.7;170.7;2.0;0.0
1.7;170.7;2.2;0.0
0.0;170.7;0.0;0.0
0.8;171.0;4.0;0.0
0.0;171.0;4.0;0.0
5.8;171.6;2.1;0.0
8.3;171.6;0.0;0.0
9.1;171.7;0.0;0.0
7.4;171.8;0.0;0.0
7.5;171.8;0.0;0.0
8.3;171.8;0.0;0.0
7.5;171.8;0.0;0.0
9.2;171.8;0.0;0.0
8.3;171.8;0.0;0.0
