15.8;50.1;31.1;0.0
8.3;65.6;31.8;0.0
6.6;68.0;23.8;0.0
7.5;78.9;25.8;0.0
5.8;88.7;41.7;0.0
7.5;99.0;43.2;0.0
16.6;116.0;34.9;0.0
92.2;129.7;34.0;0.0
7.5;137.2;22.8;0.0
4.1;148.7;28.4;0.0
0.0;148.7;0.0;0.0
0.0;148.7;0.0;0.0
0.0;148.7;0.0;0.0
0.0;148.7;0.0;0.0
0.0;148.7;0.0;0.0
0.0;148.7;0.0;0.0
0.0;149.0;1.8;0.0
0.0;149.0;0.0;0.0
0.0;149.0;0.0;0.0
0.0;149.0;0.0;0.0
0.0;149.0;0.4;0.0
0.0;149.0;0.0;0.0
0.0;149.0;0.0;0.0
0.0;149.0;0.0;0.0
0.0;149.0;0.0;0.0
0.0;149.0;0.0;0.0
0.0;149.0;0.0;0.0
0.0;149.0;0.0;0.0
0.0;149.0;0.0;0.0
0.0;149.0;0.0;0.0
0.0;149.0;0.0;0.0
0.0;149.0;1.9;0.0
0.0;149.0;0.0;0.0
0.0;149.0;0.0;0.0
0.0;149.0;0.0;0.0
0.0;149.0;0.0;0.0
0.0;149.0;0.0;0.0
0.0;149.0;0.0;0.0
0.8;149.0;2.0;0.0
0.0;149.0;0.0;0.0
0.0;149.0;0.0;0.0
0.0;149.0;0.0;0.0
0.0;149.0;0.0;0.0
0.0;149.0;0.0;0.0
0.0;149.0;0.0;0.0
0.0;149.6;1.6;0.0
8.3;151.7;0.4;0.0
8.3;151.7;0.0;0.0
8.3;151.7;0.0;0.0
8.3;151.9;0.0;0.0
8.3;151.9;0.0;0.0
84.9;184.6;0.4;0.0
17.4;184.6;0.0;0.0
0.0;184.6;0.0;0.0
0.0;184.6;0.0;0.0
0.0;184.6;0.0;0.0
0.0;184.6;0.0;0.0
0.0;184.6;0.0;0.0
0.8;184.6;1.8;0.0
0.0;184.6;0.0;0.0
