22.4;48.3;30.4;0.0
7.5;63.6;31.9;0.0
6.6;70.0;23.5;0.0
8.3;80.9;25.8;0.0
6.6;90.0;38.1;0.0
6.6;100.9;46.4;0.0
20.0;122.2;35.7;0.0
88.9;135.1;33.6;0.0
8.3;141.4;13.0;0.0
5.0;154.9;38.2;0.0
0.0;154.9;0.0;0.0
0.0;154.9;0.0;0.0
0.0;154.9;0.0;0.0
0.0;154.9;0.0;0.0
0.0;154.9;0.0;0.0
0.0;154.9;0.0;0.0
0.0;154.9;0.8;0.0
0.0;155.2;1.0;0.0
0.0;155.2;0.0;0.0
0.0;155.2;0.0;0.0
0.0;155.2;0.4;0.0
0.0;155.2;0.0;0.0
0.0;155.2;0.0;0.0
0.0;155.2;0.0;0.0
0.0;155.2;0.0;0.0
0.0;155.2;0.0;0.0
0.0;155.2;0.0;0.0
0.0;155.2;2.1;0.0
0.0;155.2;0.0;0.0
0.0;155.2;0.0;0.0
0.0;155.2;0.0;0.0
0.0;155.2;0.0;0.0
0.0;155.2;0.0;0.0
0.0;155.2;0.0;0.0
0.0;155.2;0.0;0.0
0.0;155.2;0.0;0.0
0.0;155.2;0.0;0.0
0.0;155.2;0.0;0.0
0.0;155.2;2.4;0.0
0.0;155.2;0.0;0.0
0.0;155.2;0.0;0.0
0.0;155.2;0.0;0.0
0.0;155.2;0.0;0.0
0.0;155.2;0.0;0.0
0.0;155.2;0.0;0.0
0.0;155.2;0.0;0.0
7.5;158.0;1.5;0.0
8.3;158.0;0.0;0.0
8.3;158.0;0.0;0.0
8.3;158.2;0.0;0.0
8.3;158.2;0.0;0.0
71.5;170.8;0.4;0.0
24.1;170.8;0.0;0.0
0.0;170.8;0.0;0.0
0.0;170.8;0.0;0.0
0.0;170.8;0.0;0.0
0.0;170.8;0.0;0.0
0.0;170.8;0.0;0.0
0.0;170.8;1.8;0.0
0.0;170.8;0.0;0.0
