7.5;63.4;33.1;0.0
6.6;68.6;30.8;0.0
8.3;82.9;29.8;0.0
6.6;91.6;34.9;0.0
7.5;103.6;46.5;0.0
12.5;123.0;36.9;0.0
96.3;139.1;38.8;0.0
8.3;145.3;18.2;0.0
4.1;158.5;33.0;0.0
0.0;158.5;0.0;0.0
0.0;158.5;0.0;0.0
0.0;158.5;0.0;0.0
0.0;158.5;0.0;0.0
0.0;158.5;0.0;0.0
0.0;158.5;0.0;0.0
0.0;158.7;1.7;0.0
0.0;158.7;0.0;0.0
0.0;158.7;0.0;0.0
0.0;158.7;0.0;0.0
0.0;158.7;0.4;0.0
0.0;158.7;0.0;0.0
0.0;158.7;0.0;0.0
0.0;158.7;0.0;0.0
0.0;158.7;0.0;0.0
0.0;158.7;0.0;0.0
0.0;158.7;0.0;0.0
0.0;158.7;0.0;0.0
0.0;158.7;2.2;0.0
0.0;158.7;0.0;0.0
0.0;158.7;0.0;0.0
0.0;158.7;0.0;0.0
0.0;158.7;0.0;0.0
0.0;158.7;0.0;0.0
0.0;158.7;0.0;0.0
0.0;158.7;0.0;0.0
0.0;158.7;0.0;0.0
0.0;158.7;0.0;0.0
0.0;158.7;0.0;0.0
0.8;158.7;3.2;0.0
0.0;158.7;0.0;0.0
0.0;158.7;0.0;0.0
0.0;159.2;1.0;0.0
8.3;161.4;0.4;0.0
8.3;161.4;0.0;0.0
8.3;161.5;0.0;0.0
8.3;161.5;0.0;0.0
8.3;161.5;0.0;0.0
65.7;166.1;0.4;0.0
32.4;166.1;0.0;0.0
0.0;166.1;0.0;0.0
0.0;166.1;0.0;0.0
0.0;166.1;0.0;0.0
0.0;166.1;0.0;0.0
0.0;166.1;0.0;0.0
0.0;166.1;1.0;0.0
0.0;166.1;0.8;0.0
0.0;166.1;0.0;0.0
0.0;166.1;0.0;0.0
0.0;166.1;0.4;0.0
0.0;166.1;0.0;0.0
