6.6;54.5;36.7;0.0
7.5;68.2;27.7;0.0
7.5;75.9;23.4;0.0
7.5;86.1;25.0;0.0
6.7;95.0;36.5;0.0
7.5;103.0;38.8;0.0
6.6;113.6;36.9;0.0
91.5;140.2;36.8;0.0
18.3;149.8;14.4;0.0
7.5;164.0;41.6;0.0
0.0;164.0;0.0;0.0
0.0;164.0;0.0;0.0
0.0;164.0;0.0;0.0
0.0;164.0;0.0;0.0
0.0;164.0;0.0;0.0
0.0;164.0;0.0;0.0
0.0;164.0;0.0;0.0
0.0;164.0;1.8;0.0
0.0;164.0;0.0;0.0
0.0;164.0;0.0;0.0
0.0;164.0;0.4;0.0
0.0;164.0;0.0;0.0
0.0;164.0;0.0;0.0
0.0;164.0;0.0;0.0
0.0;164.0;0.0;0.0
0.0;164.0;0.0;0.0
0.0;164.0;0.0;0.0
0.0;164.0;0.0;0.0
0.0;164.2;2.2;0.0
0.0;164.2;0.0;0.0
0.0;164.2;0.0;0.0
0.0;164.2;0.0;0.0
0.0;164.2;0.0;0.0
0.0;164.2;0.0;0.0
0.0;164.2;0.0;0.0
0.0;164.2;0.0;0.0
0.0;164.2;0.0;0.0
0.0;164.2;0.0;0.0
0.0;164.2;0.0;0.0
0.0;164.2;2.1;0.0
0.0;164.2;0.0;0.0
0.0;164.2;0.0;0.0
1.7;166.5;1.1;0.0
8.3;166.9;0.4;0.0
8.3;166.9;0.0;0.0
8.3;166.9;0.0;0.0
8.3;167.1;0.0;0.0
21.6;175.6;0.3;0.0
82.2;175.6;0.1;0.0
0.0;175.6;0.0;0.0
0.0;175.6;0.0;0.0
0.0;175.6;0.0;0.0
0.0;175.6;0.0;0.0
0.0;175.6;0.0;0.0
0.0;175.6;0.0;0.0
0.0;175.8;1.8;0.0
0.0;175.8;0.0;0.0
0.0;175.8;0.0;0.0
0.0;175.8;0.0;0.0
0.0;175.8;1.1;0.0
