16.6;48.2;35.4;0.0
9.1;63.6;30.6;0.0
5.8;71.4;23.7;0.0
7.5;81.8;25.0;0.0
6.6;91.0;38.3;0.0
6.6;101.6;45.8;0.0
11.7;123.4;29.3;0.0
98.2;139.8;40.4;0.0
8.3;146.0;9.8;0.0
7.5;160.0;41.5;0.0
0.0;160.0;0.0;0.0
0.0;160.0;0.0;0.0
0.0;160.0;0.0;0.0
0.0;160.0;0.0;0.0
0.0;160.0;0.0;0.0
0.0;160.0;0.0;0.0
0.0;160.0;0.0;0.0
0.0;160.0;1.8;0.0
0.0;160.0;0.0;0.0
0.0;160.0;0.0;0.0
0.0;160.0;0.0;0.0
0.0;160.0;0.4;0.0
0.0;160.0;0.0;0.0
0.0;160.0;0.0;0.0
0.0;160.0;0.0;0.0
0.0;160.0;0.0;0.0
0.0;160.0;0.0;0.0
0.0;160.0;0.0;0.0
0.0;160.0;0.0;0.0
0.0;160.1;2.0;0.0
0.0;160.1;0.0;0.0
0.0;160.1;0.0;0.0
0.0;160.1;0.0;0.0
0.0;160.1;0.0;0.0
0.0;160.1;0.0;0.0
0.0;160.1;0.0;0.0
0.0;160.1;0.0;0.0
0.0;160.1;0.0;0.0
0.0;160.1;0.0;0.0
0.0;160.1;0.0;0.0
0.0;160.1;3.0;0.0
0.0;160.1;0.0;0.0
0.0;160.1;0.0;0.0
0.0;160.1;0.0;0.0
0.0;160.1;0.0;0.0
0.0;160.1;0.0;0.0
0.0;160.1;0.0;0.0
0.0;160.1;0.0;0.0
6.6;162.6;1.5;0.0
9.1;162.6;0.0;0.0
8.3;162.6;0.0;0.0
8.3;162.8;0.0;0.0
8.3;162.8;0.0;0.0
55.8;175.4;0.4;0.0
41.6;175.4;0.0;0.0
0.0;175.4;0.0;0.0
0.0;175.4;0.0;0.0
0.0;175.4;0.0;0.0
0.0;175.4;0.0;0.0
0.0;175.4;0.0;0.0
