15.8;49.7;33.1;0.0
9.2;62.7;25.9;0.0
5.8;69.6;23.0;0.0
8.3;79.4;28.0;0.0
6.6;89.5;40.5;0.0
5.8;99.6;43.3;0.0
31.6;120.8;37.7;0.0
79.0;131.7;28.7;0.0
8.3;137.6;17.4;0.0
5.0;150.8;33.9;0.0
0.0;150.8;0.0;0.0
0.0;150.8;0.0;0.0
0.0;150.8;0.0;0.0
0.0;150.8;0.0;0.0
0.0;150.8;0.0;0.0
0.0;150.8;0.0;0.0
0.0;150.8;0.0;0.0
0.0;150.8;1.8;0.0
0.0;150.8;0.0;0.0
0.0;150.8;0.0;0.0
0.0;150.8;0.4;0.0
0.0;150.8;0.0;0.0
0.0;150.8;0.0;0.0
0.0;150.8;0.0;0.0
0.0;150.8;0.0;0.0
0.0;150.8;0.0;0.0
0.0;150.8;0.0;0.0
0.0;150.8;0.0;0.0
0.0;151.0;2.0;0.0
0.0;151.0;0.0;0.0
0.0;151.0;0.0;0.0
0.0;151.0;0.0;0.0
0.0;151.0;0.0;0.0
0.0;151.0;0.0;0.0
0.0;151.0;0.0;0.0
0.0;151.0;0.0;0.0
0.0;151.0;0.0;0.0
0.0;151.0;0.0;0.0
0.0;151.0;2.8;0.0
0.0;151.0;0.0;0.0
0.0;151.0;0.0;0.0
0.0;151.0;0.0;0.0
2.5;153.5;1.4;0.0
8.3;153.7;0.0;0.0
8.3;153.7;0.0;0.0
8.3;153.9;0.0;0.0
8.3;153.9;0.0;0.0
11.7;168.4;0.0;0.0
91.5;168.4;0.4;0.0
0.0;168.4;0.0;0.0
0.0;168.4;0.0;0.0
0.0;168.4;0.0;0.0
0.0;168.4;0.0;0.0
0.0;168.4;0.0;0.0
0.0;168.4;0.0;0.0
1.7;168.4;1.8;0.0
0.0;168.4;0.0;0.0
0.0;168.4;0.0;0.0
0.0;168.4;0.0;0.0
0.0;168.4;1.1;0.0
