6.6;53.0;34.3;0.0
8.3;64.5;27.6;0.0
5.8;76.4;19.7;0.0
8.3;84.3;29.7;0.0
5.8;94.5;40.3;0.0
6.7;104.7;43.4;0.0
38.3;126.6;30.5;0.0
71.4;138.1;30.0;0.0
7.5;145.5;22.8;0.0
4.1;156.8;28.4;0.0
0.0;156.8;0.0;0.0
0.0;156.8;0.0;0.0
0.0;156.8;0.0;0.0
0.0;156.8;0.0;0.0
0.0;156.8;0.0;0.0
0.0;156.8;0.0;0.0
0.0;156.9;1.8;0.0
0.0;156.9;0.0;0.0
0.0;156.9;0.0;0.0
0.0;156.9;0.0;0.0
0.0;156.9;1.0;0.0
0.0;156.9;0.0;0.0
0.0;156.9;0.0;0.0
0.0;156.9;0.0;0.0
0.0;156.9;0.0;0.0
0.0;156.9;0.0;0.0
0.0;156.9;0.0;0.0
0.0;156.9;0.0;0.0
0.0;156.9;0.0;0.0
0.0;156.9;0.0;0.0
0.0;156.9;0.0;0.0
0.8;156.9;2.5;0.0
0.0;156.9;0.0;0.0
0.0;156.9;0.0;0.0
0.0;156.9;0.0;0.0
0.0;156.9;0.0;0.0
0.0;156.9;0.0;0.0
0.0;156.9;0.0;0.0
0.0;156.9;0.0;0.0
0.0;156.9;0.0;0.0
0.0;156.9;0.0;0.0
0.0;156.9;0.0;0.0
5.0;159.8;3.2;0.0
8.3;159.8;0.0;0.0
8.3;159.9;0.0;0.0
8.3;159.9;0.0;0.0
8.3;159.9;0.0;0.0
31.6;178.6;0.4;0.0
72.4;178.6;0.0;0.0
0.0;178.6;0.0;0.0
0.0;178.6;0.0;0.0
0.0;178.6;0.0;0.0
0.0;178.6;0.0;0.0
0.0;178.6;0.0;0.0
0.0;178.6;0.0;0.0
0.0;178.6;1.7;0.0
0.0;178.6;0.0;0.0
0.0;178.6;0.0;0.0
0.0;178.6;0.4;0.0
0.0;178.6;0.0;0.0
