13.3;48.8;34.4;0.0
8.3;64.5;30.8;0.0
6.6;70.7;23.8;0.0
7.5;80.4;28.2;0.0
6.6;91.0;43.9;0.0
7.5;101.2;45.0;0.0
44.1;125.6;39.1;0.0
65.6;136.2;22.8;0.0
8.3;148.7;39.9;0.0
1.7;154.0;10.7;0.0
0.0;154.0;0.0;0.0
0.0;154.0;0.0;0.0
0.0;154.0;0.0;0.0
0.0;154.0;0.0;0.0
0.0;154.0;0.0;0.0
0.0;154.0;0.0;0.0
0.0;154.3;1.8;0.0
0.0;154.3;0.0;0.0
0.0;154.3;0.0;0.0
0.0;154.3;0.0;0.0
0.0;154.3;0.9;0.0
0.0;154.3;0.0;0.0
0.0;154.3;0.0;0.0
0.0;154.3;0.0;0.0
0.0;154.3;0.0;0.0
0.0;154.3;0.0;0.0
0.0;154.3;0.0;0.0
0.0;154.3;0.0;0.0
0.0;154.3;0.0;0.0
0.0;154.3;0.0;0.0
0.0;154.3;0.0;0.0
0.8;154.3;2.2;0.0
0.0;154.3;0.0;0.0
0.0;154.3;0.0;0.0
0.0;154.3;0.0;0.0
0.0;154.3;0.0;0.0
0.0;154.3;0.0;0.0
0.0;154.3;0.0;0.0
0.0;154.3;0.0;0.0
0.0;154.3;0.0;0.0
0.0;154.3;0.0;0.0
0.0;154.3;0.0;0.0
0.8;154.3;2.0;0.0
0.0;154.3;0.0;0.0
0.0;154.3;0.0;0.0
1.7;156.7;1.2;0.0
8.3;157.0;0.0;0.0
8.3;157.1;0.0;0.0
8.3;157.1;0.0;0.0
8.3;157.1;0.0;0.0
8.3;157.1;0.0;0.0
81.5;169.9;0.4;0.0
20.0;169.9;0.0;0.0
0.0;169.9;0.0;0.0
0.0;169.9;0.0;0.0
0.0;169.9;0.0;0.0
0.0;169.9;0.0;0.0
0.0;169.9;0.0;0.0
0.0;169.9;1.8;0.0
0.0;169.9;0.0;0.0
