25.7;46.8;32.8;0.0
8.3;62.7;29.8;0.0
6.6;70.2;23.5;0.0
8.3;79.6;25.2;0.0
6.6;90.9;47.5;0.0
8.3;100.1;39.3;0.0
21.6;121.8;33.9;0.0
86.4;133.9;32.5;0.0
8.3;140.0;18.2;0.0
4.2;153.4;33.0;0.0
0.0;153.4;0.0;0.0
0.0;153.4;0.0;0.0
0.0;153.4;0.0;0.0
0.0;153.4;0.0;0.0
0.0;153.4;0.0;0.0
0.0;153.4;0.0;0.0
0.0;153.4;0.2;0.0
0.0;153.5;1.6;0.0
0.0;153.5;0.0;0.0
0.0;153.5;0.0;0.0
0.0;153.5;1.0;0.0
0.0;153.5;0.0;0.0
0.0;153.5;0.0;0.0
0.0;153.5;0.0;0.0
0.0;153.5;0.0;0.0
0.0;153.5;0.0;0.0
0.0;153.5;0.0;0.0
0.0;153.5;0.0;0.0
0.0;153.5;0.0;0.0
0.0;153.5;0.0;0.0
0.0;153.5;0.0;0.0
0.0;153.5;2.3;0.0
0.0;153.5;0.0;0.0
0.0;153.5;0.0;0.0
0.0;153.5;0.0;0.0
0.0;153.5;0.0;0.0
0.0;153.5;0.0;0.0
0.0;153.5;0.0;0.0
0.0;153.5;0.0;0.0
0.0;153.5;0.0;0.0
0.0;153.5;0.0;0.0
0.0;153.5;0.0;0.0
4.1;156.0;3.3;0.0
8.3;156.1;0.0;0.0
8.3;156.1;0.0;0.0
8.3;156.3;0.0;0.0
8.3;156.3;0.0;0.0
16.6;170.8;0.0;0.0
89.0;170.8;0.4;0.0
0.0;170.8;0.0;0.0
0.0;170.8;0.0;0.0
0.0;170.8;0.0;0.0
0.0;170.8;0.0;0.0
0.0;170.8;0.0;0.0
0.0;170.8;0.0;0.0
0.0;170.8;1.8;0.0
0.0;170.8;0.0;0.0
0.0;170.8;0.0;0.0
0.0;170.8;0.0;0.0
0.0;170.8;0.4;0.0
