6.6;57.4;33.8;0.0
7.5;67.6;26.5;0.0
8.3;73.8;17.9;0.0
7.5;81.4;28.7;0.0
5.8;92.5;44.9;0.0
6.6;102.7;44.1;0.0
52.4;127.6;41.4;0.0
58.2;136.1;15.8;0.0
7.5;147.7;37.3;0.0
1.7;153.8;13.0;0.0
0.0;153.8;0.0;0.0
0.0;153.8;0.0;0.0
0.0;153.8;0.0;0.0
0.0;153.8;0.0;0.0
0.0;153.8;0.0;0.0
0.0;153.8;0.0;0.0
0.0;153.8;0.0;0.0
0.0;153.8;0.0;0.0
0.0;153.8;0.0;0.0
0.0;153.8;0.0;0.0
0.0;154.2;1.6;0.0
0.0;154.2;0.0;0.0
0.0;154.2;0.0;0.0
0.0;154.2;0.4;0.0
0.0;154.2;0.0;0.0
0.0;154.2;0.0;0.0
0.0;154.2;0.0;0.0
0.0;154.2;0.0;0.0
0.0;154.2;0.0;0.0
0.0;154.2;0.0;0.0
0.0;154.2;0.0;0.0
0.0;154.2;0.0;0.0
0.0;154.2;0.0;0.0
0.0;154.2;0.0;0.0
0.0;154.2;0.0;0.0
0.0;154.2;2.1;0.0
0.0;154.2;0.0;0.0
0.0;154.2;0.0;0.0
0.0;154.2;0.0;0.0
0.0;154.2;0.0;0.0
0.0;154.2;0.0;0.0
0.0;154.2;0.0;0.0
0.0;154.2;0.0;0.0
0.0;154.2;0.0;0.0
0.0;154.2;0.0;0.0
0.0;154.2;0.0;0.0
1.7;154.2;2.3;0.0
0.0;154.2;0.0;0.0
0.0;154.2;0.0;0.0
0.0;154.2;0.0;0.0
0.0;154.2;0.0;0.0
0.0;154.2;0.0;0.0
0.0;154.5;1.0;0.0
7.5;156.9;0.4;0.0
8.3;156.9;0.0;0.0
8.3;156.9;0.0;0.0
8.3;156.9;0.0;0.0
8.3;157.1;0.0;0.0
68.2;169.7;0.4;0.0
29.9;169.7;0.0;0.0
