6.7;49.2;36.3;0.0
7.5;62.7;27.5;0.0
6.6;70.6;23.2;0.0
7.5;80.5;25.0;0.0
6.6;90.6;42.5;0.0
8.3;100.7;43.6;0.0
26.6;120.3;34.8;0.0
83.1;132.8;32.9;0.0
7.5;139.3;19.8;0.0
5.0;152.3;31.4;0.0
0.0;152.3;0.0;0.0
0.0;152.3;0.0;0.0
0.0;152.3;0.0;0.0
0.0;152.3;0.0;0.0
0.0;152.3;0.0;0.0
0.0;152.3;0.0;0.0
0.0;152.3;1.8;0.0
0.0;152.3;0.0;0.0
0.0;152.3;0.0;0.0
0.0;152.3;0.0;0.0
0.0;152.3;0.4;0.0
0.0;152.3;0.0;0.0
0.0;152.3;0.0;0.0
0.0;152.3;0.0;0.0
0.0;152.3;0.0;0.0
0.0;152.3;0.0;0.0
0.0;152.3;0.0;0.0
0.0;152.3;0.0;0.0
0.0;152.3;0.0;0.0
0.0;152.3;0.0;0.0
0.0;152.3;0.0;0.0
0.0;152.3;0.0;0.0
0.0;152.5;2.3;0.0
0.0;152.5;0.0;0.0
0.0;152.5;0.0;0.0
0.0;152.5;0.0;0.0
0.0;152.5;0.0;0.0
0.0;152.5;0.0;0.0
0.0;152.5;0.0;0.0
0.0;152.5;0.0;0.0
0.0;152.5;0.0;0.0
0.0;152.5;0.0;0.0
0.0;152.5;0.0;0.0
0.0;152.5;0.0;0.0
0.0;152.5;0.0;0.0
0.0;152.5;0.0;0.0
0.0;152.5;3.0;0.0
0.0;152.5;0.0;0.0
0.0;152.5;0.0;0.0
0.0;152.5;0.0;0.0
5.8;155.0;0.6;0.0
8.3;155.0;0.0;0.0
8.3;155.2;0.0;0.0
7.5;155.2;0.0;0.0
9.1;155.2;0.0;0.0
34.1;169.7;0.4;0.0
66.5;169.7;0.0;0.0
0.0;169.7;0.0;0.0
0.0;169.7;0.0;0.0
0.0;169.7;0.0;0.0
