11.6;48.1;30.2;0.0
6.6;62.5;28.5;0.0
6.6;70.2;30.1;0.0
7.5;83.6;26.8;0.0
7.5;90.9;27.7;0.0
7.5;100.6;40.3;0.0
6.6;112.7;47.5;0.0
75.7;135.4;36.4;0.0
34.1;144.2;11.8;0.0
6.7;159.3;44.3;0.0
0.0;159.3;0.3;0.0
0.0;159.3;0.0;0.0
0.0;159.3;0.0;0.0
0.0;159.3;0.0;0.0
0.0;159.3;0.0;0.0
0.0;159.3;0.0;0.0
0.0;159.3;0.0;0.0
0.0;159.5;1.7;0.0
0.0;159.5;0.0;0.0
0.0;159.5;0.0;0.0
0.0;159.5;0.0;0.0
0.0;159.5;0.4;0.0
0.0;159.5;0.0;0.0
0.0;159.5;0.0;0.0
0.0;159.5;0.0;0.0
0.0;159.5;0.0;0.0
0.0;159.5;0.0;0.0
0.0;159.5;0.0;0.0
0.0;159.5;2.2;0.0
0.0;159.5;0.0;0.0
0.0;159.5;0.0;0.0
0.0;159.5;0.0;0.0
0.0;159.5;0.0;0.0
0.0;159.5;0.0;0.0
0.0;159.5;0.0;0.0
0.0;159.5;0.0;0.0
0.0;159.5;0.0;0.0
0.0;159.5;0.0;0.0
0.0;159.5;0.0;0.0
0.8;159.5;2.2;0.0
0.0;159.5;0.0;0.0
0.0;159.5;0.0;0.0
0.0;159.5;0.0;0.0
0.0;159.5;0.0;0.0
0.0;159.5;0.0;0.0
0.0;159.5;0.0;0.0
3.3;161.8;1.7;0.0
8.3;162.0;0.0;0.0
8.3;162.0;0.0;0.0
8.3;162.2;0.0;0.0
8.3;162.2;0.0;0.0
30.8;172.9;0.4;0.0
69.8;172.9;0.0;0.0
0.0;172.9;0.0;0.0
0.0;172.9;0.0;0.0
0.0;172.9;0.0;0.0
0.0;172.9;0.0;0.0
0.0;172.9;0.0;0.0
0.0;172.9;0.0;0.0
0.0;172.9;1.7;0.0
