7.5;57.3;34.0;0.0
7.5;70.5;26.9;0.0
7.5;68.6;23.5;0.0
7.5;78.1;27.2;0.0
6.6;88.7;42.7;0.0
6.6;98.6;42.9;0.0
31.6;123.2;35.1;0.0
77.3;134.8;30.2;0.0
7.5;142.3;22.8;0.0
4.1;153.6;28.4;0.0
0.0;153.6;0.0;0.0
0.0;153.6;0.0;0.0
0.0;153.6;0.0;0.0
0.0;153.6;0.0;0.0
0.0;153.6;0.0;0.0
0.0;153.6;0.0;0.0
0.0;153.6;0.8;0.0
0.0;153.9;0.9;0.0
0.0;153.9;0.0;0.0
0.0;153.9;0.0;0.0
0.0;153.9;1.1;0.0
0.0;153.9;0.0;0.0
0.0;153.9;0.0;0.0
0.0;153.9;0.0;0.0
0.0;153.9;0.0;0.0
0.0;153.9;0.0;0.0
0.0;153.9;0.0;0.0
0.0;153.9;0.0;0.0
0.0;153.9;0.0;0.0
0.0;153.9;0.0;0.0
0.0;153.9;0.0;0.0
0.0;153.9;2.2;0.0
0.0;153.9;0.0;0.0
0.0;153.9;0.0;0.0
0.0;153.9;0.0;0.0
0.0;153.9;0.0;0.0
0.0;153.9;0.0;0.0
0.0;153.9;0.0;0.0
0.0;153.9;0.0;0.0
0.0;153.9;0.0;0.0
0.0;153.9;0.0;0.0
0.0;153.9;0.0;0.0
0.0;153.9;2.0;0.0
0.0;153.9;0.0;0.0
0.0;153.9;0.0;0.0
0.0;153.9;0.0;0.0
7.5;156.7;1.3;0.0
8.3;156.7;0.0;0.0
8.3;156.7;0.0;0.0
8.3;156.9;0.0;0.0
8.3;156.9;0.0;0.0
80.7;185.3;0.4;0.0
15.8;185.3;0.0;0.0
0.0;185.3;0.0;0.0
0.0;185.3;0.0;0.0
0.0;185.3;0.0;0.0
0.0;185.3;0.0;0.0
0.0;185.3;0.0;0.0
0.0;185.3;1.8;0.0
0.0;185.3;0.0;0.0
