18.3;48.0;29.8;0.0
7.5;63.6;32.2;0.0
5.8;72.2;22.6;0.0
9.2;83.1;24.4;0.0
6.6;91.1;35.4;0.0
5.8;100.8;42.4;0.0
7.5;111.2;36.3;0.0
95.7;137.9;39.8;0.0
15.0;145.8;11.6;0.0
6.6;159.8;41.4;0.0
0.0;159.8;0.0;0.0
0.0;159.8;0.0;0.0
0.0;159.8;0.0;0.0
0.0;159.8;0.0;0.0
0.0;159.8;0.0;0.0
0.0;159.8;0.0;0.0
0.0;159.8;0.0;0.0
0.0;159.9;1.7;0.0
0.0;159.9;0.0;0.0
0.0;159.9;0.0;0.0
0.0;159.9;0.4;0.0
0.0;159.9;0.0;0.0
0.0;159.9;0.0;0.0
0.0;159.9;0.0;0.0
0.0;159.9;0.0;0.0
0.0;159.9;0.0;0.0
0.0;159.9;0.0;0.0
0.0;159.9;0.0;0.0
0.0;159.9;1.9;0.0
0.0;159.9;0.0;0.0
0.0;159.9;0.0;0.0
0.0;159.9;0.0;0.0
0.0;159.9;0.0;0.0
0.0;159.9;0.0;0.0
0.0;159.9;0.0;0.0
0.0;159.9;0.0;0.0
0.0;159.9;0.0;0.0
0.0;159.9;0.0;0.0
0.0;159.9;0.0;0.0
0.0;159.9;2.7;0.0
0.0;159.9;0.0;0.0
0.0;159.9;0.0;0.0
2.5;161.9;1.1;0.0
8.3;162.4;0.4;0.0
8.3;162.4;0.0;0.0
8.3;162.5;0.0;0.0
8.3;162.5;0.0;0.0
8.3;162.5;0.0;0.0
69.9;177.3;0.4;0.0
32.4;177.3;0.0;0.0
0.0;177.3;0.0;0.0
0.0;177.3;0.0;0.0
0.0;177.3;0.0;0.0
0.0;177.3;0.0;0.0
0.0;177.3;0.0;0.0
0.0;177.3;1.7;0.0
0.0;177.3;0.0;0.0
0.0;177.3;0.0;0.0
0.0;177.3;0.0;0.0
0.0;177.3;1.1;0.0
