15.0;48.8;34.6;0.0
8.3;63.1;29.3;0.0
6.6;67.0;24.1;0.0
7.5;78.0;25.8;0.0
6.6;86.9;36.3;0.0
6.6;97.2;43.6;0.0
8.3;113.1;32.7;0.0
99.9;132.2;41.2;0.0
8.3;138.4;15.0;0.0
5.0;151.8;36.2;0.0
0.0;151.8;0.0;0.0
0.0;151.8;0.0;0.0
0.0;151.8;0.0;0.0
0.0;151.8;0.0;0.0
0.0;151.8;0.0;0.0
0.0;151.8;0.0;0.0
0.0;151.8;0.0;0.0
0.0;151.8;0.0;0.0
0.0;151.8;0.0;0.0
0.0;151.8;0.0;0.0
0.0;151.8;0.8;0.0
0.0;151.8;0.0;0.0
0.0;151.8;0.0;0.0
0.0;151.8;0.0;0.0
0.0;151.8;0.0;0.0
0.0;151.8;0.0;0.0
0.0;151.8;0.0;0.0
0.0;151.8;0.0;0.0
0.0;151.8;0.0;0.0
0.0;151.8;0.0;0.0
0.0;151.8;0.0;0.0
0.0;151.8;0.0;0.0
0.0;151.8;0.0;0.0
0.0;151.8;0.0;0.0
0.0;151.8;0.0;0.0
0.0;152.1;0.9;0.0
0.0;152.1;0.0;0.0
0.0;152.1;0.0;0.0
0.0;152.1;0.4;0.0
0.0;152.1;0.0;0.0
0.0;152.1;0.0;0.0
0.0;152.1;0.0;0.0
0.0;152.1;0.0;0.0
0.0;152.1;0.0;0.0
0.0;152.1;0.0;0.0
0.0;152.1;0.0;0.0
0.0;152.1;0.0;0.0
0.0;152.1;0.0;0.0
0.0;152.1;0.0;0.0
0.0;152.1;0.0;0.0
0.0;152.1;0.0;0.0
0.0;152.1;0.0;0.0
0.0;152.1;0.0;0.0
0.0;152.1;0.0;0.0
0.0;152.1;0.0;0.0
0.0;152.1;0.0;0.0
0.0;152.1;0.0;0.0
0.8;152.1;2.5;0.0
0.0;152.1;0.0;0.0
0.0;152.1;0.0;0.0
