5.8;49.9;33.2;0.0
8.3;62.2;26.5;0.0
6.6;72.7;22.0;0.0
7.5;81.5;30.8;0.0
7.5;92.6;44.9;0.0
6.6;102.8;44.3;0.0
51.6;128.2;36.3;0.0
57.3;138.3;20.7;0.0
7.5;150.7;39.5;0.0
2.5;156.2;10.7;0.0
0.0;156.2;0.0;0.0
0.0;156.2;0.0;0.0
0.0;156.2;0.0;0.0
0.0;156.2;0.0;0.0
0.0;156.2;0.0;0.0
0.0;156.2;0.0;0.0
0.0;156.5;1.8;0.0
0.0;156.5;0.0;0.0
0.0;156.5;0.0;0.0
0.0;156.5;0.0;0.0
0.0;156.5;0.4;0.0
0.0;156.5;0.0;0.0
0.0;156.5;0.0;0.0
0.0;156.5;0.0;0.0
0.0;156.5;0.0;0.0
0.0;156.5;0.0;0.0
0.0;156.5;0.0;0.0
0.0;156.5;0.0;0.0
0.0;156.5;0.0;0.0
0.0;156.5;0.0;0.0
0.0;156.5;0.0;0.0
0.0;156.5;0.0;0.0
0.0;156.5;0.0;0.0
0.0;156.5;2.5;0.0
0.0;156.5;0.0;0.0
0.0;156.5;0.0;0.0
0.0;156.5;0.0;0.0
0.0;156.5;0.0;0.0
0.0;156.5;0.0;0.0
0.0;156.5;0.0;0.0
0.0;156.5;0.0;0.0
0.0;156.5;0.0;0.0
0.0;156.5;0.0;0.0
0.0;156.5;0.0;0.0
0.0;156.5;2.6;0.0
0.0;156.5;0.0;0.0
0.0;156.5;0.0;0.0
0.0;156.5;0.0;0.0
0.0;156.5;0.0;0.0
0.0;156.5;0.0;0.0
0.0;156.5;0.0;0.0
3.3;159.0;1.1;0.0
8.3;159.2;0.0;0.0
8.3;159.4;0.0;0.0
8.3;159.4;0.0;0.0
8.3;159.4;0.0;0.0
15.0;176.1;0.1;0.0
88.9;176.1;0.3;0.0
0.0;176.1;0.0;0.0
0.0;176.1;0.0;0.0
