7.5;53.2;36.3;0.0
7.5;65.4;28.6;0.0
7.5;75.3;20.9;0.0
7.5;84.0;37.4;0.0
7.5;94.2;39.0;0.0
6.6;106.1;48.6;0.0
64.1;123.7;38.9;0.0
45.7;132.9;13.8;0.0
8.3;147.6;42.9;0.0
0.0;148.5;2.2;0.0
0.0;148.5;0.0;0.0
0.0;148.5;0.0;0.0
0.0;148.5;0.0;0.0
0.0;148.5;0.0;0.0
0.0;148.5;0.0;0.0
0.0;148.5;0.0;0.0
0.0;148.5;1.8;0.0
0.0;148.5;0.0;0.0
0.0;148.5;0.0;0.0
0.0;148.5;0.0;0.0
0.0;148.5;0.4;0.0
0.0;148.5;0.0;0.0
0.0;148.5;0.0;0.0
0.0;148.5;0.0;0.0
0.0;148.5;0.0;0.0
0.0;148.5;0.0;0.0
0.0;148.5;0.0;0.0
0.0;148.7;2.0;0.0
0.0;148.7;0.0;0.0
0.0;148.7;0.0;0.0
0.0;148.7;0.0;0.0
0.0;148.7;0.0;0.0
0.0;148.7;0.0;0.0
0.0;148.7;0.0;0.0
0.0;148.7;0.0;0.0
0.0;148.7;0.0;0.0
0.0;148.7;0.0;0.0
0.0;148.7;0.0;0.0
0.0;148.7;2.3;0.0
0.0;148.7;0.0;0.0
0.0;148.7;0.0;0.0
0.0;148.7;0.0;0.0
7.5;151.2;1.3;0.0
8.3;151.2;0.0;0.0
8.3;151.2;0.0;0.0
8.3;151.2;0.0;0.0
8.3;151.4;0.0;0.0
79.9;165.9;0.4;0.0
15.8;165.9;0.0;0.0
0.0;165.9;0.0;0.0
0.0;165.9;0.0;0.0
0.0;165.9;0.0;0.0
0.0;165.9;0.0;0.0
0.0;165.9;0.0;0.0
0.0;165.9;1.7;0.0
0.0;165.9;0.0;0.0
0.0;165.9;0.0;0.0
0.0;165.9;0.0;0.0
0.0;165.9;0.4;0.0
0.0;165.9;0.0;0.0
