5.0;54.6;31.1;0.0
8.3;68.5;27.7;0.0
5.8;71.4;22.4;0.0
8.3;81.7;24.1;0.0
7.5;89.1;32.5;0.0
6.6;98.4;40.9;0.0
7.5;109.7;40.5;0.0
89.0;135.9;41.6;0.0
19.1;142.2;9.8;0.0
6.6;156.0;41.5;0.0
0.0;156.0;0.0;0.0
0.0;156.0;0.0;0.0
0.0;156.0;0.0;0.0
0.0;156.0;0.0;0.0
0.0;156.0;0.0;0.0
0.0;156.0;0.0;0.0
0.0;156.0;0.0;0.0
0.8;156.1;1.8;0.0
0.0;156.1;0.0;0.0
0.0;156.1;0.0;0.0
0.0;156.1;0.4;0.0
0.0;156.1;0.0;0.0
0.0;156.1;0.0;0.0
0.0;156.1;0.0;0.0
0.0;156.1;0.0;0.0
0.0;156.1;0.0;0.0
0.0;156.1;0.0;0.0
0.0;156.1;0.0;0.0
0.0;156.1;1.9;0.0
0.0;156.1;0.0;0.0
0.0;156.1;0.0;0.0
0.0;156.1;0.0;0.0
0.0;156.1;0.0;0.0
0.0;156.1;0.0;0.0
0.0;156.1;0.0;0.0
0.0;156.1;0.0;0.0
0.0;156.1;0.0;0.0
0.0;156.1;0.0;0.0
0.0;156.1;0.0;0.0
0.0;156.1;2.3;0.0
0.0;156.1;0.0;0.0
0.0;156.1;0.0;0.0
2.5;158.5;1.6;0.0
8.3;158.7;0.0;0.0
8.3;158.7;0.0;0.0
8.3;158.8;0.0;0.0
8.3;158.8;0.0;0.0
18.3;167.4;0.3;0.0
82.3;167.4;0.1;0.0
0.0;167.4;0.0;0.0
0.0;167.4;0.0;0.0
0.0;167.4;0.0;0.0
0.0;167.4;0.0;0.0
0.0;167.4;0.0;0.0
0.0;167.4;0.0;0.0
0.0;167.4;1.7;0.0
0.0;167.4;0.0;0.0
0.0;167.4;0.0;0.0
0.0;167.4;0.0;0.0
0.0;167.4;0.4;0.0
