7.5;44.1;9.6;0.0
7.5;47.5;7.3;0.0
7.5;54.7;9.4;0.0
8.3;59.8;13.8;0.0
8.3;64.3;8.1;0.0
8.3;68.6;5.5;0.0
8.3;72.0;11.1;0.0
7.5;75.0;7.7;0.0
8.3;75.4;7.9;0.0
7.5;76.9;3.6;0.0
9.1;80.4;3.7;0.0
8.3;82.1;1.6;0.0
7.5;84.9;4.1;0.0
8.3;87.2;10.6;0.0
8.3;89.6;6.2;0.0
8.3;90.6;1.4;0.0
8.3;91.2;1.9;0.0
7.5;93.5;15.3;0.0
7.5;97.7;12.8;0.0
7.5;100.7;11.6;0.0
8.3;102.0;6.4;0.0
7.5;103.6;7.0;0.0
8.3;105.1;5.6;0.0
7.5;107.8;13.8;0.0
8.3;111.3;12.8;0.0
8.3;112.9;8.0;0.0
8.3;118.7;18.9;0.0
40.0;136.4;7.7;0.0
61.5;141.9;17.0;0.0
7.5;148.9;16.9;0.0
8.3;149.8;0.0;0.0
8.3;150.7;0.2;0.0
9.1;152.9;3.0;0.0
7.5;155.0;6.4;0.0
7.5;155.4;0.4;0.0
8.3;157.4;12.2;0.0
8.3;160.1;9.7;0.0
9.1;167.2;15.0;0.0
8.3;170.1;3.1;0.0
8.3;170.3;0.0;0.0
8.3;170.3;0.0;0.0
8.3;170.4;0.0;0.0
6.6;171.5;2.0;0.0
1.7;171.5;0.1;0.0
0.0;171.5;0.0;0.0
0.0;171.5;0.0;0.0
0.0;171.5;0.0;0.0
0.0;171.5;0.0;0.0
0.0;171.5;0.0;0.0
0.0;171.5;0.0;0.0
0.0;171.5;0.0;0.0
0.0;171.5;0.0;0.0
0.0;171.6;1.8;0.0
0.0;171.6;0.0;0.0
0.0;171.6;0.0;0.0
0.0;171.6;0.0;0.0
0.0;171.6;1.3;0.0
0.0;171.6;0.0;0.0
0.0;171.6;0.0;0.0
0.0;171.6;0.0;0.0
