7.5;51.9;21.2;0.0
8.3;61.5;15.2;0.0
8.3;68.1;17.7;0.0
7.5;73.0;17.1;0.0
8.3;83.0;23.6;0.0
6.6;88.2;23.6;0.0
6.6;96.7;31.8;0.0
8.3;104.7;33.0;0.0
6.6;112.2;27.1;0.0
84.8;135.1;22.5;0.0
12.5;143.8;19.1;0.0
8.3;149.0;12.6;0.0
8.3;163.0;37.0;0.0
8.3;163.7;0.4;0.0
5.8;164.9;2.0;0.0
0.0;164.9;0.1;0.0
0.0;164.9;0.0;0.0
0.0;164.9;0.0;0.0
0.0;164.9;0.0;0.0
0.0;164.9;0.0;0.0
0.0;164.9;0.0;0.0
0.0;164.9;0.0;0.0
0.0;164.9;0.0;0.0
0.0;164.9;0.0;0.0
0.0;164.9;0.0;0.0
0.0;165.0;1.6;0.0
0.0;165.0;0.0;0.0
0.0;165.0;0.0;0.0
0.0;165.0;0.0;0.0
0.0;165.0;1.0;0.0
0.0;165.0;0.0;0.0
0.0;165.0;0.0;0.0
0.0;165.0;0.0;0.0
5.0;165.4;1.1;0.0
8.3;165.4;0.0;0.0
8.3;165.4;0.0;0.0
9.1;165.4;0.0;0.0
8.3;165.4;0.0;0.0
7.5;165.4;0.0;0.0
8.3;165.4;0.0;0.0
8.3;165.4;0.0;0.0
8.3;165.7;0.0;0.0
8.3;165.9;1.5;0.0
0.8;166.3;0.0;0.0
0.0;166.3;0.0;0.0
0.0;166.3;0.0;0.0
0.0;166.3;0.0;0.0
0.0;166.3;0.0;0.0
0.0;166.3;0.0;0.0
0.0;166.3;0.0;0.0
0.0;166.3;0.0;0.0
0.0;166.3;0.0;0.0
0.0;166.3;1.6;0.0
0.0;166.3;0.0;0.0
0.0;166.3;0.0;0.0
0.0;166.3;0.0;0.0
0.0;166.3;0.0;0.0
0.0;166.3;0.4;0.0
0.0;166.3;0.0;0.0
0.0;166.3;0.8;0.0
