7.5;45.9;6.8;0.0
8.3;53.5;8.8;0.0
7.5;56.1;9.2;0.0
8.3;61.3;9.8;0.0
8.3;65.3;6.7;0.0
8.3;69.0;7.9;0.0
8.3;72.4;8.0;0.0
6.6;74.2;10.7;0.0
8.3;77.1;7.4;0.0
8.3;81.9;5.1;0.0
7.5;85.3;4.7;0.0
8.3;89.3;16.0;0.0
8.3;91.6;4.1;0.0
8.3;93.1;9.8;0.0
7.5;97.5;14.7;0.0
7.5;100.7;14.6;0.0
8.3;102.8;10.0;0.0
8.3;105.5;9.8;0.0
7.5;108.5;16.4;0.0
7.5;112.4;14.7;0.0
7.5;117.9;21.1;0.0
22.4;132.6;1.5;0.0
86.3;141.0;11.2;0.0
9.9;147.7;25.6;0.0
8.3;152.2;4.4;0.0
8.3;153.2;0.2;0.0
8.3;156.9;7.3;0.0
6.6;158.1;5.5;0.0
8.3;161.8;16.3;0.0
8.3;169.4;17.0;0.0
8.3;172.7;3.7;0.0
8.3;172.7;0.0;0.0
9.1;172.7;0.0;0.0
8.3;172.7;0.0;0.0
8.3;172.8;0.0;0.0
4.1;173.9;2.0;0.0
0.8;173.9;0.1;0.0
0.0;173.9;0.0;0.0
0.0;173.9;0.0;0.0
0.0;173.9;0.0;0.0
0.0;173.9;0.0;0.0
0.0;173.9;0.0;0.0
0.0;173.9;0.0;0.0
0.0;173.9;0.0;0.0
0.0;173.9;0.0;0.0
0.0;173.9;2.0;0.0
0.0;173.9;0.0;0.0
0.0;173.9;0.0;0.0
0.0;173.9;0.0;0.0
0.0;173.9;0.0;0.0
0.0;173.9;0.0;0.0
0.0;173.9;0.0;0.0
0.0;173.9;0.0;0.0
0.0;173.9;0.0;0.0
7.5;174.4;2.0;0.0
8.3;174.4;0.0;0.0
8.3;174.4;0.0;0.0
8.3;174.4;0.0;0.0
8.3;174.4;0.0;0.0
8.3;174.4;0.0;0.0
