6.6;49.7;16.7;0.0
6.6;59.6;20.8;0.0
8.3;67.9;12.2;0.0
8.3;74.9;22.0;0.0
6.6;83.0;14.6;0.0
9.2;91.4;21.7;0.0
7.5;96.4;24.4;0.0
4.2;102.5;21.0;0.0
7.5;108.1;25.8;0.0
4.1;112.6;17.6;0.0
4.2;117.8;18.3;0.0
51.0;142.9;22.8;0.0
58.2;152.5;26.8;0.0
8.3;155.7;3.0;0.0
6.6;160.7;19.8;0.0
8.3;173.1;27.2;0.0
5.0;173.5;0.0;0.0
8.3;174.1;0.9;0.0
0.8;174.8;1.2;0.0
0.0;174.8;0.0;0.0
0.0;174.8;0.0;0.0
0.0;174.8;0.0;0.0
0.0;174.8;0.0;0.0
0.0;174.8;0.0;0.0
0.0;174.8;0.0;0.0
0.0;174.8;0.0;0.0
0.0;174.8;0.0;0.0
0.0;174.8;0.0;0.0
0.0;174.8;0.0;0.0
0.0;174.8;0.0;0.0
0.0;175.1;1.6;0.0
0.0;175.1;0.0;0.0
0.0;175.1;0.0;0.0
0.0;175.1;0.0;0.0
0.0;175.1;0.0;0.0
0.0;175.1;1.2;0.0
0.0;175.1;0.0;0.0
0.0;175.1;0.0;0.0
0.0;175.1;0.0;0.0
0.0;175.1;0.0;0.0
4.2;175.5;0.7;0.0
8.3;175.5;0.0;0.0
8.3;175.5;0.0;0.0
8.3;175.5;0.0;0.0
8.3;175.5;0.0;0.0
8.3;175.5;0.0;0.0
8.3;175.5;0.0;0.0
8.3;175.5;0.0;0.0
8.3;176.0;1.4;0.0
6.6;176.4;0.1;0.0
0.0;176.4;0.0;0.0
0.0;176.4;0.0;0.0
0.0;176.4;0.0;0.0
0.0;176.4;0.0;0.0
0.0;176.4;0.0;0.0
0.0;176.4;0.0;0.0
0.0;176.4;0.0;0.0
0.0;176.4;0.0;0.0
0.0;176.4;0.0;0.0
0.0;176.4;0.0;0.0
