0.8;29.4;2.0;0.0
0.8;30.8;4.6;0.0
1.7;32.6;4.9;0.0
5.8;47.8;19.3;0.0
7.5;59.4;26.0;0.0
8.3;67.5;19.3;0.0
6.6;75.0;19.8;0.0
8.3;84.4;21.9;0.0
7.5;89.8;25.0;0.0
5.8;98.0;31.0;0.0
6.6;103.1;24.6;0.0
0.8;104.8;1.8;0.0
3.3;106.6;10.3;0.0
5.0;113.1;22.8;0.0
58.2;133.6;13.8;0.0
49.9;140.8;24.0;0.0
8.3;145.7;4.4;0.0
8.3;150.4;17.6;0.0
7.5;164.5;31.8;0.0
8.3;164.7;0.0;0.0
5.0;165.9;2.0;0.0
0.0;165.9;0.1;0.0
0.0;165.9;0.0;0.0
0.0;165.9;0.0;0.0
0.0;165.9;0.0;0.0
0.0;165.9;0.0;0.0
0.0;165.9;0.0;0.0
0.0;165.9;0.0;0.0
0.0;165.9;0.0;0.0
0.0;165.9;0.0;0.0
0.0;165.9;0.0;0.0
0.0;165.9;0.0;0.0
0.0;165.9;0.0;0.0
0.0;165.9;0.0;0.0
0.0;165.9;0.0;0.0
0.0;166.2;1.6;0.0
0.0;166.2;0.0;0.0
0.0;166.2;0.0;0.0
0.0;166.2;0.0;0.0
0.0;166.2;0.0;0.0
0.0;166.2;0.0;0.0
0.0;166.2;1.2;0.0
0.0;166.2;0.0;0.0
0.0;166.2;0.0;0.0
0.0;166.2;0.0;0.0
0.0;166.2;0.0;0.0
0.0;166.2;0.1;0.0
0.0;166.2;0.0;0.0
6.6;166.6;0.7;0.0
8.3;166.6;0.0;0.0
8.3;166.6;0.0;0.0
8.3;166.6;0.0;0.0
9.2;166.6;0.0;0.0
8.3;166.6;0.0;0.0
8.3;166.6;0.0;0.0
8.3;167.0;1.5;0.0
5.8;167.4;0.0;0.0
0.0;167.4;0.0;0.0
0.0;167.4;0.0;0.0
0.0;167.4;0.0;0.0
