7.5;47.1;5.6;0.0
7.5;50.1;4.3;0.0
8.3;55.9;6.3;0.0
8.3;57.7;7.1;0.0
6.6;61.3;6.6;0.0
8.3;64.0;5.9;0.0
8.3;67.5;5.5;0.0
7.5;68.9;1.8;0.0
8.3;72.3;9.6;0.0
8.3;74.8;5.5;0.0
7.5;77.1;7.9;0.0
7.5;68.9;6.4;0.0
8.3;72.8;5.4;0.0
8.3;75.9;3.5;0.0
8.3;79.3;5.9;0.0
8.3;82.8;14.8;0.0
8.3;84.7;3.5;0.0
6.6;86.4;11.9;0.0
8.3;90.6;12.6;0.0
6.6;93.7;12.6;0.0
8.3;95.5;8.4;0.0
8.3;97.3;8.8;0.0
8.3;99.5;7.8;0.0
7.5;101.6;12.8;0.0
8.3;104.7;10.0;0.0
7.5;105.9;7.6;0.0
8.3;110.2;12.8;0.0
8.3;112.2;6.9;0.0
76.4;130.0;5.5;0.0
30.7;134.3;7.4;0.0
8.3;135.8;6.3;0.0
8.3;139.1;11.9;0.0
8.3;144.6;10.5;0.0
8.3;145.2;0.0;0.0
8.3;146.0;0.0;0.0
8.3;147.6;1.8;0.0
8.2;150.6;7.8;0.0
7.5;151.1;4.4;0.0
8.3;153.5;11.0;0.0
8.3;161.6;19.5;0.0
8.3;165.0;5.1;0.0
8.3;165.6;0.4;0.0
8.3;165.6;0.0;0.0
8.3;165.6;0.0;0.0
8.3;165.7;0.0;0.0
8.3;165.7;0.0;0.0
2.5;166.8;2.1;0.0
0.0;166.8;0.0;0.0
0.0;166.8;0.0;0.0
0.0;166.8;0.0;0.0
0.0;166.8;0.0;0.0
0.0;166.8;0.0;0.0
0.0;166.8;0.0;0.0
0.0;166.8;0.0;0.0
0.0;166.8;0.0;0.0
0.0;166.8;0.0;0.0
0.0;166.9;1.8;0.0
0.0;166.9;0.0;0.0
0.0;166.9;0.0;0.0
0.0;166.9;0.0;0.0
