4.2;49.3;11.0;0.0
6.6;61.0;24.9;0.0
8.3;69.6;18.9;0.0
6.6;66.6;18.4;0.0
9.1;76.6;13.4;0.0
7.5;81.5;17.1;0.0
5.0;88.4;29.6;0.0
5.8;93.5;22.1;0.0
4.2;96.2;8.4;0.0
0.8;97.3;7.6;0.0
7.5;106.8;35.5;0.0
47.4;125.2;21.3;0.0
61.4;135.2;28.7;0.0
8.3;139.4;4.0;0.0
7.5;145.0;23.3;0.0
8.3;156.7;22.7;0.0
8.3;156.7;0.0;0.0
8.3;157.0;0.1;0.0
2.5;157.9;2.0;0.0
0.0;157.9;0.0;0.0
0.0;157.9;0.0;0.0
0.0;157.9;0.0;0.0
0.0;157.9;0.0;0.0
0.0;157.9;0.0;0.0
0.0;157.9;0.0;0.0
0.0;157.9;0.0;0.0
0.0;157.9;0.0;0.0
0.0;157.9;0.0;0.0
0.0;157.9;0.0;0.0
0.0;157.9;0.0;0.0
0.0;157.9;1.8;0.0
0.0;157.9;0.0;0.0
0.0;157.9;0.0;0.0
0.0;157.9;0.0;0.0
0.0;157.9;0.0;0.0
0.0;157.9;1.0;0.0
0.0;157.9;0.0;0.0
0.0;157.9;0.0;0.0
0.0;157.9;0.0;0.0
0.0;157.9;0.0;0.0
4.2;158.3;0.8;0.0
8.3;158.3;0.0;0.0
8.3;158.3;0.0;0.0
8.3;158.3;0.0;0.0
8.3;158.3;0.0;0.0
8.3;158.3;0.0;0.0
8.3;158.3;0.0;0.0
8.3;158.6;1.4;0.0
7.5;159.2;0.1;0.0
0.0;159.2;0.0;0.0
0.0;159.2;0.0;0.0
0.0;159.2;0.0;0.0
0.0;159.2;0.0;0.0
0.0;159.2;0.0;0.0
0.0;159.2;0.0;0.0
0.0;159.2;0.0;0.0
0.0;159.2;0.0;0.0
0.0;159.2;0.0;0.0
0.0;159.2;0.0;0.0
0.0;159.2;0.0;0.0
