7.5;44.6;10.3;0.0
7.5;48.9;6.7;0.0
8.3;52.6;9.9;0.0
8.3;57.1;8.7;0.0
7.5;60.8;5.3;0.0
8.3;66.5;14.1;0.0
6.6;65.7;15.3;0.0
8.3;73.9;10.9;0.0
8.3;81.0;20.3;0.0
8.3;87.2;25.6;0.0
7.5;93.5;28.4;0.0
8.3;98.7;23.8;0.0
6.6;107.6;34.4;0.0
51.7;116.0;4.5;0.0
63.2;123.9;21.1;0.0
8.3;132.4;17.9;0.0
8.3;137.3;9.6;0.0
7.5;144.6;26.3;0.0
8.3;152.7;14.1;0.0
8.3;152.7;0.0;0.0
6.6;153.9;2.1;0.0
0.0;153.9;0.0;0.0
0.0;153.9;0.0;0.0
0.0;153.9;0.0;0.0
0.0;153.9;0.0;0.0
0.0;153.9;0.0;0.0
0.0;153.9;0.0;0.0
0.0;153.9;0.0;0.0
0.0;154.1;1.7;0.0
0.0;154.1;0.0;0.0
0.0;154.1;0.0;0.0
0.0;154.1;0.4;0.0
0.8;154.1;0.6;0.0
0.0;154.1;0.0;0.0
0.0;154.1;0.0;0.0
0.0;154.1;0.0;0.0
5.0;154.5;0.8;0.0
8.3;154.5;0.0;0.0
8.3;154.5;0.0;0.0
8.3;154.5;0.0;0.0
8.3;154.5;0.0;0.0
9.1;154.5;0.0;0.0
8.3;154.5;0.0;0.0
8.3;154.5;0.0;0.0
8.3;154.5;0.0;0.0
8.3;154.5;0.0;0.0
8.3;154.5;0.0;0.0
8.3;154.5;0.0;0.0
8.3;154.5;0.0;0.0
8.3;154.5;0.0;0.0
8.3;154.5;0.0;0.0
8.3;154.5;0.0;0.0
8.3;154.5;0.0;0.0
8.3;154.5;0.0;0.0
8.3;154.5;0.0;0.0
8.3;154.5;0.0;0.0
8.3;154.5;0.0;0.0
8.3;154.7;0.0;0.0
8.3;154.7;1.4;0.0
8.3;154.7;0.1;0.0
