7.4;45.7;8.8;0.0
7.5;53.4;8.8;0.0
8.3;55.7;7.9;0.0
8.3;59.6;8.6;0.0
8.3;63.5;6.6;0.0
9.1;67.4;4.5;0.0
8.3;71.9;13.6;0.0
6.6;75.1;9.9;0.0
8.3;72.6;8.3;0.0
7.5;76.7;4.3;0.0
8.3;79.9;3.4;0.0
8.3;83.3;11.7;0.0
8.3;86.2;7.8;0.0
8.3;88.5;7.3;0.0
6.6;91.5;16.5;0.0
7.5;96.6;16.2;0.0
8.3;99.7;15.6;0.0
8.3;102.7;11.4;0.0
7.5;107.3;18.8;0.0
8.3;108.5;6.7;0.0
7.5;113.5;18.9;0.0
10.0;124.7;4.1;0.0
98.2;135.4;12.5;0.0
10.8;143.0;25.3;0.0
8.3;146.3;3.4;0.0
8.3;147.3;0.2;0.0
8.3;150.3;6.0;0.0
7.5;152.2;6.2;0.0
7.5;154.5;11.0;0.0
9.2;161.2;18.3;0.0
8.3;166.0;7.9;0.0
8.3;166.6;0.4;0.0
8.3;166.6;0.0;0.0
8.3;166.6;0.0;0.0
8.3;166.6;0.0;0.0
8.3;166.6;0.0;0.0
8.3;166.7;0.0;0.0
7.5;167.8;2.0;0.0
0.0;167.8;0.1;0.0
0.0;167.8;0.0;0.0
0.0;167.8;0.0;0.0
0.0;167.8;0.0;0.0
0.0;167.8;0.0;0.0
0.0;167.8;0.0;0.0
0.0;167.8;0.0;0.0
0.0;167.8;0.0;0.0
0.0;167.8;0.0;0.0
0.0;167.8;0.0;0.0
0.0;167.9;1.8;0.0
0.0;167.9;0.0;0.0
0.0;167.9;0.0;0.0
0.0;167.9;0.0;0.0
0.0;167.9;0.0;0.0
0.8;167.9;0.9;0.0
0.0;167.9;0.0;0.0
0.0;167.9;0.0;0.0
0.0;167.9;0.0;0.0
0.0;167.9;0.0;0.0
5.8;168.3;1.1;0.0
8.3;168.3;0.0;0.0
