7.5;40.4;8.8;0.0
7.5;44.2;7.3;0.0
7.5;50.0;6.5;0.0
8.3;51.4;4.5;0.0
7.5;55.4;8.8;0.0
8.3;58.9;7.1;0.0
8.3;61.5;4.7;0.0
8.3;64.6;4.4;0.0
8.3;68.1;11.1;0.0
7.5;70.3;4.3;0.0
7.5;64.4;10.3;0.0
9.1;66.8;4.2;0.0
7.5;71.6;4.9;0.0
8.3;74.7;4.7;0.0
8.3;79.1;16.4;0.0
8.3;80.5;2.1;0.0
7.5;82.3;10.0;0.0
7.5;86.6;15.7;0.0
7.5;90.1;13.2;0.0
7.5;91.9;10.0;0.0
8.3;94.3;8.8;0.0
8.3;96.3;10.0;0.0
7.5;100.0;12.2;0.0
7.5;101.5;9.3;0.0
8.3;102.4;4.7;0.0
9.1;104.8;8.5;0.0
6.6;108.3;11.2;0.0
9.1;108.4;0.4;0.0
78.9;129.1;8.3;0.0
21.2;132.5;11.9;0.0
8.3;137.6;17.2;0.0
8.3;140.9;3.8;0.0
8.3;141.7;0.0;0.0
8.3;142.9;1.0;0.0
8.3;145.7;5.6;0.0
7.5;147.4;6.0;0.0
8.3;150.8;15.7;0.0
8.3;157.3;15.0;0.0
8.3;161.6;6.7;0.0
8.3;162.0;0.0;0.0
8.3;162.0;0.0;0.0
8.3;162.0;0.0;0.0
8.3;162.0;0.0;0.0
8.3;162.1;0.0;0.0
5.0;163.0;2.0;0.0
0.0;163.0;0.1;0.0
0.0;163.0;0.0;0.0
0.0;163.0;0.0;0.0
0.0;163.0;0.0;0.0
0.0;163.0;0.0;0.0
0.0;163.0;0.0;0.0
0.0;163.0;0.0;0.0
0.0;163.0;0.0;0.0
0.0;163.0;0.0;0.0
0.0;163.0;0.0;0.0
0.0;163.4;1.8;0.0
0.0;163.4;0.0;0.0
0.0;163.4;0.0;0.0
0.0;163.4;0.0;0.0
0.0;163.4;0.0;0.0
