11.6;36.9;22.3;0.0
7.5;50.7;25.1;0.0
7.5;60.2;14.6;0.0
4.2;64.2;12.9;0.0
0.8;64.6;0.6;0.0
0.8;65.1;1.1;0.0
3.3;61.6;9.6;0.0
7.5;71.1;14.9;0.0
8.3;78.9;22.4;0.0
6.6;86.2;32.7;0.0
7.5;93.8;30.6;0.0
7.5;100.9;31.4;0.0
32.8;127.6;27.6;0.0
72.8;138.6;31.6;0.0
8.3;142.7;3.8;0.0
7.5;148.5;24.3;0.0
8.3;159.9;21.8;0.0
8.3;160.0;0.0;0.0
2.5;161.0;2.1;0.0
0.0;161.0;0.0;0.0
0.0;161.0;0.0;0.0
0.0;161.0;0.0;0.0
0.0;161.0;0.0;0.0
0.0;161.0;0.0;0.0
0.0;161.0;0.0;0.0
0.0;161.0;0.0;0.0
0.0;161.0;0.0;0.0
0.0;161.0;0.0;0.0
0.0;161.0;0.0;0.0
0.0;161.0;0.0;0.0
0.0;161.1;1.7;0.0
0.0;161.1;0.0;0.0
0.0;161.1;0.0;0.0
0.0;161.1;0.0;0.0
0.0;161.1;0.0;0.0
0.0;161.1;0.0;0.0
0.0;161.1;0.4;0.0
0.0;161.1;0.3;0.0
0.0;161.1;0.0;0.0
0.0;161.1;0.0;0.0
0.0;161.1;0.0;0.0
0.0;161.1;0.0;0.0
0.0;161.1;0.2;0.0
0.0;161.1;0.0;0.0
3.3;161.5;1.4;0.0
8.3;161.5;0.0;0.0
8.3;161.5;0.0;0.0
8.3;161.5;0.0;0.0
8.3;161.5;0.0;0.0
8.3;161.5;0.0;0.0
8.3;161.8;0.8;0.0
7.5;162.3;0.7;0.0
0.0;162.3;0.0;0.0
0.0;162.3;0.0;0.0
0.0;162.3;0.0;0.0
0.0;162.3;0.0;0.0
0.0;162.3;0.0;0.0
0.0;162.3;0.0;0.0
0.0;162.3;0.0;0.0
0.0;162.3;0.0;0.0
