7.5;49.3;21.8;0.0
7.5;61.2;24.9;0.0
8.3;70.1;19.1;0.0
7.5;65.2;18.9;0.0
7.5;75.1;18.3;0.0
8.3;81.0;20.8;0.0
6.6;90.2;35.5;0.0
7.5;99.2;37.2;0.0
7.5;107.1;29.9;0.0
75.3;130.2;14.9;0.0
26.6;140.3;26.8;0.0
8.3;145.7;9.8;0.0
9.1;151.0;22.3;0.0
8.3;160.8;17.8;0.0
8.3;160.8;0.0;0.0
6.6;162.0;2.1;0.0
0.0;162.0;0.0;0.0
0.0;162.0;0.0;0.0
0.0;162.0;0.0;0.0
0.0;162.0;0.0;0.0
0.0;162.0;0.0;0.0
0.0;162.0;0.0;0.0
0.0;162.0;0.0;0.0
0.0;162.1;1.6;0.0
0.0;162.1;0.0;0.0
0.0;162.1;0.0;0.0
0.0;162.1;0.0;0.0
0.0;162.1;0.4;0.0
0.0;162.1;0.0;0.0
0.0;162.1;0.0;0.0
0.0;162.1;0.0;0.0
0.0;162.1;0.0;0.0
0.0;162.1;0.0;0.0
8.3;162.4;1.5;0.0
8.3;162.4;0.0;0.0
8.3;162.4;0.0;0.0
8.3;162.4;0.0;0.0
8.3;162.4;0.0;0.0
8.3;163.4;1.5;0.0
0.0;163.4;0.0;0.0
0.0;163.4;0.0;0.0
0.0;163.4;0.0;0.0
0.0;163.4;0.0;0.0
0.0;163.4;0.0;0.0
0.0;163.4;0.0;0.0
0.0;163.4;0.9;0.0
0.0;163.4;0.8;0.0
0.0;163.4;0.0;0.0
0.0;163.4;0.0;0.0
0.0;163.4;0.4;0.0
0.0;163.4;0.0;0.0
0.0;163.4;0.0;0.0
0.0;163.4;0.0;0.0
5.0;164.0;1.7;4.0
7.5;197.7;309.0;0.0
8.3;198.3;583.1;0.0
8.3;198.3;318.8;0.0
8.3;198.3;334.8;0.0
9.1;198.3;346.4;0.0
8.3;198.3;360.6;0.0
