7.5;40.7;8.2;0.0
7.5;45.9;8.6;0.0
7.5;54.6;11.8;0.0
7.5;59.5;12.9;0.0
8.3;63.5;7.8;0.0
8.3;68.3;6.8;0.0
8.3;72.7;11.9;0.0
6.6;75.5;13.2;0.0
9.2;80.5;6.8;0.0
7.5;86.0;6.8;0.0
8.3;90.4;16.4;0.0
8.3;92.3;3.7;0.0
7.5;94.6;15.3;0.0
7.5;100.1;18.8;0.0
7.5;103.7;15.0;0.0
8.3;107.2;14.2;0.0
8.3;112.2;20.8;0.0
6.6;115.3;14.6;0.0
8.3;120.0;13.5;0.0
66.1;136.3;8.7;0.0
42.1;140.7;15.0;0.0
8.3;148.3;17.9;0.0
8.3;149.6;0.0;0.0
8.3;152.5;4.2;0.0
8.3;155.0;7.2;0.0
6.6;159.5;19.5;0.0
8.3;166.4;15.8;0.0
8.3;169.4;3.3;0.0
8.3;169.6;0.0;0.0
8.3;169.6;0.0;0.0
8.3;169.6;0.0;0.0
8.3;169.8;0.0;0.0
6.6;170.8;2.0;0.0
0.0;170.8;0.1;0.0
0.0;170.8;0.0;0.0
0.0;170.8;0.0;0.0
0.0;170.8;0.0;0.0
0.0;170.8;0.0;0.0
0.0;170.8;0.0;0.0
0.0;170.8;0.0;0.0
0.0;170.8;0.0;0.0
0.0;170.9;1.7;0.0
0.0;170.9;0.0;0.0
0.0;170.9;0.0;0.0
0.0;170.9;0.0;0.0
0.0;170.9;0.0;0.0
0.0;170.9;0.4;0.0
0.0;170.9;0.0;0.0
0.0;170.9;0.0;0.0
0.0;170.9;0.0;0.0
0.0;171.2;1.5;0.0
8.3;171.3;0.0;0.0
8.3;171.3;0.0;0.0
8.3;171.3;0.0;0.0
8.3;171.3;0.0;0.0
8.3;171.3;0.0;0.0
8.3;171.3;0.0;0.0
8.3;171.3;0.0;0.0
8.3;171.3;0.0;0.0
8.3;171.3;0.0;0.0
