12.5;45.9;37.1;0.0
7.5;61.8;33.3;0.0
7.5;72.9;24.4;0.0
8.3;82.6;26.6;0.0
6.6;94.7;51.5;0.0
7.5;104.9;43.6;0.0
55.4;124.7;39.0;0.0
49.0;133.2;17.7;0.0
7.5;140.8;22.8;0.0
8.3;153.3;27.1;0.0
5.0;154.4;2.1;0.0
0.0;154.4;0.0;0.0
0.0;154.4;0.0;0.0
0.0;154.4;0.0;0.0
0.0;154.4;0.0;0.0
0.0;154.4;0.0;0.0
0.0;154.4;0.0;0.0
0.0;154.4;0.8;0.0
0.0;154.7;1.0;0.0
0.0;154.7;0.0;0.0
0.0;154.7;0.0;0.0
0.0;154.7;0.4;0.0
0.0;154.7;0.0;0.0
0.0;154.7;0.0;0.0
0.0;154.7;0.0;0.0
0.0;154.7;0.0;0.0
0.0;154.7;0.8;0.0
0.0;154.7;0.0;0.0
0.0;154.7;0.0;0.0
0.0;154.7;0.0;0.0
7.5;155.0;0.9;0.0
8.3;155.0;0.0;0.0
8.3;155.0;0.0;0.0
8.3;155.0;0.0;0.0
8.3;155.3;0.0;0.0
5.0;155.8;1.5;0.0
0.0;155.8;0.0;0.0
0.0;155.8;0.0;0.0
0.0;155.8;0.0;0.0
0.0;155.8;0.0;0.0
0.0;155.8;0.0;0.0
0.0;155.8;0.0;0.0
0.0;155.8;1.8;0.0
0.0;155.8;0.0;0.0
0.0;155.8;0.0;0.0
0.0;155.8;0.0;0.0
0.8;155.8;0.4;0.0
0.0;155.8;0.0;0.0
0.0;155.8;0.0;0.0
0.8;156.1;1.5;0.0
7.5;159.0;0.3;4.0
8.3;190.5;559.3;0.0
8.3;190.8;452.2;0.0
8.3;190.8;328.2;0.0
9.1;190.8;333.4;0.0
8.3;190.8;348.1;0.0
8.3;191.3;361.0;0.0
8.3;222.7;57.2;0.0
8.3;222.7;0.4;132.0
9.1;222.7;0.6;192.0
