6.6;56.4;26.5;0.0
7.5;65.9;14.6;0.0
7.5;70.2;24.2;0.0
7.5;78.7;13.6;0.0
8.3;86.9;22.0;0.0
7.5;93.6;28.7;0.0
7.5;100.8;29.0;0.0
7.5;108.4;33.9;0.0
18.3;131.1;28.6;0.0
89.0;139.7;24.0;0.0
8.3;147.1;11.4;0.0
3.3;149.8;5.8;0.0
3.3;151.7;6.8;0.0
7.5;165.8;36.6;0.0
8.3;166.4;0.4;0.0
7.5;167.7;2.0;0.0
0.0;167.7;0.1;0.0
0.0;167.7;0.0;0.0
0.0;167.7;0.0;0.0
0.0;167.7;0.0;0.0
0.0;167.7;0.0;0.0
0.0;167.7;0.0;0.0
0.0;167.7;0.0;0.0
0.0;167.7;0.0;0.0
0.0;167.7;0.0;0.0
0.0;167.7;0.0;0.0
0.0;168.0;1.8;0.0
0.0;168.0;0.0;0.0
0.0;168.0;0.0;0.0
0.0;168.0;0.0;0.0
0.0;168.0;0.0;0.0
0.8;168.0;1.4;0.0
0.0;168.0;0.0;0.0
0.0;168.0;0.0;0.0
0.0;168.0;0.0;0.0
0.0;168.0;0.0;0.0
4.2;168.4;0.6;0.0
8.3;168.4;0.0;0.0
8.3;168.4;0.0;0.0
8.3;168.4;0.0;0.0
8.3;168.4;0.0;0.0
7.5;168.4;0.0;0.0
8.3;168.4;0.0;0.0
8.3;168.4;0.0;0.0
8.3;168.7;1.5;0.0
5.0;169.3;0.0;0.0
0.0;169.3;0.0;0.0
0.0;169.3;0.0;0.0
0.0;169.3;0.0;0.0
0.0;169.3;0.0;0.0
0.0;169.3;0.0;0.0
0.0;169.3;0.0;0.0
0.8;169.3;1.8;0.0
0.0;169.3;0.0;0.0
0.0;169.3;0.0;0.0
0.0;169.3;0.0;0.0
0.0;169.3;0.4;0.0
0.0;169.3;0.0;0.0
0.0;169.3;0.0;0.0
0.0;169.3;0.0;0.0
