78.3;28.8;6.3;0.0
20.8;30.9;5.5;0.0
0.0;31.1;0.2;0.0
0.0;31.1;0.4;0.0
2.5;33.0;5.2;0.0
6.6;47.8;22.8;0.0
6.6;57.7;20.8;0.0
0.0;57.7;0.6;0.0
1.7;59.0;2.4;0.0
0.0;59.3;0.2;0.0
7.5;67.1;16.9;0.0
6.6;69.1;20.6;0.0
8.2;79.4;14.7;0.0
7.5;84.3;17.8;0.0
5.0;90.4;24.5;0.0
5.0;96.2;25.2;0.0
7.5;104.3;33.6;0.0
7.5;111.7;26.5;0.0
92.3;132.9;25.4;0.0
16.6;141.1;16.2;0.0
8.3;146.5;12.2;0.0
7.5;158.3;35.1;0.0
9.1;161.1;2.7;0.0
8.3;161.2;0.0;0.0
0.0;162.3;2.0;0.0
0.0;162.3;0.1;0.0
0.0;162.3;0.0;0.0
0.0;162.3;0.0;0.0
0.0;162.3;0.0;0.0
0.0;162.3;0.0;0.0
0.0;162.3;0.0;0.0
0.0;162.3;0.0;0.0
0.0;162.3;0.0;0.0
0.0;162.3;0.0;0.0
0.0;162.3;0.0;0.0
0.0;162.3;0.0;0.0
0.0;162.3;0.0;0.0
0.0;162.3;0.0;0.0
0.0;162.3;0.0;0.0
0.8;162.4;1.7;0.0
0.0;162.4;0.0;0.0
0.0;162.4;0.0;0.0
0.0;162.4;0.0;0.0
0.0;162.4;0.0;0.0
0.0;162.4;0.0;0.0
0.0;162.4;0.4;0.0
0.0;162.4;0.0;0.0
0.0;162.4;0.0;0.0
0.0;162.4;0.6;0.0
0.0;162.4;0.0;0.0
0.0;162.4;0.0;0.0
0.0;162.4;0.0;0.0
0.0;162.4;0.0;0.0
2.5;162.8;1.0;0.0
8.3;162.8;0.0;0.0
8.3;162.8;0.0;0.0
8.3;162.8;0.0;0.0
8.3;162.8;0.0;0.0
8.3;162.8;0.0;0.0
8.3;162.8;0.0;0.0
