8.3;54.1;26.8;0.0
7.5;65.2;24.2;0.0
8.3;72.8;17.4;0.0
6.6;71.2;19.8;0.0
9.1;80.4;21.0;0.0
7.5;84.7;16.2;0.0
5.8;92.9;31.6;0.0
8.3;98.6;23.2;0.0
6.6;104.7;27.6;0.0
16.6;127.7;22.3;0.0
89.8;136.5;24.6;0.0
8.3;144.6;14.6;0.0
8.3;149.8;18.4;0.0
8.3;164.0;31.3;0.0
8.3;164.3;0.0;0.0
4.2;165.5;2.1;0.0
0.0;165.5;0.0;0.0
0.0;165.5;0.0;0.0
0.0;165.5;0.0;0.0
0.0;165.5;0.0;0.0
0.0;165.5;0.0;0.0
0.0;165.5;0.0;0.0
0.0;165.5;0.0;0.0
0.0;165.5;0.0;0.0
0.0;165.5;0.0;0.0
0.0;165.6;1.7;0.0
0.0;165.6;0.0;0.0
0.0;165.6;0.0;0.0
0.0;165.6;0.0;0.0
0.0;165.6;0.0;0.0
0.0;165.6;1.4;0.0
0.0;165.6;0.0;0.0
0.0;165.6;0.0;0.0
0.0;165.6;0.0;0.0
0.0;165.6;0.0;0.0
2.5;165.9;0.6;0.0
8.3;165.9;0.0;0.0
8.3;165.9;0.0;0.0
8.3;165.9;0.0;0.0
8.3;165.9;0.0;0.0
8.3;165.9;0.0;0.0
8.3;165.9;0.0;0.0
8.3;166.4;1.5;0.0
2.5;166.8;0.0;0.0
0.0;166.8;0.0;0.0
0.0;166.8;0.0;0.0
0.0;166.8;0.0;0.0
0.0;166.8;0.0;0.0
0.0;166.8;0.0;0.0
0.0;166.8;0.0;0.0
0.0;166.8;1.8;0.0
0.0;166.8;0.0;0.0
0.0;166.8;0.0;0.0
0.0;166.8;0.0;0.0
0.0;166.8;0.0;0.0
0.0;166.8;1.3;0.0
0.0;166.8;0.0;0.0
0.0;166.8;0.0;0.0
0.0;166.8;0.0;0.0
5.8;167.5;0.8;4.0
