8.3;41.5;23.3;0.0
7.5;56.5;27.5;0.0
7.5;65.8;20.2;0.0
1.7;66.6;1.0;0.0
0.0;67.0;0.7;0.0
0.8;67.6;1.4;0.0
5.8;65.8;16.1;0.0
8.3;77.1;22.6;0.0
7.5;82.1;22.0;0.0
6.7;91.3;33.4;0.0
7.5;99.7;34.0;0.0
3.3;101.4;10.0;0.0
3.3;105.8;15.2;0.0
1.7;107.5;4.5;0.0
76.9;129.3;18.4;0.0
30.8;138.3;23.2;0.0
8.3;141.8;4.6;0.0
8.3;146.4;18.2;0.0
8.3;159.0;27.2;0.0
8.3;159.0;0.0;0.0
5.0;160.2;2.0;0.0
0.0;160.2;0.1;0.0
0.0;160.2;0.0;0.0
0.0;160.2;0.0;0.0
0.0;160.2;0.0;0.0
0.0;160.2;0.0;0.0
0.0;160.2;0.0;0.0
0.0;160.2;0.0;0.0
0.0;160.2;0.0;0.0
0.0;160.2;0.0;0.0
0.0;160.2;0.0;0.0
0.0;160.2;0.0;0.0
0.0;160.2;1.6;0.0
0.0;160.2;0.0;0.0
0.0;160.2;0.0;0.0
0.0;160.2;0.0;0.0
0.0;160.2;0.0;0.0
0.0;160.4;1.0;0.0
0.0;160.4;0.0;0.0
0.0;160.4;0.0;0.0
0.0;160.4;0.0;0.0
0.0;160.4;0.0;0.0
2.5;160.8;0.8;0.0
8.3;160.8;0.0;0.0
8.3;160.8;0.0;0.0
8.3;160.8;0.0;0.0
8.3;160.8;0.0;0.0
8.3;160.8;0.0;0.0
8.3;160.8;0.0;0.0
8.3;160.8;0.0;0.0
8.3;161.3;1.5;0.0
2.5;161.7;0.0;0.0
0.0;161.7;0.0;0.0
0.0;161.7;0.0;0.0
0.0;161.7;0.0;0.0
0.0;161.7;0.0;0.0
0.0;161.7;0.0;0.0
0.0;161.7;0.0;0.0
0.0;161.7;0.0;0.0
0.0;161.7;0.0;0.0
