7.5;31.4;8.5;0.0
6.6;37.4;9.0;0.0
7.5;41.3;7.8;0.0
7.5;48.7;10.0;0.0
8.3;53.1;11.1;0.0
8.3;58.1;10.1;0.0
8.3;62.4;5.9;0.0
8.3;66.0;11.1;0.0
7.5;69.2;9.5;0.0
6.6;67.0;8.8;0.0
8.3;72.0;5.3;0.0
9.1;77.1;14.3;0.0
8.3;80.9;8.4;0.0
8.3;83.0;12.0;0.0
6.6;87.3;16.2;0.0
7.5;90.4;10.4;0.0
8.3;92.4;10.4;0.0
8.3;94.8;10.4;0.0
6.6;98.0;16.2;0.0
8.3;102.2;15.7;0.0
8.3;109.0;22.8;0.0
52.4;124.5;3.7;0.0
55.6;130.0;10.9;0.0
8.3;137.1;24.0;0.0
8.3;140.0;3.0;0.0
8.3;141.5;1.0;0.0
8.3;145.3;8.8;0.0
7.5;148.0;13.0;0.0
8.3;155.9;20.3;0.0
8.3;160.3;6.9;0.0
8.3;160.7;0.0;0.0
8.3;160.7;0.0;0.0
8.3;160.8;0.0;0.0
8.3;161.1;0.0;0.0
1.7;162.0;2.1;0.0
0.0;162.0;0.0;0.0
0.0;162.0;0.0;0.0
0.0;162.0;0.0;0.0
0.0;162.0;0.0;0.0
0.0;162.0;0.0;0.0
0.0;162.0;0.0;0.0
0.0;162.0;0.0;0.0
0.0;162.0;0.0;0.0
0.0;162.3;1.8;0.0
0.0;162.3;0.0;0.0
0.0;162.3;0.0;0.0
0.0;162.3;0.0;0.0
0.0;162.3;0.4;0.0
0.0;162.3;0.0;0.0
0.8;162.3;0.8;0.0
0.0;162.3;0.0;0.0
0.0;162.3;0.0;0.0
3.3;162.7;0.6;0.0
8.3;162.7;0.0;0.0
8.3;162.7;0.0;0.0
8.3;162.7;0.0;0.0
8.3;162.7;0.0;0.0
8.3;162.7;0.0;0.0
8.3;162.7;0.0;0.0
8.3;162.7;0.0;0.0
