6.6;43.7;12.6;0.0
8.3;52.6;10.7;0.0
7.5;57.6;14.0;0.0
7.5;63.3;9.6;0.0
8.3;67.7;8.7;0.0
8.3;72.2;10.9;0.0
7.5;68.1;11.3;0.0
8.3;72.9;7.3;0.0
8.3;77.7;5.7;0.0
8.3;82.6;16.8;0.0
7.5;84.0;3.3;0.0
8.3;85.8;14.3;0.0
7.5;90.2;12.8;0.0
7.5;93.1;11.8;0.0
8.3;95.2;9.6;0.0
8.3;98.8;14.8;0.0
7.5;104.1;21.6;0.0
8.3;109.6;20.4;0.0
18.3;123.1;7.3;0.0
84.8;131.4;11.0;0.0
11.6;141.7;30.2;0.0
7.5;142.8;0.0;0.0
8.3;145.0;2.0;0.0
8.3;148.0;7.8;0.0
8.3;150.3;13.0;0.0
8.3;157.2;18.9;0.0
8.3;162.5;8.3;0.0
8.3;163.0;0.0;0.0
8.3;163.0;0.0;0.0
8.3;163.0;0.0;0.0
8.3;163.1;0.0;0.0
7.5;163.4;0.0;0.0
3.3;164.3;2.1;0.0
0.0;164.3;0.0;0.0
0.0;164.3;0.0;0.0
0.0;164.3;0.0;0.0
0.0;164.3;0.0;0.0
0.0;164.3;0.0;0.0
0.0;164.3;0.0;0.0
0.0;164.3;0.0;0.0
0.0;164.3;0.0;0.0
0.0;164.5;1.8;0.0
0.0;164.5;0.0;0.0
0.0;164.5;0.0;0.0
0.0;164.5;0.0;0.0
0.0;164.5;0.0;0.0
0.0;164.5;0.4;0.0
0.0;164.5;0.0;0.0
0.0;164.5;0.0;0.0
0.0;164.5;0.0;0.0
1.7;164.8;1.6;0.0
9.1;164.8;0.0;0.0
8.3;164.8;0.0;0.0
8.3;164.8;0.0;0.0
8.3;164.8;0.0;0.0
8.3;164.8;0.0;0.0
8.3;164.8;0.0;0.0
8.3;164.8;0.0;0.0
8.3;164.8;0.0;0.0
8.3;164.8;0.0;0.0
