7.5;40.8;12.4;0.0
7.5;46.1;10.5;0.0
7.5;53.3;11.0;0.0
8.3;57.6;9.4;0.0
8.3;61.5;7.0;0.0
7.5;64.7;5.0;0.0
8.3;69.2;12.4;0.0
7.5;71.4;4.8;0.0
7.5;64.4;12.0;0.0
8.3;67.6;4.8;0.0
8.3;71.4;4.1;0.0
8.3;75.8;9.0;0.0
8.3;79.2;11.9;0.0
8.3;80.3;2.3;0.0
7.5;81.2;5.2;0.0
7.5;83.6;14.7;0.0
8.3;87.4;11.1;0.0
6.6;90.1;11.7;0.0
8.3;92.7;11.0;0.0
8.3;95.5;11.6;0.0
7.5;100.0;17.8;0.0
7.5;102.2;11.2;0.0
8.3;108.0;18.9;0.0
40.8;125.7;5.1;0.0
64.0;131.3;11.3;0.0
8.3;136.2;18.6;0.0
8.3;140.6;6.6;0.0
8.3;141.5;0.0;0.0
8.3;143.3;1.6;0.0
8.3;146.3;8.0;0.0
8.3;146.9;7.6;0.0
8.3;151.2;13.7;0.0
8.3;159.2;18.7;0.0
8.3;161.5;0.4;0.0
8.3;161.5;0.0;0.0
8.3;161.5;0.0;0.0
8.3;161.6;0.0;0.0
8.3;161.9;0.1;0.0
0.0;162.8;2.0;0.0
0.0;162.8;0.0;0.0
0.0;162.8;0.0;0.0
0.0;162.8;0.0;0.0
0.0;162.8;0.0;0.0
0.0;162.8;0.0;0.0
0.0;162.8;0.0;0.0
0.0;162.8;0.0;0.0
0.0;162.8;0.0;0.0
0.0;163.0;1.9;0.0
0.0;163.0;0.0;0.0
0.0;163.0;0.0;0.0
0.0;163.0;0.0;0.0
0.0;163.0;0.4;0.0
0.0;163.0;0.0;0.0
0.0;163.0;0.0;0.0
0.0;163.0;0.0;0.0
1.7;163.1;1.7;0.0
8.3;163.3;0.0;0.0
8.3;163.3;0.0;0.0
8.3;163.3;0.0;0.0
8.3;163.3;0.0;0.0
