7.5;33.5;3.9;0.0
7.5;36.0;7.6;0.0
8.3;40.8;6.6;0.0
7.5;42.5;4.0;0.0
7.5;45.8;5.7;0.0
6.6;51.2;4.7;0.0
9.1;52.6;4.4;0.0
7.4;56.2;10.1;0.0
8.3;60.8;8.5;0.0
8.3;63.2;3.9;0.0
8.3;67.5;8.3;0.0
8.3;71.3;9.7;0.0
6.6;68.1;12.2;0.0
8.3;73.8;7.9;0.0
7.5;79.1;7.1;0.0
8.3;82.8;15.0;0.0
8.3;84.1;1.8;0.0
9.1;84.7;1.9;0.0
7.5;87.5;17.3;0.0
6.6;91.9;14.4;0.0
8.3;94.8;11.2;0.0
8.3;97.8;12.6;0.0
7.5;100.0;9.2;0.0
7.5;104.4;18.6;0.0
8.3;106.2;10.0;0.0
7.5;110.7;15.6;0.0
9.1;113.8;3.7;0.0
89.0;132.0;7.4;0.0
16.6;134.6;5.8;0.0
8.3;140.4;21.0;0.0
8.3;145.1;7.0;0.0
8.3;146.2;0.2;0.0
7.5;149.2;6.0;0.0
7.5;151.1;9.2;0.0
8.3;155.9;17.9;0.0
9.1;165.4;16.7;0.0
7.5;165.7;0.0;0.0
9.1;165.7;0.0;0.0
8.3;165.9;0.0;0.0
5.8;166.8;2.1;0.0
0.0;166.8;0.0;0.0
0.0;166.8;0.0;0.0
0.0;166.8;0.0;0.0
0.0;166.8;0.0;0.0
0.0;166.8;0.0;0.0
0.0;166.8;0.0;0.0
0.0;166.8;0.0;0.0
0.0;166.8;0.0;0.0
0.0;167.2;1.8;0.0
0.0;167.2;0.0;0.0
0.0;167.2;0.0;0.0
0.0;167.2;0.0;0.0
0.0;167.2;0.4;0.0
0.0;167.2;0.0;0.0
0.0;167.2;0.0;0.0
0.0;167.2;0.0;0.0
0.0;167.2;0.0;0.0
0.0;167.2;0.0;0.0
0.0;167.2;0.0;0.0
0.0;167.2;0.0;0.0
