6.6;47.8;8.8;0.0
7.5;53.2;6.4;0.0
8.3;57.5;9.7;0.0
8.3;61.6;9.2;0.0
6.6;65.3;5.8;0.0
8.3;69.6;5.4;0.0
8.3;74.2;13.5;0.0
8.3;77.5;10.3;0.0
8.3;79.0;8.6;0.0
8.3;84.2;4.9;0.0
7.5;88.4;7.1;0.0
8.3;91.8;14.2;0.0
8.3;93.5;3.3;0.0
7.5;96.4;17.7;0.0
6.6;100.4;13.3;0.0
7.5;103.6;11.9;0.0
10.0;106.9;13.4;0.0
6.6;110.5;19.0;0.0
8.3;114.3;14.1;0.0
8.3;119.3;18.3;0.0
13.3;130.5;5.0;0.0
90.6;141.6;8.3;0.0
10.8;150.3;29.1;0.0
8.3;154.3;3.8;0.0
8.3;156.9;2.8;0.0
8.3;159.7;7.0;0.0
7.5;162.4;15.0;0.0
8.3;170.7;19.7;0.0
9.1;174.5;5.4;0.0
8.3;174.5;0.0;0.0
8.3;174.5;0.0;0.0
8.3;174.7;0.0;0.0
0.8;175.7;2.1;0.0
0.0;175.7;0.0;0.0
0.0;175.7;0.0;0.0
0.0;175.7;0.0;0.0
0.0;175.7;0.0;0.0
0.0;175.7;0.0;0.0
0.0;175.7;0.0;0.0
0.0;175.7;0.0;0.0
0.0;175.7;0.0;0.0
0.0;175.7;0.0;0.0
0.0;175.9;1.6;0.0
0.0;175.9;0.0;0.0
0.0;175.9;0.0;0.0
0.0;175.9;1.3;0.0
0.0;175.9;0.0;0.0
0.0;175.9;0.0;0.0
0.0;175.9;0.0;0.0
0.0;175.9;0.1;0.0
8.3;176.2;0.5;0.0
8.3;176.2;0.0;0.0
8.3;176.2;0.0;0.0
8.3;176.2;0.0;0.0
7.5;176.2;0.0;0.0
8.3;176.2;0.0;0.0
8.3;176.2;0.0;0.0
8.3;176.2;0.0;0.0
8.3;176.2;0.0;0.0
8.3;176.2;0.0;0.0
