7.5;46.2;9.0;0.0
8.3;51.9;11.9;0.0
7.5;57.0;10.6;0.0
7.5;61.4;7.2;0.0
8.3;66.0;10.2;0.0
8.3;70.2;9.8;0.0
6.6;73.9;13.9;0.0
8.3;80.7;7.5;0.0
8.3;87.1;19.1;0.0
8.3;90.1;14.0;0.0
6.6;97.5;26.0;0.0
7.5;102.2;21.0;0.0
9.1;108.3;26.4;0.0
7.5;114.3;23.6;0.0
31.6;126.9;7.5;0.0
75.6;133.1;14.6;0.0
8.3;142.3;24.0;0.0
8.3;144.2;1.0;0.0
8.3;148.4;8.8;0.0
7.5;152.0;18.5;0.0
8.3;161.1;20.6;0.0
8.3;163.1;1.0;0.0
8.3;163.1;0.0;0.0
8.3;163.3;0.0;0.0
4.1;164.4;2.1;0.0
0.0;164.4;0.0;0.0
0.0;164.4;0.0;0.0
0.0;164.4;0.0;0.0
0.0;164.4;0.0;0.0
0.0;164.4;0.0;0.0
0.0;164.4;0.0;0.0
0.0;164.4;0.0;0.0
0.0;164.4;0.0;0.0
0.0;164.5;1.7;0.0
0.8;164.5;0.1;0.0
0.0;164.5;0.0;0.0
0.0;164.5;0.0;0.0
0.0;164.5;0.0;0.0
0.0;164.5;0.0;0.0
0.0;164.5;0.8;0.0
0.0;164.5;0.0;0.0
0.0;164.5;0.0;0.0
0.0;164.5;0.0;0.0
0.0;164.7;1.3;0.0
8.3;164.8;0.0;0.0
9.1;164.8;0.0;0.0
8.3;164.8;0.0;0.0
8.3;164.8;0.0;0.0
8.3;164.8;0.0;0.0
8.3;164.8;0.0;0.0
8.3;164.8;0.0;0.0
8.3;164.8;0.0;0.0
8.3;164.8;0.0;0.0
8.3;164.8;0.0;0.0
8.3;164.8;0.0;0.0
8.3;164.8;0.0;0.0
8.3;164.8;0.0;0.0
8.3;164.8;0.0;0.0
8.3;164.8;0.0;0.0
8.3;164.8;0.0;0.0
