2.5;35.9;7.4;0.0
5.0;45.1;15.3;0.0
7.5;59.7;25.7;0.0
5.8;65.8;9.5;0.0
4.1;69.9;12.9;0.0
1.7;70.8;1.3;0.0
1.7;72.9;7.8;0.0
7.5;71.4;14.6;0.0
8.3;79.5;21.3;0.0
6.6;83.6;20.4;0.0
7.5;91.6;29.0;0.0
7.5;96.7;22.6;0.0
7.5;104.9;32.2;0.0
38.3;126.0;16.8;0.0
70.7;132.0;12.9;0.0
5.0;140.8;23.2;0.0
9.1;144.2;3.0;0.0
4.2;147.0;6.8;0.0
4.2;151.4;20.3;0.0
6.6;161.8;19.9;0.0
8.3;161.8;0.0;0.0
5.8;162.9;2.0;0.0
0.0;162.9;0.0;0.0
0.0;162.9;0.1;0.0
0.0;162.9;0.0;0.0
0.0;162.9;0.0;0.0
0.0;162.9;0.0;0.0
0.0;162.9;0.0;0.0
0.0;162.9;0.0;0.0
0.0;162.9;0.0;0.0
0.0;162.9;0.0;0.0
0.0;162.9;0.0;0.0
0.0;163.3;1.6;0.0
0.0;163.3;0.0;0.0
0.0;163.3;0.0;0.0
0.0;163.3;0.0;0.0
0.0;163.3;0.0;0.0
0.0;163.3;1.0;0.0
0.0;163.3;0.0;0.0
0.0;163.3;0.0;0.0
0.0;163.3;0.0;0.0
0.8;163.4;0.7;0.0
8.3;163.6;0.0;0.0
8.3;163.6;0.0;0.0
8.3;163.6;0.0;0.0
8.3;163.6;0.0;0.0
8.3;163.6;0.0;0.0
8.3;163.6;0.0;0.0
8.3;163.6;0.0;0.0
9.2;163.9;1.2;0.0
6.6;164.6;0.3;0.0
0.0;164.6;0.0;0.0
0.0;164.6;0.0;0.0
0.0;164.6;0.0;0.0
0.0;164.6;0.0;0.0
0.0;164.6;0.0;0.0
0.0;164.6;0.0;0.0
0.0;164.6;0.0;0.0
0.0;164.6;0.0;0.0
0.0;164.6;0.0;0.0
