7.5;52.4;17.7;0.0
7.5;62.7;22.7;0.0
8.3;70.3;16.6;0.0
7.5;63.3;18.9;0.0
7.5;74.0;21.2;0.0
8.3;78.7;16.1;0.0
7.5;87.9;36.5;0.0
7.5;96.6;34.8;0.0
7.5;105.1;33.1;0.0
72.4;124.9;18.5;0.0
36.6;133.9;23.2;0.0
8.3;138.9;6.6;0.0
7.5;146.7;29.3;0.0
8.3;154.6;14.0;0.0
8.3;154.6;0.0;0.0
3.3;155.8;2.0;0.0
0.0;155.8;0.1;0.0
0.0;155.8;0.0;0.0
0.0;155.8;0.0;0.0
0.0;155.8;0.0;0.0
0.0;155.8;0.0;0.0
0.0;155.8;0.0;0.0
0.0;155.8;0.0;0.0
0.0;155.8;0.0;0.0
0.0;155.8;0.0;0.0
0.0;155.9;1.8;0.0
0.0;155.9;0.0;0.0
0.0;155.9;0.0;0.0
0.0;155.9;0.0;0.0
0.0;155.9;0.0;0.0
0.0;155.9;1.3;0.0
0.0;155.9;0.0;0.0
0.0;155.9;0.0;0.0
0.0;155.9;0.0;0.0
6.7;156.2;0.6;0.0
8.3;156.2;0.0;0.0
8.3;156.2;0.0;0.0
8.3;156.2;0.0;0.0
8.3;156.2;0.0;0.0
8.3;156.2;0.0;0.0
8.3;156.2;0.0;0.0
8.3;158.5;1.5;0.0
5.0;159.2;0.0;0.0
0.0;159.2;0.0;0.0
0.0;159.2;0.0;0.0
0.0;159.2;0.0;0.0
0.0;159.2;0.0;0.0
0.0;159.2;0.0;0.0
0.0;159.2;0.0;0.0
0.0;159.2;0.0;0.0
0.0;159.2;1.6;0.0
0.0;159.2;0.0;0.0
0.0;159.2;0.0;0.0
0.0;159.2;0.0;0.0
0.0;159.2;0.0;0.0
0.0;159.2;0.0;0.0
0.0;159.2;1.3;0.0
0.0;159.2;0.0;0.0
0.0;159.2;0.0;0.0
0.0;159.2;0.0;0.0
