7.5;46.8;19.6;0.0
6.6;59.8;23.6;0.0
8.3;69.4;15.1;0.0
7.5;76.6;21.4;0.0
6.7;81.8;13.9;0.0
8.3;91.4;23.0;0.0
7.5;95.1;15.6;0.0
6.6;103.6;31.0;0.0
7.5;110.4;32.8;0.0
8.3;120.9;36.5;0.0
64.6;137.1;12.0;0.0
39.1;147.3;29.6;0.0
8.3;151.5;6.2;0.0
7.5;158.2;24.9;0.0
8.3;168.5;18.9;0.0
8.3;168.5;0.0;0.0
3.3;169.6;2.1;0.0
0.0;169.6;0.0;0.0
0.0;169.6;0.0;0.0
0.0;169.6;0.0;0.0
0.0;169.6;0.0;0.0
0.0;169.6;0.0;0.0
0.0;169.6;0.0;0.0
0.0;169.6;0.0;0.0
0.0;169.9;1.6;0.0
0.0;169.9;0.0;0.0
0.0;169.9;0.0;0.0
0.0;169.9;0.0;0.0
0.0;169.9;0.0;0.0
0.0;169.9;0.0;0.0
0.0;169.9;0.0;0.0
0.0;169.9;0.0;0.0
0.0;169.9;0.0;0.0
0.0;169.9;0.0;0.0
6.6;170.2;1.8;0.0
8.3;170.2;0.0;0.0
8.3;170.2;0.0;0.0
8.3;170.2;0.0;0.0
8.3;170.2;0.0;0.0
8.3;170.2;0.0;0.0
8.3;170.2;0.0;0.0
8.3;170.4;0.1;0.0
9.1;171.0;1.4;0.0
0.0;171.0;0.0;0.0
0.0;171.0;0.0;0.0
0.0;171.0;0.0;0.0
0.0;171.0;0.0;0.0
0.0;171.0;0.0;0.0
0.0;171.0;0.0;0.0
0.0;171.0;0.0;0.0
0.0;171.0;0.0;0.0
0.0;171.0;1.7;0.0
0.0;171.0;0.0;0.0
0.0;171.0;0.0;0.0
0.0;171.0;0.0;0.0
0.0;171.0;0.0;0.0
0.0;171.0;1.3;0.0
0.0;171.0;0.0;0.0
0.0;171.0;0.0;0.0
0.0;171.0;0.0;0.0
