13.3;46.0;18.9;0.0
6.6;58.2;22.2;0.0
7.5;68.5;18.7;0.0
9.2;76.6;22.4;0.0
7.5;82.6;12.1;0.0
8.3;89.0;9.0;0.0
7.5;94.6;18.7;0.0
6.7;101.0;27.7;0.0
6.6;106.9;25.2;0.0
7.5;114.7;32.4;0.0
7.5;122.0;26.9;0.0
76.5;142.0;19.8;0.0
29.9;151.0;21.8;0.0
8.3;156.2;9.8;0.0
6.6;165.9;31.1;0.0
9.1;171.6;9.0;0.0
8.3;171.9;0.4;0.0
0.8;172.7;1.7;0.0
0.0;172.7;0.0;0.0
0.0;172.7;0.0;0.0
0.0;172.7;0.0;0.0
0.0;172.7;0.0;0.0
0.0;172.7;0.0;0.0
0.0;172.7;0.0;0.0
0.0;172.7;0.0;0.0
0.0;172.7;0.0;0.0
0.0;172.7;0.0;0.0
0.0;173.0;1.8;0.0
0.0;173.0;0.0;0.0
0.0;173.0;0.0;0.0
0.0;173.0;0.0;0.0
0.0;173.0;1.7;0.0
0.0;173.0;0.0;0.0
0.0;173.0;0.0;0.0
0.0;173.0;0.0;0.0
5.8;173.3;0.6;0.0
8.3;173.3;0.0;0.0
8.3;173.3;0.0;0.0
8.3;173.3;0.0;0.0
8.3;173.3;0.0;0.0
7.5;173.3;0.0;0.0
8.3;173.3;0.0;0.0
10.0;173.6;1.4;0.0
6.6;174.1;0.1;0.0
0.0;174.1;0.0;0.0
0.0;174.1;0.0;0.0
0.0;174.1;0.0;0.0
0.0;174.1;0.0;0.0
0.0;174.1;0.0;0.0
0.0;174.1;0.0;0.0
0.0;174.1;0.0;0.0
0.0;174.1;1.8;0.0
0.0;174.1;0.0;0.0
0.0;174.1;0.0;0.0
0.0;174.1;0.0;0.0
0.0;174.1;0.4;0.0
0.0;174.1;0.0;0.0
0.0;174.1;0.0;0.0
0.0;174.1;0.0;0.0
0.0;174.1;0.0;0.0
