6.6;51.5;32.5;0.0
7.5;64.2;26.0;0.0
7.5;71.8;22.2;0.0
8.3;80.4;29.2;0.0
5.8;90.4;41.1;0.0
6.6;100.3;43.4;0.0
38.9;124.9;33.4;0.0
56.6;135.3;28.7;0.0
7.5;141.6;13.0;0.0
8.3;156.6;38.2;0.0
8.3;156.9;0.0;0.0
8.3;156.9;0.0;0.0
8.3;157.0;0.0;0.0
73.2;174.2;4.1;0.0
49.9;175.4;4.2;0.0
8.3;175.6;0.0;0.0
8.3;175.6;0.0;0.0
8.3;175.6;0.0;0.0
9.1;175.6;0.0;0.0
8.3;175.6;0.0;0.0
8.3;175.6;0.0;0.0
8.3;175.6;0.0;0.0
8.3;175.6;0.0;0.0
8.3;175.6;0.0;0.0
8.3;175.6;0.0;0.0
8.3;175.6;0.0;0.0
9.1;175.6;0.0;0.0
8.3;175.6;0.0;0.0
8.3;175.6;0.0;0.0
8.3;175.6;0.0;0.0
7.5;175.6;0.0;0.0
8.3;175.6;0.0;0.0
8.3;175.6;0.0;0.0
8.3;175.7;0.0;0.0
8.3;175.7;0.0;0.0
8.3;175.7;0.0;0.0
8.3;175.7;0.0;0.0
8.3;175.7;0.0;0.0
8.3;175.7;0.0;0.0
8.3;175.7;0.0;0.0
8.3;175.7;0.0;0.0
8.3;175.7;0.0;0.0
8.3;175.7;0.0;0.0
8.3;175.7;0.0;0.0
10.0;175.7;0.0;0.0
8.3;175.7;0.0;0.0
8.3;175.7;0.0;0.0
8.3;175.7;0.0;0.0
8.3;175.7;0.0;0.0
8.3;175.7;0.0;0.0
8.3;175.7;0.0;0.0
8.3;175.7;0.0;0.0
8.3;175.7;0.0;0.0
8.3;175.7;0.0;0.0
8.3;175.7;0.0;0.0
8.3;175.7;0.0;0.0
8.3;175.7;0.0;0.0
8.3;175.8;0.0;0.0
8.3;175.8;0.0;0.0
8.3;175.8;0.0;0.0
