15.8;44.6;26.9;0.0
8.3;59.1;31.7;0.0
7.5;67.2;26.5;0.0
7.5;80.8;27.6;0.0
6.6;88.2;31.6;0.0
5.8;97.3;39.0;0.0
7.5;108.9;43.5;0.0
87.4;135.3;39.6;0.0
21.6;143.2;11.7;0.0
7.5;158.1;41.2;0.0
8.3;159.2;0.4;0.0
8.3;159.2;0.0;0.0
8.3;159.3;0.0;0.0
54.9;174.5;2.3;0.0
59.9;175.7;5.3;0.0
8.3;176.0;0.0;0.0
8.3;176.0;0.0;0.0
8.3;176.0;0.0;0.0
8.3;176.0;0.0;0.0
8.3;176.0;0.0;0.0
8.3;176.0;0.0;0.0
8.3;176.0;0.0;0.0
8.3;176.0;0.0;0.0
8.3;176.0;0.0;0.0
8.3;176.0;0.0;0.0
8.3;176.0;0.0;0.0
8.3;176.0;0.0;0.0
9.2;176.0;0.0;0.0
8.3;176.0;0.0;0.0
7.5;176.0;0.0;0.0
8.3;176.0;0.0;0.0
8.3;176.1;0.0;0.0
8.3;176.1;0.0;0.0
8.3;176.1;0.0;0.0
8.3;176.1;0.0;0.0
8.3;176.1;0.0;0.0
8.3;176.1;0.0;0.0
8.3;176.1;0.0;0.0
8.3;176.1;0.0;0.0
8.3;176.1;0.0;0.0
8.3;176.1;0.0;0.0
8.3;176.1;0.0;0.0
8.3;176.1;0.0;0.0
8.3;176.1;0.0;0.0
8.3;176.1;0.0;0.0
8.3;176.1;0.0;0.0
9.1;176.1;0.0;0.0
8.3;176.1;0.0;0.0
8.3;176.1;0.0;0.0
8.3;176.1;0.0;0.0
8.3;176.1;0.0;0.0
8.3;176.1;0.0;0.0
8.3;176.1;0.0;0.0
8.3;176.1;0.0;0.0
8.3;176.1;0.0;0.0
8.3;176.1;0.0;0.0
8.3;176.1;0.0;0.0
8.3;176.1;0.0;0.0
8.3;176.2;0.0;0.0
8.3;176.2;0.0;0.0
