5.8;45.0;27.2;0.0
8.3;58.9;27.3;0.0
6.7;67.4;28.6;0.0
8.3;80.6;27.0;0.0
6.7;89.1;36.4;0.0
6.6;98.3;41.0;0.0
7.5;109.1;37.7;0.0
90.7;135.1;38.0;0.0
19.9;141.6;7.4;0.0
7.5;153.2;37.3;0.0
8.3;159.5;10.1;0.0
8.3;159.5;0.0;0.0
8.3;159.7;0.0;0.0
42.4;175.1;2.2;0.0
69.8;176.2;6.5;0.0
8.3;176.6;0.0;0.0
8.3;176.6;0.0;0.0
8.3;176.6;0.0;0.0
8.3;176.6;0.0;0.0
8.3;176.6;0.0;0.0
8.3;176.6;0.0;0.0
8.3;176.6;0.0;0.0
8.3;176.6;0.0;0.0
8.3;176.6;0.0;0.0
8.3;176.6;0.0;0.0
8.3;176.6;0.0;0.0
8.3;176.6;0.0;0.0
8.3;176.6;0.0;0.0
8.3;176.6;0.0;0.0
8.3;176.6;0.0;0.0
8.3;176.8;0.0;0.0
8.3;176.8;0.0;0.0
8.3;176.8;0.0;0.0
8.3;176.8;0.0;0.0
8.3;176.8;0.0;0.0
8.3;176.8;0.0;0.0
8.3;176.8;0.0;0.0
8.3;176.8;0.0;0.0
8.3;176.8;0.0;0.0
8.3;176.8;0.0;0.0
9.2;176.8;0.0;0.0
8.3;176.8;0.0;0.0
8.3;176.8;0.0;0.0
8.3;176.8;0.0;0.0
8.3;176.8;0.0;0.0
8.3;176.8;0.0;0.0
8.3;176.8;0.0;0.0
8.3;176.8;0.0;0.0
8.3;176.8;0.0;0.0
8.3;176.8;0.0;0.0
8.3;176.8;0.0;0.0
8.3;176.8;0.0;0.0
8.3;176.8;0.0;0.0
8.3;176.8;0.0;0.0
8.3;176.8;0.0;0.0
8.3;176.8;0.0;0.0
8.3;176.8;0.0;0.0
8.3;176.8;0.0;0.0
9.1;176.8;0.0;0.0
8.3;176.8;0.0;0.0
