12.5;53.1;30.7;0.0
8.3;69.3;34.2;0.0
7.5;72.5;24.6;0.0
7.5;82.5;25.0;0.0
5.8;93.0;45.1;0.0
7.5;103.2;43.9;0.0
33.3;125.1;37.4;0.0
74.8;135.6;27.4;0.0
6.6;143.7;26.1;0.0
9.1;156.3;25.1;0.0
9.2;156.3;0.0;0.0
8.3;156.5;0.0;0.0
20.0;163.1;0.0;0.0
91.5;164.1;7.1;0.0
8.3;165.1;2.3;0.0
9.1;165.4;0.0;0.0
8.3;165.4;0.0;0.0
8.3;165.4;0.0;0.0
8.3;165.4;0.0;0.0
8.3;165.4;0.0;0.0
7.5;165.4;0.0;0.0
8.3;165.4;0.0;0.0
8.3;165.4;0.0;0.0
9.2;165.4;0.0;0.0
9.1;165.4;0.0;0.0
8.3;165.4;0.0;0.0
8.3;165.4;0.0;0.0
8.3;165.4;0.0;0.0
7.5;165.4;0.0;0.0
8.3;165.4;0.0;0.0
8.3;165.4;0.0;0.0
8.3;165.4;0.0;0.0
8.3;165.5;0.0;0.0
9.2;165.5;0.0;0.0
8.3;165.5;0.0;0.0
8.3;165.5;0.0;0.0
8.3;165.5;0.0;0.0
8.3;165.5;0.0;0.0
8.3;165.5;0.0;0.0
8.3;165.5;0.0;0.0
7.5;165.5;0.0;0.0
8.3;165.5;0.0;0.0
8.3;165.5;0.0;0.0
8.3;165.5;0.0;0.0
8.3;165.5;0.0;0.0
8.3;165.5;0.0;0.0
9.2;165.5;0.0;0.0
8.3;165.5;0.0;0.0
8.3;165.5;0.0;0.0
8.3;165.5;0.0;0.0
8.3;165.5;0.0;0.0
8.3;165.5;0.0;0.0
8.3;165.5;0.0;0.0
8.3;165.5;0.0;0.0
8.3;165.5;0.0;0.0
8.3;165.5;0.0;0.0
8.3;165.5;0.0;0.0
8.3;165.5;0.0;0.0
8.3;165.5;0.0;0.0
8.3;165.5;0.0;0.0
