19.1;46.1;25.4;0.0
7.5;61.3;30.1;0.0
6.6;71.4;25.8;0.0
7.5;82.8;23.3;0.0
7.5;90.0;31.6;0.0
7.5;101.2;41.0;0.0
6.6;113.0;46.8;0.0
57.4;136.9;27.9;0.0
51.6;146.4;21.0;0.0
8.3;153.9;22.8;0.0
8.3;167.1;28.4;0.0
8.3;167.1;0.0;0.0
8.3;167.3;0.0;0.0
8.3;167.3;0.0;0.0
89.8;176.7;8.1;0.0
27.4;177.7;1.5;0.0
8.3;178.0;0.0;0.0
8.3;178.0;0.0;0.0
8.3;178.0;0.0;0.0
8.3;178.0;0.0;0.0
8.3;178.0;0.0;0.0
8.3;178.0;0.0;0.0
8.3;178.0;0.0;0.0
8.3;178.0;0.0;0.0
8.3;178.0;0.0;0.0
8.3;178.0;0.0;0.0
8.3;178.0;0.0;0.0
8.3;178.0;0.0;0.0
8.3;178.1;0.0;0.0
8.3;178.1;0.0;0.0
8.3;178.1;0.0;0.0
9.1;178.1;0.0;0.0
8.3;178.1;0.0;0.0
8.3;178.1;0.0;0.0
8.3;178.1;0.0;0.0
8.3;178.1;0.0;0.0
8.3;178.1;0.0;0.0
8.3;178.1;0.0;0.0
8.3;178.1;0.0;0.0
8.3;178.1;0.0;0.0
8.3;178.1;0.0;0.0
8.3;178.1;0.0;0.0
8.3;178.1;0.0;0.0
8.3;178.1;0.0;0.0
8.3;178.1;0.0;0.0
8.3;178.1;0.0;0.0
8.3;178.1;0.0;0.0
8.3;178.1;0.0;0.0
8.3;178.1;0.0;0.0
8.3;178.1;0.0;0.0
8.3;178.1;0.0;0.0
8.3;178.1;0.0;0.0
8.3;178.1;0.0;0.0
8.3;178.1;0.0;0.0
8.3;178.1;0.0;0.0
8.3;178.1;0.0;0.0
8.3;178.1;0.0;0.0
8.3;178.1;0.0;0.0
8.3;178.1;0.0;0.0
8.3;178.2;0.0;0.0
