5.8;57.9;29.9;0.0
8.3;69.8;24.5;0.0
7.5;73.3;22.3;0.0
7.5;84.9;26.5;0.0
5.8;93.8;35.1;0.0
8.3;102.5;42.6;0.0
7.5;116.1;35.3;0.0
98.2;138.1;41.0;0.0
10.8;144.9;9.8;0.0
7.5;158.3;39.5;0.0
8.3;160.9;2.1;0.0
8.3;160.9;0.0;0.0
8.3;161.0;0.0;0.0
45.7;168.2;2.3;0.0
65.7;169.4;5.3;0.0
8.3;169.9;0.0;0.0
8.3;169.9;0.0;0.0
8.3;169.9;0.0;0.0
8.3;169.9;0.0;0.0
9.1;169.9;0.0;0.0
8.3;169.9;0.0;0.0
8.3;169.9;0.0;0.0
8.3;169.9;0.0;0.0
8.3;169.9;0.0;0.0
8.3;169.9;0.0;0.0
8.3;169.9;0.0;0.0
8.3;169.9;0.0;0.0
8.3;169.9;0.0;0.0
8.3;169.9;0.0;0.0
8.3;169.9;0.0;0.0
8.3;169.9;0.0;0.0
8.3;170.0;0.0;0.0
8.3;170.0;0.0;0.0
8.3;170.0;0.0;0.0
8.3;170.0;0.0;0.0
8.3;170.0;0.0;0.0
9.1;170.0;0.0;0.0
8.3;170.0;0.0;0.0
8.3;170.0;0.0;0.0
8.3;170.0;0.0;0.0
8.3;170.0;0.0;0.0
8.3;170.0;0.0;0.0
8.3;170.0;0.0;0.0
8.3;170.0;0.0;0.0
8.3;170.0;0.0;0.0
8.3;170.0;0.0;0.0
8.3;170.0;0.0;0.0
8.3;170.0;0.0;0.0
8.3;170.0;0.0;0.0
8.3;170.0;0.0;0.0
8.3;170.0;0.0;0.0
8.3;170.0;0.0;0.0
8.3;170.0;0.0;0.0
9.1;170.0;0.0;0.0
8.3;170.0;0.0;0.0
8.3;170.0;0.0;0.0
8.3;170.0;0.0;0.0
8.3;170.0;0.0;0.0
8.3;170.1;0.0;0.0
8.3;170.1;0.0;0.0
