13.3;49.1;29.9;0.0
7.5;63.9;29.2;0.0
7.5;66.5;26.6;0.0
7.5;78.6;27.1;0.0
6.6;88.6;42.1;0.0
7.5;99.2;45.9;0.0
35.8;122.4;37.5;0.0
74.0;133.8;28.3;0.0
6.6;141.2;22.8;0.0
8.3;154.7;28.4;0.0
10.0;154.7;0.0;0.0
8.3;154.9;0.0;0.0
11.7;187.2;0.0;0.0
93.2;188.4;8.9;0.0
17.5;189.4;0.9;0.0
8.3;189.7;0.0;0.0
7.5;189.7;0.0;0.0
8.3;189.7;0.0;0.0
8.3;189.7;0.0;0.0
9.1;189.7;0.0;0.0
8.3;189.7;0.0;0.0
8.3;189.7;0.0;0.0
7.5;189.7;0.0;0.0
8.3;189.7;0.0;0.0
8.3;189.7;0.0;0.0
8.3;189.7;0.0;0.0
9.1;189.7;0.0;0.0
8.3;189.7;0.0;0.0
8.3;189.7;0.0;0.0
8.3;189.7;0.0;0.0
7.5;189.7;0.0;0.0
8.3;189.7;0.0;0.0
8.3;189.7;0.0;0.0
8.3;189.7;0.0;0.0
8.3;189.7;0.0;0.0
9.2;189.7;0.0;0.0
8.3;189.7;0.0;0.0
8.3;189.7;0.0;0.0
8.3;189.7;0.0;0.0
8.3;189.7;0.0;0.0
8.3;189.7;0.0;0.0
7.5;189.7;0.0;0.0
8.3;189.7;0.0;0.0
8.3;189.7;0.0;0.0
8.3;189.7;0.0;0.0
8.3;189.7;0.0;0.0
8.3;189.7;0.0;0.0
9.1;189.7;0.0;0.0
8.3;189.7;0.0;0.0
8.3;189.7;0.0;0.0
8.3;189.7;0.0;0.0
8.3;189.7;0.0;0.0
8.3;189.7;0.0;0.0
8.3;189.7;0.0;0.0
8.3;189.7;0.0;0.0
7.5;189.7;0.0;0.0
8.3;189.9;0.0;0.0
8.3;189.9;0.0;0.0
8.3;189.9;0.0;0.0
8.3;189.9;0.0;0.0
