5.8;45.0;26.0;0.0
7.5;59.1;30.4;0.0
6.6;63.7;26.8;0.0
7.5;76.8;27.0;0.0
6.6;84.6;33.6;0.0
6.6;93.4;38.0;0.0
6.6;105.0;42.5;0.0
84.9;125.3;35.4;0.0
25.7;133.8;12.4;0.0
6.6;147.5;40.7;0.0
8.3;151.4;4.3;0.0
8.3;151.4;0.0;0.0
8.3;151.5;0.0;0.0
57.4;188.7;2.3;0.0
59.0;189.8;6.7;0.0
8.3;190.3;0.0;0.0
8.3;190.3;0.0;0.0
8.3;190.3;0.0;0.0
8.3;190.3;0.0;0.0
8.3;190.3;0.0;0.0
8.3;190.3;0.0;0.0
8.3;190.3;0.0;0.0
8.3;190.3;0.0;0.0
8.3;190.3;0.0;0.0
8.3;190.3;0.0;0.0
9.1;190.3;0.0;0.0
8.3;190.3;0.0;0.0
8.3;190.3;0.0;0.0
8.3;190.3;0.0;0.0
8.3;190.3;0.0;0.0
8.3;190.3;0.0;0.0
8.3;190.3;0.0;0.0
8.3;190.3;0.0;0.0
8.3;190.3;0.0;0.0
8.3;190.3;0.0;0.0
8.3;190.3;0.0;0.0
8.3;190.3;0.0;0.0
8.3;190.3;0.0;0.0
8.3;190.3;0.0;0.0
8.3;190.3;0.0;0.0
8.3;190.3;0.0;0.0
8.3;190.3;0.0;0.0
9.1;190.3;0.0;0.0
8.3;190.3;0.0;0.0
8.3;190.3;0.0;0.0
8.3;190.3;0.0;0.0
8.3;190.3;0.0;0.0
8.3;190.3;0.0;0.0
8.3;190.3;0.0;0.0
8.3;190.3;0.0;0.0
8.3;190.3;0.0;0.0
8.3;190.3;0.0;0.0
8.3;190.3;0.0;0.0
8.3;190.3;0.0;0.0
8.3;190.3;0.0;0.0
8.3;190.3;0.0;0.0
8.3;190.3;0.0;0.0
8.3;190.3;0.0;0.0
8.3;190.5;0.0;0.0
9.1;190.5;0.0;0.0
