22.4;50.5;28.9;0.0
7.5;65.1;31.7;0.0
5.8;71.6;26.5;0.0
8.3;85.1;27.6;0.0
7.5;93.4;35.8;0.0
6.6;103.1;43.0;0.0
7.5;113.2;35.3;0.0
94.0;137.4;41.6;0.0
15.0;143.7;9.8;0.0
8.3;158.6;41.0;0.0
8.3;159.4;0.4;0.0
8.3;159.4;0.0;0.0
8.3;159.5;0.0;0.0
60.7;168.8;2.3;0.0
67.4;168.8;6.8;0.0
7.5;170.1;1.9;0.0
8.3;170.3;0.0;0.0
8.3;170.3;0.0;0.0
7.5;170.3;0.0;0.0
8.3;170.3;0.0;0.0
8.3;170.3;0.0;0.0
8.3;170.3;0.0;0.0
9.1;170.3;0.0;0.0
8.3;170.3;0.0;0.0
8.3;170.3;0.0;0.0
8.3;170.3;0.0;0.0
8.3;170.3;0.0;0.0
8.3;170.3;0.0;0.0
8.3;170.3;0.0;0.0
8.3;170.3;0.0;0.0
8.3;170.3;0.0;0.0
8.3;170.3;0.0;0.0
8.3;170.3;0.0;0.0
8.3;170.3;0.0;0.0
8.3;170.3;0.0;0.0
8.3;170.3;0.0;0.0
8.3;170.3;0.0;0.0
8.3;170.3;0.0;0.0
8.3;170.3;0.0;0.0
8.3;170.3;0.0;0.0
8.3;170.3;0.0;0.0
8.3;170.3;0.0;0.0
8.3;170.3;0.0;0.0
8.3;170.3;0.0;0.0
8.3;170.3;0.0;0.0
8.3;170.3;0.0;0.0
8.3;170.3;0.0;0.0
8.3;170.3;0.0;0.0
8.3;170.3;0.0;0.0
8.3;170.3;0.0;0.0
8.3;170.3;0.0;0.0
8.3;170.3;0.0;0.0
8.3;170.3;0.0;0.0
8.3;170.3;0.0;0.0
8.3;170.3;0.0;0.0
8.3;170.3;0.0;0.0
8.3;170.3;0.0;0.0
8.3;170.3;0.0;0.0
8.3;170.3;0.0;0.0
9.1;170.3;0.0;0.0
