7.5;56.7;34.6;0.0
7.5;68.4;24.7;0.0
7.5;75.1;22.9;0.0
8.3;83.6;28.6;0.0
5.0;93.9;43.5;0.0
7.5;103.7;42.0;0.0
42.4;128.0;39.3;0.0
66.4;137.7;22.0;0.0
7.5;146.5;29.3;0.0
8.3;158.0;21.9;0.0
8.3;158.0;0.0;0.0
8.3;158.2;0.0;0.0
11.7;168.9;0.0;0.0
96.5;169.6;2.3;0.0
45.7;170.6;10.1;0.0
8.3;170.8;0.0;0.0
8.3;170.8;0.0;0.0
8.3;170.8;0.0;0.0
8.3;170.8;0.0;0.0
8.3;170.8;0.0;0.0
8.3;170.8;0.0;0.0
8.3;170.8;0.0;0.0
8.3;170.8;0.0;0.0
8.3;170.8;0.0;0.0
8.3;170.8;0.0;0.0
9.2;170.8;0.0;0.0
8.3;170.8;0.0;0.0
8.3;170.9;0.0;0.0
8.3;170.9;0.0;0.0
8.3;170.9;0.0;0.0
8.3;170.9;0.0;0.0
8.3;170.9;0.0;0.0
8.3;170.9;0.0;0.0
8.3;170.9;0.0;0.0
8.3;170.9;0.0;0.0
8.3;170.9;0.0;0.0
8.3;170.9;0.0;0.0
8.3;170.9;0.0;0.0
8.3;170.9;0.0;0.0
8.3;170.9;0.0;0.0
8.3;170.9;0.0;0.0
8.3;170.9;0.0;0.0
8.3;170.9;0.0;0.0
9.1;170.9;0.0;0.0
8.3;170.9;0.0;0.0
8.3;170.9;0.0;0.0
8.3;170.9;0.0;0.0
8.3;170.9;0.0;0.0
8.3;171.1;0.0;0.0
8.3;171.1;0.0;0.0
8.3;171.1;0.0;0.0
8.3;171.1;0.0;0.0
8.3;171.1;0.0;0.0
8.3;171.1;0.0;0.0
8.3;171.1;0.0;0.0
8.3;171.1;0.0;0.0
8.3;171.1;0.0;0.0
8.3;171.1;0.0;0.0
8.3;171.1;0.0;0.0
8.3;171.1;0.0;0.0
