17.4;45.6;24.2;0.0
6.6;57.4;26.9;0.0
7.5;67.3;25.0;0.0
8.3;74.3;17.9;0.0
7.5;82.2;25.4;0.0
6.6;92.0;41.1;0.0
5.8;102.0;43.3;0.0
34.1;124.9;36.5;0.0
74.8;135.7;28.3;0.0
8.3;141.4;9.8;0.0
6.6;155.1;41.4;0.0
1.7;155.7;20.8;0.0
8.3;159.6;9.1;0.0
8.3;160.5;0.4;0.0
8.3;161.2;0.0;0.0
7.5;161.2;0.0;0.0
8.3;161.4;0.0;0.0
8.3;161.4;0.0;0.0
8.3;161.4;0.0;0.0
8.3;161.4;0.0;0.0
8.3;161.4;0.0;0.0
8.3;161.9;0.0;0.0
9.1;161.9;0.0;0.0
8.3;161.9;0.0;0.0
8.3;161.9;0.0;0.0
8.3;161.9;0.0;0.0
8.3;161.9;0.0;0.0
9.1;161.9;0.0;0.0
8.3;161.9;0.0;0.0
7.5;161.9;0.0;0.0
8.3;161.9;0.0;0.0
8.3;161.9;0.0;0.0
8.3;162.7;0.0;0.0
1.7;162.7;10.8;0.0
8.3;162.9;0.0;0.0
8.3;162.9;0.0;0.0
8.3;162.9;0.0;0.0
7.5;162.9;0.0;0.0
8.3;162.9;0.0;0.0
8.3;162.9;0.0;0.0
8.3;162.9;0.0;0.0
9.1;162.9;0.0;0.0
57.4;175.2;0.0;0.0
91.5;176.1;9.5;0.0
67.4;181.2;17.5;0.0
99.0;181.5;0.0;0.0
101.5;181.5;0.0;0.0
99.0;181.5;0.0;0.0
100.7;181.6;0.0;0.0
29.1;182.7;0.0;0.0
8.3;182.7;0.0;0.0
8.3;182.9;0.0;0.0
9.1;182.9;0.0;0.0
8.3;182.9;0.0;0.0
8.3;182.9;0.0;0.0
7.5;183.0;0.3;8.0
7.5;213.9;509.7;0.0
8.3;214.2;358.7;0.0
8.3;214.2;358.1;0.0
9.1;214.7;357.0;0.0
