6.7;46.2;29.1;0.0
7.5;59.7;25.2;0.0
7.5;64.3;25.7;0.0
7.5;77.8;26.6;0.0
7.5;85.4;30.6;0.0
7.5;94.6;37.4;0.0
5.8;106.7;47.5;0.0
79.0;128.3;33.7;0.0
31.6;136.2;9.7;0.0
6.6;146.0;33.9;0.0
3.3;152.9;17.3;0.0
1.7;153.6;20.2;0.0
7.5;157.5;9.0;0.0
8.3;158.4;0.4;0.0
8.3;159.1;0.0;0.0
8.3;159.3;0.0;0.0
8.3;159.3;0.0;0.0
8.3;159.3;0.0;0.0
8.3;159.3;0.0;0.0
8.3;159.3;0.0;0.0
8.3;159.3;0.0;0.0
8.3;159.3;0.0;0.0
8.3;159.3;0.0;0.0
8.3;159.7;0.0;0.0
8.3;159.7;0.0;0.0
8.3;159.7;0.0;0.0
9.2;159.7;0.0;0.0
8.3;159.7;0.0;0.0
8.3;159.7;0.0;0.0
8.3;159.7;0.0;0.0
7.5;160.5;0.4;0.0
2.5;160.7;10.6;0.0
8.3;160.7;0.0;0.0
8.3;160.7;0.0;0.0
8.3;160.7;0.0;0.0
8.3;160.7;0.0;0.0
8.3;160.7;0.0;0.0
8.3;160.7;0.0;0.0
8.3;160.7;0.0;0.0
8.3;160.7;0.0;0.0
86.5;175.1;4.7;0.0
70.7;180.6;23.4;0.0
99.0;180.3;0.0;0.0
100.7;180.3;0.0;0.0
99.8;180.3;0.0;0.0
100.6;180.4;0.0;0.0
44.8;180.9;0.0;0.0
8.3;181.4;0.0;0.0
8.3;181.7;0.0;0.0
8.3;181.7;0.0;0.0
8.3;181.7;0.0;0.0
8.3;181.7;0.0;0.0
8.3;181.7;0.0;0.0
7.5;213.2;253.8;8.0
8.3;213.5;500.1;0.0
8.3;213.5;352.6;0.0
8.3;213.5;329.7;0.0
8.3;244.7;288.5;0.0
8.3;244.7;0.2;68.0
8.3;244.7;0.4;128.0
