30.7;46.6;24.5;0.0
7.5;61.4;28.6;0.0
8.3;70.7;24.0;0.0
6.6;80.7;16.6;0.0
8.3;89.3;27.2;0.0
5.8;99.0;39.9;0.0
6.6;109.2;43.3;0.0
30.8;132.3;37.7;0.0
78.0;143.4;28.7;0.0
9.1;149.0;17.0;0.0
5.0;162.3;36.0;0.0
4.2;167.1;26.2;0.0
8.3;167.8;0.4;0.0
8.3;168.5;0.0;0.0
8.3;168.5;0.0;0.0
8.3;168.7;0.0;0.0
8.3;168.7;0.0;0.0
7.5;168.7;0.0;0.0
8.3;168.7;0.0;0.0
8.3;168.7;0.0;0.0
8.3;168.7;0.0;0.0
8.3;168.7;0.0;0.0
8.3;169.2;0.0;0.0
8.3;169.2;0.0;0.0
8.3;169.2;0.0;0.0
8.3;169.2;0.0;0.0
8.3;169.2;0.0;0.0
8.3;169.2;0.0;0.0
8.3;169.2;0.0;0.0
8.3;169.9;0.0;0.0
5.0;169.9;3.8;0.0
6.6;170.0;5.6;0.0
8.3;170.0;0.0;0.0
8.3;170.0;0.0;0.0
8.3;170.0;0.0;0.0
8.3;170.0;0.0;0.0
8.3;170.0;0.0;0.0
8.3;170.0;0.0;0.0
8.3;170.0;0.0;0.0
38.3;180.4;0.0;0.0
93.4;180.4;11.4;0.0
61.6;185.2;23.1;0.0
96.5;185.5;0.0;0.0
100.7;185.5;0.0;0.0
98.9;185.7;0.0;0.0
71.5;186.2;0.0;0.0
8.3;186.7;0.0;0.0
8.3;186.9;0.0;0.0
8.3;186.9;0.0;0.0
8.3;186.9;0.0;0.0
8.3;186.9;0.0;0.0
8.3;187.2;0.0;0.0
8.3;215.5;57.5;8.0
8.3;215.8;606.2;0.0
8.3;215.8;362.3;0.0
8.3;216.3;340.9;0.0
8.3;239.3;359.3;0.0
9.1;247.0;1.6;0.0
7.5;247.0;0.6;196.0
8.3;247.0;0.4;128.0
