7.5;46.2;27.3;0.0
6.6;58.6;21.3;0.0
7.5;66.2;25.7;0.0
8.3;79.2;25.6;0.0
7.5;86.2;28.2;0.0
6.6;96.1;38.6;0.0
7.5;107.4;44.5;0.0
60.7;127.8;36.9;0.0
49.0;135.7;13.3;0.0
7.5;143.8;27.7;0.0
4.2;154.0;27.0;0.0
4.1;158.4;24.4;0.0
7.5;159.2;0.4;0.0
8.3;159.9;0.0;0.0
8.3;159.9;0.0;0.0
8.3;160.1;0.0;0.0
8.3;160.1;0.0;0.0
8.3;160.1;0.0;0.0
8.3;160.1;0.0;0.0
8.3;160.6;0.0;0.0
8.3;160.6;0.0;0.0
8.3;160.6;0.0;0.0
8.3;160.6;0.0;0.0
8.3;160.6;0.0;0.0
8.3;160.6;0.0;0.0
8.3;160.6;0.0;0.0
8.3;160.6;0.0;0.0
8.3;160.6;0.0;0.0
8.3;160.6;0.0;0.0
8.3;161.5;0.0;0.0
5.0;161.5;2.3;0.0
5.8;161.6;13.2;0.0
8.3;161.6;0.0;0.0
8.3;161.6;0.0;0.0
8.3;161.6;0.0;0.0
8.3;161.6;0.0;0.0
9.1;161.6;0.0;0.0
8.3;161.6;0.0;0.0
8.3;161.6;0.0;0.0
33.3;175.9;0.0;0.0
94.0;175.9;10.3;0.0
63.2;180.6;23.1;0.0
98.2;181.4;0.0;0.0
100.7;181.4;0.0;0.0
99.0;181.4;0.0;0.0
97.3;181.6;0.0;0.0
31.6;182.6;0.0;0.0
8.3;182.6;0.0;0.0
8.3;182.9;0.0;0.0
8.3;182.9;0.0;0.0
8.3;182.9;0.0;0.0
8.3;182.9;0.0;0.0
8.3;182.9;0.0;0.0
8.3;214.4;331.7;8.0
8.3;214.8;445.7;0.0
8.3;214.8;358.0;0.0
8.3;214.8;354.9;0.0
8.3;245.9;237.4;0.0
8.3;245.9;0.2;68.0
8.3;245.9;0.4;128.0
