6.6;55.3;29.7;0.0
8.3;67.9;25.5;0.0
6.6;75.1;21.0;0.0
8.3;86.3;25.2;0.0
6.6;95.6;36.4;0.0
6.6;103.5;38.8;0.0
7.5;114.5;38.9;0.0
90.7;143.1;39.6;0.0
19.9;149.5;8.2;0.0
8.3;164.4;43.4;0.0
0.8;165.0;15.7;0.0
6.6;169.4;15.7;0.0
7.5;169.9;0.4;0.0
8.3;170.6;0.0;0.0
8.3;170.6;0.0;0.0
8.3;170.8;0.0;0.0
8.3;170.8;0.0;0.0
8.3;170.8;0.0;0.0
8.3;170.8;0.0;0.0
8.3;170.8;0.0;0.0
8.3;170.8;0.0;0.0
8.3;170.8;0.0;0.0
8.3;171.3;0.0;0.0
8.3;171.3;0.0;0.0
8.3;171.3;0.0;0.0
8.3;171.3;0.0;0.0
8.3;171.3;0.0;0.0
8.3;171.3;0.0;0.0
8.3;171.3;0.0;0.0
8.3;171.8;0.0;0.0
6.6;172.1;1.9;0.0
4.1;172.3;9.2;0.0
8.3;172.3;0.0;0.0
8.3;172.3;0.0;0.0
8.3;172.3;0.0;0.0
8.3;172.3;0.0;0.0
8.3;172.3;0.0;0.0
8.3;172.3;0.0;0.0
8.3;172.3;0.0;0.0
16.6;176.6;0.0;0.0
96.5;180.6;4.9;0.0
58.2;184.9;23.9;0.0
97.3;186.2;0.0;0.0
99.0;186.2;0.0;0.0
99.0;186.2;0.0;0.0
100.5;186.8;0.0;0.0
16.6;187.3;0.0;0.0
8.3;187.3;0.0;0.0
8.3;187.8;0.0;0.0
8.3;187.8;0.0;0.0
8.3;187.8;0.0;0.0
8.3;187.8;0.0;0.0
9.1;186.3;0.4;8.0
8.3;217.2;441.5;0.0
8.3;217.6;367.5;0.0
8.3;217.6;337.1;0.0
8.3;217.6;357.5;0.0
7.5;248.7;221.4;0.0
8.3;248.7;0.2;68.0
8.3;248.7;0.4;128.0
