23.3;37.7;22.6;0.0
7.5;54.6;30.2;0.0
7.5;64.5;20.8;0.0
7.5;70.1;22.8;0.0
8.3;79.6;24.6;0.0
5.8;89.7;42.9;0.0
7.5;99.8;43.7;0.0
24.1;124.8;33.3;0.0
84.7;137.7;33.9;0.0
9.1;143.6;9.6;0.0
6.6;155.5;36.5;0.0
3.3;157.8;16.2;0.0
5.8;162.2;19.8;0.0
8.3;162.7;0.4;0.0
9.1;163.4;0.0;0.0
8.3;163.4;0.0;0.0
8.3;163.6;0.0;0.0
8.3;163.6;0.0;0.0
8.3;163.6;0.0;0.0
8.3;163.6;0.0;0.0
8.3;163.6;0.0;0.0
8.3;163.6;0.0;0.0
8.3;163.6;0.0;0.0
8.3;164.1;0.0;0.0
8.3;164.1;0.0;0.0
8.3;164.1;0.0;0.0
8.3;164.1;0.0;0.0
8.3;164.1;0.0;0.0
8.3;164.1;0.0;0.0
8.3;164.1;0.0;0.0
8.3;164.9;0.0;0.0
5.8;164.9;2.2;0.0
5.0;165.0;10.4;0.0
8.3;165.0;0.0;0.0
8.3;165.0;0.0;0.0
8.3;165.0;0.0;0.0
8.3;165.0;0.0;0.0
8.3;165.0;0.0;0.0
8.3;165.0;0.0;0.0
8.3;165.0;0.0;0.0
17.5;175.4;0.0;0.0
95.6;177.4;4.6;0.0
53.2;181.3;28.7;0.0
92.3;181.4;0.1;0.0
98.1;181.4;0.0;0.0
99.0;181.4;0.0;0.0
101.5;181.4;0.0;0.0
99.0;183.1;0.0;0.0
21.6;184.1;0.0;0.0
8.3;184.6;0.0;0.0
8.3;184.6;0.0;0.0
8.3;184.6;0.0;0.0
8.3;184.6;0.0;0.0
8.3;184.6;0.0;0.0
8.3;184.6;0.0;0.0
8.3;213.8;339.6;8.0
8.3;214.0;443.9;0.0
8.3;214.0;353.1;0.0
8.3;214.0;345.4;0.0
8.3;245.3;249.3;0.0
