16.6;42.3;23.7;0.0
7.5;56.5;27.8;0.0
8.3;65.5;25.6;0.0
7.5;74.2;19.4;0.0
7.5;81.9;33.0;0.0
6.6;92.5;40.0;0.0
6.6;102.6;43.9;0.0
53.2;124.0;36.1;0.0
56.6;133.7;20.1;0.0
7.5;142.1;28.7;0.0
4.2;151.7;24.8;0.0
5.0;156.2;24.3;0.0
8.3;157.0;0.4;0.0
8.3;157.7;0.0;0.0
8.3;157.7;0.0;0.0
8.3;157.9;0.0;0.0
9.2;157.9;0.0;0.0
8.3;157.9;0.0;0.0
8.3;157.9;0.0;0.0
8.3;157.9;0.0;0.0
8.3;157.9;0.0;0.0
7.5;157.9;0.0;0.0
8.3;158.4;0.0;0.0
8.3;158.4;0.0;0.0
8.3;158.4;0.0;0.0
8.3;158.4;0.0;0.0
8.3;158.4;0.0;0.0
8.3;158.4;0.0;0.0
9.1;158.4;0.0;0.0
8.3;159.3;0.0;0.0
3.3;159.3;2.2;0.0
4.1;159.4;10.4;0.0
8.3;159.4;0.0;0.0
8.3;159.4;0.0;0.0
8.3;159.4;0.0;0.0
8.3;159.4;0.0;0.0
8.3;159.4;0.0;0.0
8.3;159.4;0.0;0.0
9.1;159.4;0.0;0.0
10.0;169.8;0.0;0.0
94.9;173.8;3.0;0.0
66.6;180.2;27.0;0.0
92.4;177.5;0.1;0.0
94.8;177.5;0.0;0.0
96.5;178.7;0.0;0.0
89.8;179.2;0.0;0.0
8.3;180.2;0.0;0.0
8.3;180.7;0.0;0.0
8.3;180.7;0.0;0.0
8.3;180.7;0.0;0.0
8.3;180.7;0.0;0.0
8.3;180.7;0.0;0.0
7.5;179.1;0.3;8.0
8.3;209.9;562.4;0.0
8.3;210.2;307.9;0.0
8.3;210.2;357.2;0.0
7.5;210.8;369.8;0.0
9.1;241.6;133.1;0.0
8.3;241.6;0.4;132.0
8.3;241.6;0.4;128.0
