7.5;53.2;35.5;0.0
8.3;65.0;28.0;0.0
7.5;72.8;19.4;0.0
7.5;80.7;32.4;0.0
6.6;92.4;43.4;0.0
7.5;104.9;52.8;0.0
66.6;128.8;31.8;0.0
42.4;138.1;15.1;0.0
7.5;150.9;40.9;0.0
0.8;155.0;8.5;0.0
0.0;155.0;0.0;0.0
0.0;155.0;0.0;0.0
0.0;155.0;0.0;0.0
0.0;155.0;0.0;0.0
0.0;155.0;0.0;0.0
0.0;155.0;0.0;0.0
0.0;155.1;1.6;0.0
0.0;155.1;0.0;0.0
0.0;155.1;0.0;0.0
0.0;155.1;0.0;0.0
0.0;155.1;0.4;0.0
0.0;155.1;0.0;0.0
0.0;155.1;0.0;0.0
0.0;155.1;0.0;0.0
0.0;155.1;0.0;0.0
0.0;155.1;0.0;0.0
0.0;155.1;0.0;0.0
0.0;155.1;1.9;0.0
0.0;155.1;0.0;0.0
0.0;155.1;0.0;0.0
0.0;155.1;0.0;0.0
0.0;155.1;0.0;0.0
0.0;155.1;0.0;0.0
0.0;155.1;0.0;0.0
0.0;155.1;0.0;0.0
0.0;155.1;0.0;0.0
0.0;155.1;0.0;0.0
0.0;155.1;0.0;0.0
0.8;155.1;1.9;0.0
0.0;155.1;0.0;0.0
0.0;155.1;0.0;0.0
0.0;155.1;0.0;0.0
0.0;155.1;0.0;0.0
0.0;155.1;0.0;0.0
0.0;155.1;0.0;0.0
5.8;157.8;1.7;0.0
8.3;157.8;0.0;0.0
8.3;157.8;0.0;0.0
8.3;158.0;0.0;0.0
8.3;158.0;0.0;0.0
54.7;170.6;0.4;0.0
46.6;170.6;0.0;0.0
0.0;170.6;0.0;0.0
0.0;170.6;0.0;0.0
0.0;170.6;0.0;0.0
0.0;170.6;0.0;0.0
0.0;170.6;0.0;0.0
0.0;170.6;0.0;0.0
0.0;170.6;1.8;0.0
0.0;170.6;0.0;0.0
