5.8;53.0;34.2;0.0
8.3;67.0;28.3;0.0
7.5;76.4;23.4;0.0
8.3;85.4;26.4;0.0
5.8;95.9;43.1;0.0
6.7;106.2;44.5;0.0
34.9;130.2;33.4;0.0
74.0;140.9;30.2;0.0
7.5;147.4;9.8;0.0
5.8;161.0;41.3;0.0
0.0;161.0;0.0;0.0
0.0;161.0;0.0;0.0
0.0;161.0;0.0;0.0
0.0;161.0;0.0;0.0
0.0;161.0;0.0;0.0
0.0;161.0;0.0;0.0
0.0;161.0;0.0;0.0
0.0;161.0;1.8;0.0
0.0;161.0;0.0;0.0
0.0;161.0;0.0;0.0
0.0;161.1;0.4;0.0
0.0;161.1;0.0;0.0
0.0;161.1;0.0;0.0
0.0;161.1;0.0;0.0
0.0;161.1;0.0;0.0
0.0;161.1;0.0;0.0
0.0;161.1;0.0;0.0
0.0;161.1;2.4;0.0
0.0;161.1;0.0;0.0
0.0;161.1;0.0;0.0
0.0;161.1;0.0;0.0
0.0;161.1;0.0;0.0
0.0;161.1;0.0;0.0
0.0;161.1;0.0;0.0
0.0;161.1;0.0;0.0
0.0;161.1;0.0;0.0
0.0;161.1;0.0;0.0
0.0;161.1;0.0;0.0
0.0;161.1;2.1;0.0
0.0;161.1;0.0;0.0
0.0;161.1;0.0;0.0
0.0;161.1;0.0;0.0
5.0;163.6;1.5;0.0
8.3;163.8;0.0;0.0
8.3;163.8;0.0;0.0
8.3;163.8;0.0;0.0
8.3;163.8;0.0;0.0
10.0;174.2;0.0;0.0
91.5;176.5;0.4;0.0
5.0;176.5;0.0;0.0
0.0;176.5;0.0;0.0
0.0;176.5;0.0;0.0
0.0;176.5;0.0;0.0
0.0;176.5;0.0;0.0
0.0;176.5;0.0;0.0
0.0;176.5;1.7;0.0
0.0;176.5;0.0;0.0
0.0;176.5;0.0;0.0
0.0;176.5;0.0;0.0
0.0;176.5;0.4;0.0
