6.6;46.1;7.8;0.0
7.5;48.0;5.6;0.0
8.3;53.6;6.0;0.0
7.5;57.6;9.5;0.0
8.3;61.1;7.2;0.0
9.1;64.9;7.6;0.0
8.3;68.5;4.6;0.0
8.3;71.9;7.9;0.0
7.5;74.4;6.6;0.0
8.3;76.9;8.5;0.0
6.6;71.1;6.6;0.0
8.3;75.1;5.4;0.0
8.3;78.5;4.1;0.0
9.1;82.2;6.9;0.0
7.5;86.7;13.4;0.0
8.3;88.3;3.3;0.0
7.5;89.8;11.1;0.0
6.6;94.2;14.8;0.0
7.5;97.7;13.8;0.0
8.3;100.6;13.0;0.0
9.1;102.9;8.0;0.0
7.5;105.5;15.6;0.0
8.3;109.0;12.1;0.0
8.3;113.1;12.8;0.0
7.5;115.8;11.0;0.0
50.7;133.9;6.5;0.0
52.3;139.5;12.6;0.0
6.6;146.9;21.3;0.0
9.1;148.9;1.3;0.0
8.3;150.4;1.0;0.0
8.3;153.9;8.6;0.0
7.5;154.8;7.0;0.0
7.5;161.8;20.5;0.0
7.5;168.2;13.8;0.0
0.0;168.2;0.3;0.0
0.0;168.2;0.0;0.0
0.0;168.2;0.0;0.0
0.0;168.2;0.0;0.0
0.0;168.2;0.0;0.0
0.0;168.2;0.0;0.0
0.0;168.2;0.0;0.0
0.8;168.2;1.8;0.0
0.0;168.2;0.0;0.0
0.0;168.2;0.0;0.0
0.0;168.2;0.0;0.0
0.8;168.2;0.9;0.0
0.0;168.2;0.0;0.0
0.0;168.2;0.0;0.0
0.0;168.2;0.0;0.0
0.0;168.2;0.0;0.0
0.0;168.2;0.0;0.0
0.0;168.2;0.0;0.0
0.0;168.2;0.0;0.0
0.0;168.2;0.0;0.0
0.0;168.2;0.0;0.0
0.0;168.2;0.0;0.0
0.0;168.2;2.7;0.0
0.0;168.2;0.0;0.0
0.0;168.2;0.0;0.0
0.0;168.2;0.0;0.0
