6.6;56.1;35.0;0.0
9.1;69.5;27.0;0.0
6.7;76.7;23.3;0.0
8.3;85.5;31.4;0.0
7.5;97.4;46.5;0.0
6.6;109.9;49.8;0.0
61.6;129.6;33.1;0.0
47.4;139.5;18.0;0.0
7.5;154.2;44.3;0.0
0.8;156.2;4.1;0.0
0.0;156.2;0.0;0.0
0.0;156.2;0.0;0.0
0.0;156.2;0.0;0.0
0.0;156.2;0.0;0.0
0.0;156.2;0.0;0.0
0.0;156.2;0.0;0.0
0.0;156.5;1.8;0.0
0.0;156.5;0.0;0.0
0.0;156.5;0.0;0.0
0.0;156.5;0.0;0.0
0.0;156.5;0.4;0.0
0.0;156.5;0.0;0.0
0.0;156.5;0.0;0.0
0.0;156.5;0.0;0.0
0.0;156.5;0.0;0.0
0.0;156.5;0.0;0.0
0.0;156.5;0.0;0.0
0.0;156.5;2.0;0.0
0.0;156.5;0.0;0.0
0.0;156.5;0.0;0.0
0.0;156.5;0.0;0.0
0.0;156.5;0.0;0.0
0.0;156.5;0.0;0.0
0.0;156.5;0.0;0.0
0.0;156.5;0.0;0.0
0.0;156.5;0.0;0.0
0.0;156.5;0.0;0.0
0.0;156.5;0.0;0.0
0.0;156.5;2.9;0.0
0.0;156.5;0.0;0.0
0.0;156.5;0.0;0.0
0.0;156.5;0.0;0.0
6.6;159.3;1.3;0.0
8.3;159.3;0.0;0.0
8.3;159.3;0.0;0.0
8.3;159.5;0.0;0.0
8.3;159.5;0.0;0.0
37.4;168.1;0.4;0.0
68.2;168.1;0.0;0.0
0.0;168.1;0.0;0.0
0.0;168.1;0.0;0.0
0.0;168.1;0.0;0.0
0.0;168.1;0.0;0.0
0.0;168.1;0.0;0.0
0.0;168.1;0.0;0.0
0.0;168.1;1.8;0.0
0.0;168.1;0.0;0.0
0.0;168.1;0.0;0.0
0.0;168.1;0.4;0.0
0.0;168.1;0.0;0.0
