8.3;38.6;5.2;0.0
6.6;40.1;4.6;0.0
8.3;46.0;6.8;0.0
7.5;47.7;5.0;0.0
7.5;53.2;6.4;0.0
7.5;56.6;5.6;0.0
9.1;58.6;7.2;0.0
8.3;61.5;5.5;0.0
7.5;63.7;3.9;0.0
7.5;64.9;2.3;0.0
8.3;67.1;2.9;0.0
8.3;68.3;2.1;0.0
8.3;70.9;6.7;0.0
8.3;74.1;7.4;0.0
7.5;76.1;3.9;0.0
7.5;77.3;6.4;0.0
7.5;78.9;8.0;0.0
7.5;81.9;2.4;0.0
8.3;84.7;3.1;0.0
8.3;88.2;5.1;0.0
9.1;92.1;15.8;0.0
8.3;93.4;1.8;0.0
8.3;94.2;4.1;0.0
6.6;96.9;15.5;0.0
8.3;100.5;10.0;0.0
6.6;103.2;10.4;0.0
8.3;105.3;10.4;0.0
8.3;107.7;9.2;0.0
8.3;110.6;15.4;0.0
7.5;114.6;14.5;0.0
8.3;119.2;15.0;0.0
7.5;121.6;9.6;0.0
77.3;142.5;8.9;0.0
33.2;147.7;19.8;0.0
8.3;154.0;12.9;0.0
6.6;155.4;0.2;0.0
8.3;158.5;6.0;0.0
9.1;160.4;6.4;0.0
7.5;162.4;10.2;0.0
8.3;168.3;17.5;0.0
7.5;173.8;10.7;0.0
1.7;173.8;0.3;0.0
0.0;173.8;0.0;0.0
0.0;173.8;0.0;0.0
0.0;173.8;0.0;0.0
0.0;173.8;0.0;0.0
0.0;173.8;0.0;0.0
0.0;173.8;0.0;0.0
0.0;174.0;1.8;0.0
0.0;174.0;0.0;0.0
0.0;174.0;0.0;0.0
0.0;174.0;0.0;0.0
0.0;174.0;0.4;0.0
0.0;174.0;0.0;0.0
0.0;174.0;0.0;0.0
0.0;174.0;0.0;0.0
0.0;174.0;0.0;0.0
0.0;174.0;0.0;0.0
0.0;174.0;0.0;0.0
0.0;174.0;2.3;0.0
