6.6;44.9;6.2;0.0
8.3;49.1;6.4;0.0
7.5;53.9;5.7;0.0
6.6;57.6;4.9;0.0
8.3;58.8;3.2;0.0
7.5;60.7;7.2;0.0
8.3;63.7;5.9;0.0
8.3;66.7;5.1;0.0
8.3;68.9;3.2;0.0
8.3;70.6;2.5;0.0
8.3;72.8;3.4;0.0
8.3;74.6;7.8;0.0
7.5;76.6;2.9;0.0
8.3;78.4;4.7;0.0
7.5;79.2;8.8;0.0
8.3;81.4;4.8;0.0
8.3;82.8;1.4;0.0
7.5;85.8;3.5;0.0
9.1;87.4;1.0;0.0
7.5;90.2;4.1;0.0
8.3;93.3;12.4;0.0
8.3;95.1;4.6;0.0
8.3;96.5;3.1;0.0
6.6;98.1;10.5;0.0
7.5;102.0;12.4;0.0
7.5;104.9;11.6;0.0
8.3;107.1;10.6;0.0
8.3;109.6;11.0;0.0
7.5;112.1;11.4;0.0
8.3;116.4;17.0;0.0
7.5;118.3;9.1;0.0
7.5;122.2;12.9;0.0
9.1;125.5;6.2;0.0
89.9;145.0;9.2;0.0
14.9;150.6;20.2;0.0
8.3;156.4;11.8;0.0
9.1;157.8;0.0;0.0
7.5;160.7;6.2;0.0
7.5;162.9;6.8;0.0
8.3;167.4;18.7;0.0
8.3;175.5;17.2;0.0
1.7;176.4;2.3;0.0
0.0;176.4;0.0;0.0
0.0;176.4;0.0;0.0
0.0;176.4;0.0;0.0
0.0;176.4;0.0;0.0
0.0;176.4;0.0;0.0
0.0;176.4;0.0;0.0
0.0;176.6;1.8;0.0
0.0;176.6;0.0;0.0
0.0;176.6;0.0;0.0
0.0;176.6;0.0;0.0
0.0;176.6;0.4;0.0
0.0;176.6;0.0;0.0
0.0;176.6;0.0;0.0
0.0;176.6;0.0;0.0
0.0;176.6;0.0;0.0
0.0;176.6;0.0;0.0
0.0;176.6;0.0;0.0
0.8;176.6;2.1;0.0
