6.6;47.8;30.7;0.0
8.3;63.6;32.7;0.0
6.6;74.9;24.0;0.0
7.5;84.9;25.0;0.0
7.5;95.0;42.9;0.0
6.6;105.3;44.1;0.0
29.1;127.3;39.4;0.0
79.0;137.8;27.4;0.0
8.3;145.7;23.4;0.0
3.3;156.9;27.6;0.0
0.0;156.9;0.0;0.0
0.0;156.9;0.0;0.0
0.0;156.9;0.0;0.0
0.0;156.9;0.0;0.0
0.0;156.9;0.0;0.0
0.0;156.9;0.0;0.0
0.0;157.2;1.7;0.0
0.0;157.2;0.0;0.0
0.0;157.2;0.0;0.0
0.0;157.2;0.0;0.0
0.0;157.2;0.4;0.0
0.0;157.2;0.0;0.0
0.0;157.2;0.0;0.0
0.0;157.2;0.0;0.0
0.0;157.2;0.0;0.0
0.0;157.2;0.0;0.0
0.0;157.2;0.0;0.0
0.0;157.2;2.1;0.0
0.0;157.2;0.0;0.0
0.0;157.2;0.0;0.0
0.0;157.2;0.0;0.0
0.0;157.2;0.0;0.0
0.0;157.2;0.0;0.0
0.0;157.2;0.0;0.0
0.0;157.2;0.0;0.0
0.0;157.2;0.0;0.0
0.0;157.2;0.0;0.0
0.0;157.2;0.0;0.0
0.0;157.2;2.4;0.0
0.0;157.2;0.0;0.0
0.0;157.2;0.0;0.0
0.0;157.2;0.0;0.0
5.8;160.0;1.3;0.0
8.3;160.1;0.0;0.0
8.3;160.1;0.0;0.0
8.3;160.1;0.0;0.0
8.3;160.1;0.0;0.0
8.3;160.1;0.0;0.0
80.7;176.9;0.4;0.0
25.8;176.9;0.0;0.0
0.0;176.9;0.0;0.0
0.0;176.9;0.0;0.0
0.0;176.9;0.0;0.0
0.0;176.9;0.0;0.0
0.0;176.9;0.0;0.0
0.8;176.9;1.8;0.0
0.0;176.9;0.0;0.0
0.0;176.9;0.0;0.0
0.0;176.9;0.0;0.0
0.0;176.9;0.4;0.0
