6.6;48.6;31.7;0.0
8.3;62.0;26.2;0.0
6.6;62.2;28.1;0.0
7.5;73.3;17.4;0.0
7.5;79.4;23.7;0.0
7.5;88.1;33.9;0.0
8.3;94.1;27.0;0.0
6.6;105.7;43.3;0.0
79.9;126.5;24.0;0.0
29.9;136.0;18.1;0.0
6.6;144.4;29.1;0.0
4.1;154.0;21.5;0.0
0.0;154.0;0.0;0.0
0.0;154.0;0.0;0.0
0.0;154.0;0.0;0.0
0.0;154.0;0.0;0.0
0.0;154.0;0.0;0.0
0.0;154.0;0.0;0.0
0.0;154.3;1.8;0.0
0.0;154.3;0.0;0.0
0.0;154.3;0.0;0.0
0.0;154.3;0.0;0.0
0.0;154.3;0.4;0.0
0.0;154.3;0.0;0.0
0.0;154.3;0.0;0.0
0.0;154.3;0.0;0.0
0.0;154.3;0.0;0.0
0.0;154.3;0.0;0.0
0.0;154.3;0.0;0.0
0.0;154.3;2.2;0.0
0.0;154.3;0.0;0.0
0.0;154.3;0.0;0.0
0.0;154.3;0.0;0.0
0.0;154.3;0.0;0.0
0.0;154.3;0.0;0.0
0.0;154.3;0.0;0.0
0.0;154.3;0.0;0.0
0.0;154.3;0.0;0.0
0.0;154.3;0.0;0.0
0.0;154.3;0.0;0.0
0.0;154.3;2.6;0.0
0.0;154.3;0.0;0.0
0.0;154.3;0.0;0.0
0.0;154.3;0.0;0.0
3.3;156.8;1.5;0.0
8.3;157.1;0.0;0.0
8.3;157.1;0.0;0.0
8.3;157.1;0.0;0.0
9.1;157.1;0.0;0.0
8.3;157.1;0.0;0.0
8.3;161.2;0.0;0.0
88.2;189.9;0.4;0.0
20.0;189.9;0.0;0.0
0.0;189.9;0.0;0.0
0.0;189.9;0.0;0.0
0.0;189.9;0.0;0.0
0.0;189.9;0.0;0.0
0.0;189.9;0.0;0.0
0.0;189.9;1.8;0.0
0.0;189.9;0.0;0.0
