7.5;38.1;9.2;0.0
6.6;40.2;6.0;0.0
7.5;47.7;7.2;0.0
8.3;49.3;7.1;0.0
7.5;53.3;8.4;0.0
9.1;57.4;7.6;0.0
8.3;60.7;5.0;0.0
8.3;64.6;10.8;0.0
8.3;67.2;5.2;0.0
6.6;70.0;9.2;0.0
7.5;63.9;7.0;0.0
8.3;68.2;4.7;0.0
8.3;72.6;5.3;0.0
8.3;77.0;16.4;0.0
8.3;78.9;3.7;0.0
7.5;81.2;16.1;0.0
6.6;85.7;14.9;0.0
7.5;88.8;11.3;0.0
8.3;91.2;11.2;0.0
7.5;94.4;13.2;0.0
8.3;98.9;18.2;0.0
8.3;100.6;9.3;0.0
3.3;104.2;10.5;0.0
12.5;106.3;7.9;0.0
87.3;130.0;11.0;0.0
13.3;133.7;14.6;0.0
8.3;140.3;15.6;0.0
8.3;141.1;0.0;0.0
8.3;142.1;0.2;0.0
8.3;144.0;2.8;0.0
7.5;146.4;6.8;0.0
7.5;147.1;5.4;0.0
8.3;149.7;10.4;0.0
7.5;157.0;17.9;0.0
5.0;160.7;7.8;0.0
0.0;160.7;0.0;0.0
0.0;160.7;0.0;0.0
0.0;160.7;0.0;0.0
0.0;160.7;0.0;0.0
0.0;160.7;0.0;0.0
0.0;160.7;0.0;0.0
0.0;160.7;0.0;0.0
0.0;160.7;1.8;0.0
0.0;160.7;0.0;0.0
0.0;160.7;0.0;0.0
0.0;160.7;0.4;0.0
0.0;160.7;0.0;0.0
0.0;160.7;0.0;0.0
0.0;160.7;0.0;0.0
0.0;160.7;0.0;0.0
0.0;160.7;0.0;0.0
0.0;160.7;0.0;0.0
0.0;160.7;0.0;0.0
0.8;160.7;2.2;0.0
0.0;160.7;0.0;0.0
0.0;160.7;0.0;0.0
0.0;160.7;0.0;0.0
0.0;160.7;0.0;0.0
0.0;160.7;0.0;0.0
0.0;160.7;0.0;0.0
