6.6;37.8;6.9;0.0
5.8;42.8;6.9;0.0
6.6;47.4;8.9;0.0
7.5;55.1;13.6;0.0
8.3;60.3;11.2;0.0
8.3;65.2;7.8;0.0
8.3;70.8;13.0;0.0
7.5;75.1;11.4;0.0
6.6;71.9;9.5;0.0
8.3;77.0;5.1;0.0
8.3;82.0;12.1;0.0
8.3;85.8;11.1;0.0
6.6;88.6;17.7;0.0
7.5;95.2;20.0;0.0
8.3;98.3;16.0;0.0
8.3;101.3;11.8;0.0
7.5;105.9;18.0;0.0
8.3;108.2;12.6;0.0
7.5;113.8;17.5;0.0
50.7;127.9;6.5;0.0
56.6;134.6;16.3;0.0
8.3;142.0;18.9;0.0
9.1;142.9;0.0;0.0
8.3;145.0;1.4;0.0
8.3;148.6;8.4;0.0
7.5;152.2;18.5;0.0
8.3;161.8;21.5;0.0
0.8;162.0;1.2;0.0
0.0;162.0;0.0;0.0
0.0;162.0;0.0;0.0
0.0;162.0;0.0;0.0
0.0;162.0;0.0;0.0
0.0;162.0;0.0;0.0
0.0;162.0;0.0;0.0
0.0;162.4;1.8;0.0
0.0;162.4;0.0;0.0
0.0;162.4;0.0;0.0
0.0;162.4;0.0;0.0
0.0;162.4;0.4;0.0
0.0;162.4;0.0;0.0
0.0;162.4;0.0;0.0
0.0;162.4;0.0;0.0
0.0;162.4;0.0;0.0
0.0;162.4;0.0;0.0
0.0;162.4;0.0;0.0
0.0;162.4;3.2;0.0
0.0;162.4;0.0;0.0
0.0;162.4;0.0;0.0
0.0;162.4;0.0;0.0
0.0;162.4;0.0;0.0
0.0;162.4;0.0;0.0
0.0;162.4;0.0;0.0
0.0;162.4;0.0;0.0
0.0;162.4;0.0;0.0
0.0;162.4;0.0;0.0
0.0;162.4;0.0;0.0
0.0;162.4;2.9;0.0
0.0;162.4;0.0;0.0
0.0;162.4;0.0;0.0
0.0;162.9;1.1;0.0
