7.5;60.2;33.4;0.0
7.5;72.1;24.5;0.0
8.3;72.5;23.7;0.0
7.5;80.7;29.4;0.0
6.6;91.5;43.7;0.0
7.5;101.3;41.7;0.0
46.6;128.5;36.0;0.0
62.3;138.5;23.8;0.0
8.3;146.3;23.2;0.0
4.2;157.6;27.8;0.0
0.0;157.6;0.0;0.0
0.0;157.6;0.0;0.0
0.0;157.6;0.0;0.0
0.0;157.6;0.0;0.0
0.0;157.6;0.0;0.0
0.0;157.6;0.0;0.0
0.0;157.6;1.8;0.0
0.0;157.6;0.0;0.0
0.0;157.6;0.0;0.0
0.0;157.6;0.0;0.0
0.0;157.7;1.0;0.0
0.0;157.7;0.0;0.0
0.0;157.7;0.0;0.0
0.0;157.7;0.0;0.0
0.0;157.7;0.0;0.0
0.0;157.7;0.0;0.0
0.0;157.7;0.0;0.0
0.0;157.7;0.0;0.0
0.0;157.7;0.0;0.0
0.0;157.7;0.0;0.0
0.0;157.7;0.0;0.0
0.0;157.7;0.0;0.0
0.0;157.7;0.0;0.0
0.0;157.7;0.0;0.0
0.0;157.7;0.0;0.0
0.0;157.7;1.9;0.0
0.0;157.7;0.0;0.0
0.0;157.7;0.0;0.0
0.0;157.7;0.0;0.0
0.0;157.7;0.0;0.0
0.0;157.7;0.0;0.0
0.0;157.7;0.0;0.0
0.0;157.7;0.0;0.0
0.0;157.7;0.0;0.0
0.0;157.7;0.0;0.0
0.0;157.7;0.0;0.0
0.0;157.7;0.0;0.0
0.0;157.7;0.0;0.0
0.0;157.7;0.0;0.0
2.5;160.0;3.0;0.0
8.3;160.4;0.0;0.0
8.3;160.4;0.0;0.0
8.3;160.4;0.0;0.0
8.3;160.4;0.0;0.0
8.3;160.4;0.0;0.0
71.5;179.1;0.4;0.0
34.9;179.1;0.0;0.0
0.0;179.1;0.0;0.0
0.0;179.1;0.0;0.0
0.0;179.1;0.0;0.0
