10.0;48.5;31.4;0.0
7.5;63.1;30.5;0.0
7.5;69.1;28.0;0.0
7.5;81.7;26.2;0.0
7.5;89.6;30.4;0.0
7.5;99.0;40.6;0.0
7.5;110.8;44.5;0.0
85.7;137.2;41.6;0.0
23.3;143.3;9.6;0.0
7.5;157.4;41.4;0.0
0.0;157.4;0.0;0.0
0.0;157.4;0.0;0.0
0.0;157.4;0.0;0.0
0.0;157.4;0.0;0.0
0.0;157.4;0.0;0.0
0.0;157.4;0.0;0.0
0.0;157.4;0.0;0.0
0.0;157.6;1.8;0.0
0.0;157.6;0.0;0.0
0.0;157.6;0.0;0.0
0.0;157.6;1.1;0.0
0.0;157.6;0.0;0.0
0.0;157.6;0.0;0.0
0.0;157.6;0.0;0.0
0.0;157.6;0.0;0.0
0.0;157.6;0.0;0.0
0.0;157.6;0.0;0.0
0.0;157.6;0.0;0.0
0.0;157.6;0.0;0.0
0.0;157.6;0.0;0.0
0.0;157.6;0.0;0.0
0.0;157.6;2.4;0.0
0.0;157.6;0.0;0.0
0.0;157.6;0.0;0.0
0.0;157.6;0.0;0.0
0.0;157.6;0.0;0.0
0.0;157.6;0.0;0.0
0.0;157.6;0.0;0.0
0.0;157.6;0.0;0.0
0.0;157.6;0.0;0.0
0.0;157.6;0.0;0.0
0.0;157.6;0.0;0.0
0.0;157.6;2.5;0.0
0.0;157.6;0.0;0.0
0.0;157.6;0.0;0.0
0.0;157.6;0.0;0.0
4.2;160.1;1.1;0.0
9.1;160.1;0.0;0.0
8.3;160.1;0.0;0.0
8.3;160.3;0.0;0.0
8.3;160.3;0.0;0.0
8.3;160.3;0.0;0.0
69.0;170.8;0.4;0.0
31.6;170.8;0.0;0.0
0.0;170.8;0.0;0.0
0.0;170.8;0.0;0.0
0.0;170.8;0.0;0.0
0.0;170.8;0.0;0.0
0.0;170.8;0.0;0.0
0.0;170.8;0.0;0.0
