6.6;36.6;10.5;0.0
8.3;43.1;9.1;0.0
7.5;49.5;8.0;0.0
8.3;54.1;10.4;0.0
8.3;58.9;10.2;0.0
8.3;63.2;6.8;0.0
8.3;65.9;3.7;0.0
8.3;70.0;12.3;0.0
7.5;72.4;5.7;0.0
5.8;68.2;9.2;0.0
8.3;70.9;4.2;0.0
9.1;75.3;4.7;0.0
8.3;78.5;4.5;0.0
8.3;82.9;16.4;0.0
7.5;84.8;3.7;0.0
8.3;86.5;10.7;0.0
7.5;90.5;13.7;0.0
6.6;93.7;12.5;0.0
8.3;95.8;10.6;0.0
8.3;98.4;10.2;0.0
8.3;100.6;11.0;0.0
8.3;104.5;15.4;0.0
8.3;106.2;8.4;0.0
6.6;110.8;16.6;0.0
11.6;121.8;3.5;0.0
97.1;134.1;11.0;0.0
10.0;140.4;23.4;0.0
8.3;145.1;6.8;0.0
8.3;146.2;0.2;0.0
9.1;148.9;6.0;0.0
7.5;151.1;6.4;0.0
7.5;153.7;12.7;0.0
8.3;161.0;17.8;0.0
5.0;164.6;8.2;0.0
0.0;164.6;0.0;0.0
0.0;164.6;0.0;0.0
0.0;164.6;0.0;0.0
0.0;164.6;0.0;0.0
0.0;164.6;0.0;0.0
0.0;164.6;0.0;0.0
0.0;164.6;0.0;0.0
0.8;165.0;1.9;0.0
0.0;165.0;0.0;0.0
0.0;165.0;0.0;0.0
0.0;165.0;0.4;0.0
0.0;165.0;0.0;0.0
0.0;165.0;0.0;0.0
0.0;165.0;0.0;0.0
0.0;165.0;0.0;0.0
0.0;165.0;0.0;0.0
0.0;165.0;0.0;0.0
0.0;165.0;0.0;0.0
0.0;165.0;2.2;0.0
0.0;165.0;0.0;0.0
0.0;165.0;0.0;0.0
0.0;165.0;0.0;0.0
0.0;165.0;0.0;0.0
0.0;165.0;0.0;0.0
0.0;165.0;0.0;0.0
0.0;165.0;0.0;0.0
