7.5;55.6;34.4;0.0
7.5;67.4;25.3;0.0
6.7;78.9;22.4;0.0
7.5;88.0;27.6;0.0
6.6;98.2;44.5;0.0
7.5;108.3;43.4;0.0
33.3;133.6;30.1;0.0
72.4;145.1;31.2;0.0
6.6;151.3;15.6;0.0
5.8;164.7;35.4;0.0
0.0;164.7;0.0;0.0
0.0;164.7;0.0;0.0
0.0;164.7;0.0;0.0
0.0;164.7;0.0;0.0
0.0;164.7;0.0;0.0
0.0;164.7;0.0;0.0
0.0;165.1;1.7;0.0
0.0;165.1;0.0;0.0
0.0;165.1;0.0;0.0
0.0;165.1;0.0;0.0
0.0;165.1;0.4;0.0
0.0;165.1;0.0;0.0
0.0;165.1;0.0;0.0
0.0;165.1;0.0;0.0
0.0;165.1;0.0;0.0
0.0;165.1;0.0;0.0
0.0;165.1;0.0;0.0
0.0;165.1;2.3;0.0
0.0;165.1;0.0;0.0
0.0;165.1;0.0;0.0
0.0;165.1;0.0;0.0
0.0;165.1;0.0;0.0
0.0;165.1;0.0;0.0
0.0;165.1;0.0;0.0
0.0;165.1;0.0;0.0
0.0;165.1;0.0;0.0
0.0;165.1;0.0;0.0
0.0;165.1;0.0;0.0
0.0;165.1;2.8;0.0
0.0;165.1;0.0;0.0
0.0;165.1;0.0;0.0
0.0;165.1;0.0;0.0
4.2;167.5;1.2;0.0
8.3;167.8;0.0;0.0
8.3;167.8;0.0;0.0
8.3;167.8;0.0;0.0
8.3;167.8;0.0;0.0
13.3;180.6;0.0;0.0
92.2;182.6;0.4;0.0
7.5;182.6;0.0;0.0
0.0;182.6;0.0;0.0
0.0;182.6;0.0;0.0
0.0;182.6;0.0;0.0
0.0;182.6;0.0;0.0
0.0;182.6;0.0;0.0
0.0;182.6;1.8;0.0
0.0;182.6;0.0;0.0
0.0;182.6;0.0;0.0
0.0;182.6;0.0;0.0
0.0;182.6;0.4;0.0
