6.6;41.8;10.8;0.0
8.3;45.8;7.5;0.0
6.6;51.8;7.1;0.0
8.3;53.8;7.1;0.0
8.3;56.6;6.2;0.0
8.3;58.7;4.2;0.0
6.6;61.3;4.4;0.0
6.6;63.6;3.6;0.0
8.3;66.6;4.8;0.0
10.0;69.9;10.3;0.0
7.5;72.4;4.3;0.0
5.8;70.4;11.1;0.0
8.3;74.6;5.0;0.0
8.3;78.5;5.1;0.0
8.3;82.2;9.6;0.0
8.3;85.2;10.1;0.0
9.1;86.8;5.1;0.0
6.6;89.9;16.9;0.0
7.5;94.3;15.2;0.0
7.5;97.0;9.8;0.0
7.5;99.8;11.8;0.0
7.5;102.7;15.2;0.0
9.1;106.9;15.4;0.0
7.5;109.1;11.0;0.0
7.5;114.2;15.1;0.0
53.9;130.3;6.1;0.0
57.3;136.0;13.3;0.0
7.5;144.2;22.2;0.0
8.3;145.0;0.0;0.0
8.3;146.0;0.2;0.0
8.3;149.0;6.0;0.0
7.5;150.7;3.6;0.0
8.3;152.6;11.6;0.0
8.3;155.7;11.9;0.0
8.3;163.5;15.8;0.0
0.8;164.4;2.2;0.0
0.0;164.4;0.0;0.0
0.0;164.4;0.0;0.0
0.0;164.4;0.0;0.0
0.0;164.4;0.0;0.0
0.0;164.4;0.0;0.0
0.0;164.4;0.0;0.0
0.8;164.6;1.8;0.0
0.0;164.6;0.0;0.0
0.0;164.6;0.0;0.0
0.0;164.6;0.0;0.0
0.0;164.6;1.0;0.0
0.0;164.6;0.0;0.0
0.0;164.6;0.0;0.0
0.0;164.6;0.0;0.0
0.0;164.6;0.0;0.0
0.0;164.6;0.0;0.0
0.0;164.6;0.0;0.0
0.0;164.6;0.0;0.0
0.0;164.6;0.0;0.0
0.0;164.6;0.0;0.0
0.0;164.6;0.0;0.0
0.0;164.6;2.5;0.0
0.0;164.6;0.0;0.0
0.0;164.6;0.0;0.0
