5.8;56.6;34.8;0.0
9.2;72.0;29.8;0.0
6.6;79.9;23.1;0.0
8.3;89.9;25.0;0.0
5.8;99.6;41.7;0.0
8.3;110.1;44.6;0.0
25.0;136.1;35.0;0.0
82.3;147.8;32.5;0.0
7.5;154.2;15.6;0.0
4.1;167.8;35.4;0.0
0.0;167.8;0.0;0.0
0.0;167.8;0.0;0.0
0.0;167.8;0.0;0.0
0.0;167.8;0.0;0.0
0.0;167.8;0.0;0.0
0.0;167.8;0.0;0.0
0.8;168.1;1.8;0.0
0.0;168.1;0.0;0.0
0.0;168.1;0.0;0.0
0.0;168.1;0.0;0.0
0.0;168.1;0.4;0.0
0.0;168.1;0.0;0.0
0.0;168.1;0.0;0.0
0.0;168.1;0.0;0.0
0.0;168.1;0.0;0.0
0.0;168.1;0.0;0.0
0.0;168.1;0.0;0.0
0.0;168.1;1.9;0.0
0.0;168.1;0.0;0.0
0.0;168.1;0.0;0.0
0.0;168.1;0.0;0.0
0.0;168.1;0.0;0.0
0.0;168.1;0.0;0.0
0.0;168.1;0.0;0.0
0.0;168.1;0.0;0.0
0.0;168.1;0.0;0.0
0.0;168.1;0.0;0.0
0.0;168.1;0.0;0.0
0.0;168.1;2.5;0.0
0.0;168.1;0.0;0.0
0.0;168.1;0.0;0.0
0.0;168.1;0.0;0.0
3.3;170.7;1.2;0.0
8.3;170.9;0.0;0.0
8.3;170.9;0.0;0.0
8.3;171.1;0.0;0.0
8.3;171.1;0.0;0.0
38.0;175.5;0.3;0.0
68.9;175.5;0.1;0.0
0.0;175.5;0.0;0.0
0.0;175.5;0.0;0.0
0.0;175.5;0.0;0.0
0.0;175.5;0.0;0.0
0.0;175.5;0.0;0.0
0.0;175.5;0.0;0.0
0.8;175.5;1.8;0.0
0.0;175.5;0.0;0.0
0.0;175.5;0.0;0.0
0.0;175.5;0.0;0.0
0.0;175.5;1.1;0.0
