7.5;65.5;32.2;0.0
7.5;72.1;30.6;0.0
8.3;86.3;29.4;0.0
6.6;94.7;31.4;0.0
6.6;104.3;44.0;0.0
8.3;115.7;40.5;0.0
94.9;137.9;41.6;0.0
15.0;144.5;9.8;0.0
5.0;158.1;41.3;0.0
0.0;158.1;0.0;0.0
0.0;158.1;0.0;0.0
0.0;158.1;0.0;0.0
0.0;158.1;0.0;0.0
0.0;158.1;0.0;0.0
0.0;158.1;0.0;0.0
0.0;158.1;0.0;0.0
0.8;158.3;1.7;0.0
0.0;158.3;0.0;0.0
0.0;158.3;0.0;0.0
0.0;158.3;0.4;0.0
0.0;158.3;0.0;0.0
0.0;158.3;0.0;0.0
0.0;158.3;0.0;0.0
0.0;158.3;0.0;0.0
0.0;158.3;0.0;0.0
0.0;158.3;0.0;0.0
0.0;158.3;0.0;0.0
0.0;158.3;0.0;0.0
0.0;158.3;2.3;0.0
0.0;158.3;0.0;0.0
0.0;158.3;0.0;0.0
0.0;158.3;0.0;0.0
0.0;158.3;0.0;0.0
0.0;158.3;0.0;0.0
0.0;158.3;0.0;0.0
0.0;158.3;0.0;0.0
0.0;158.3;0.0;0.0
0.0;158.3;0.0;0.0
0.0;158.3;0.0;0.0
0.0;158.3;2.6;0.0
0.0;158.3;0.0;0.0
0.0;158.3;0.0;0.0
0.0;158.9;1.1;0.0
8.3;160.9;0.4;0.0
8.3;160.9;0.0;0.0
8.3;160.9;0.0;0.0
8.3;160.9;0.0;0.0
8.3;160.9;0.0;0.0
64.9;165.6;0.4;0.0
40.7;165.6;0.0;0.0
0.0;165.6;0.0;0.0
0.0;165.6;0.0;0.0
0.0;165.6;0.0;0.0
0.0;165.6;0.0;0.0
0.0;165.6;0.0;0.0
0.0;165.6;0.2;0.0
0.0;165.6;1.6;0.0
0.0;165.6;0.0;0.0
0.0;165.6;0.0;0.0
0.0;165.6;0.4;0.0
