7.5;45.9;6.4;0.0
7.5;47.3;3.8;0.0
8.3;51.7;5.2;0.0
8.3;56.5;6.9;0.0
8.3;60.4;11.6;0.0
8.3;64.7;7.9;0.0
7.5;67.3;4.3;0.0
8.3;69.9;2.4;0.0
8.3;72.8;10.6;0.0
9.1;74.3;3.3;0.0
7.5;76.3;5.9;0.0
6.6;64.0;7.9;0.0
8.3;66.6;4.2;0.0
8.3;70.1;3.7;0.0
8.3;72.1;2.2;0.0
8.3;74.7;3.5;0.0
8.3;77.0;11.0;0.0
8.3;79.4;5.8;0.0
7.5;80.4;1.4;0.0
8.3;81.0;1.9;0.0
7.5;82.6;10.3;0.0
7.5;85.1;10.6;0.0
8.3;87.5;7.8;0.0
7.5;89.7;6.4;0.0
8.3;90.7;6.6;0.0
8.3;92.1;5.2;0.0
8.3;93.4;6.0;0.0
8.3;94.8;5.8;0.0
7.5;96.7;9.8;0.0
6.6;100.8;15.6;0.0
9.1;102.7;9.2;0.0
8.3;107.4;17.4;0.0
10.8;116.0;1.9;0.0
91.0;129.1;8.3;0.0
13.3;132.5;11.5;0.0
8.3;135.9;13.0;0.0
8.3;140.7;8.4;0.0
8.3;141.5;0.0;0.0
9.1;142.1;0.0;0.0
8.3;143.0;0.6;0.0
8.3;144.7;2.6;0.0
7.5;145.9;3.4;0.0
8.3;147.2;3.2;0.0
7.5;147.5;7.0;0.0
8.3;149.5;6.2;0.0
8.3;151.8;7.9;0.0
8.3;154.7;7.2;0.0
8.3;158.2;6.4;0.0
8.3;159.8;3.4;0.0
6.3;161.0;3.4;0.0
0.0;161.0;0.0;0.0
0.0;161.0;0.0;0.0
0.0;161.0;0.0;0.0
0.0;161.0;0.0;0.0
0.0;161.0;0.0;0.0
0.0;161.0;0.0;0.0
0.0;161.0;0.0;0.0
0.8;161.0;1.7;0.0
0.0;161.0;0.0;0.0
0.0;161.0;0.0;0.0
