16.6;49.8;36.5;0.0
6.7;65.1;31.4;0.0
7.5;76.1;25.9;0.0
7.5;86.1;25.0;0.0
7.5;95.8;41.7;0.0
6.6;106.3;44.2;0.0
25.0;127.2;37.7;0.0
83.8;138.6;30.2;0.0
7.5;146.2;21.8;0.0
3.3;157.9;29.2;0.0
0.0;157.9;0.0;0.0
0.0;157.9;0.0;0.0
0.0;157.9;0.0;0.0
0.0;157.9;0.0;0.0
0.0;157.9;0.0;0.0
0.0;157.9;0.0;0.0
0.0;157.9;0.8;0.0
0.0;157.9;1.0;0.0
0.0;157.9;0.0;0.0
0.0;157.9;0.0;0.0
0.0;158.0;1.1;0.0
0.0;158.0;0.0;0.0
0.0;158.0;0.0;0.0
0.0;158.0;0.0;0.0
0.0;158.0;0.0;0.0
0.0;158.0;0.0;0.0
0.0;158.0;0.0;0.0
0.0;158.0;0.0;0.0
0.0;158.0;0.0;0.0
0.0;158.0;0.0;0.0
0.0;158.0;0.0;0.0
0.0;158.0;0.0;0.0
0.0;158.0;0.0;0.0
0.0;158.0;0.0;0.0
0.0;158.0;0.0;0.0
0.8;158.0;2.5;0.0
0.0;158.0;0.0;0.0
0.0;158.0;0.0;0.0
0.0;158.0;0.0;0.0
0.0;158.0;0.0;0.0
0.0;158.0;0.0;0.0
0.0;158.0;0.0;0.0
0.0;158.0;0.0;0.0
0.0;158.0;0.0;0.0
0.0;158.0;0.0;0.0
0.0;158.0;0.0;0.0
6.6;160.7;3.0;0.0
9.1;160.7;0.0;0.0
8.3;160.7;0.0;0.0
8.3;160.7;0.0;0.0
8.3;160.7;0.0;0.0
54.1;171.4;0.4;0.0
50.7;171.4;0.0;0.0
0.0;171.4;0.0;0.0
0.0;171.4;0.0;0.0
0.0;171.4;0.0;0.0
0.0;171.4;0.0;0.0
0.0;171.4;0.0;0.0
0.0;171.4;0.0;0.0
0.0;171.4;1.6;0.0
