9.2;57.0;34.2;0.0
8.3;70.6;27.5;0.0
7.5;72.7;24.3;0.0
7.5;82.3;28.2;0.0
6.6;93.8;48.5;0.0
7.5;103.7;43.4;0.0
52.4;124.2;41.3;0.0
58.2;133.4;17.0;0.0
7.5;144.3;34.5;0.0
2.5;151.3;15.6;0.0
0.0;151.3;0.0;0.0
0.0;151.3;0.0;0.0
0.0;151.3;0.0;0.0
0.0;151.3;0.0;0.0
0.0;151.3;0.0;0.0
0.0;151.3;0.0;0.0
0.0;151.4;1.8;0.0
0.0;151.4;0.0;0.0
0.0;151.4;0.0;0.0
0.0;151.4;0.0;0.0
0.0;151.4;0.4;0.0
0.0;151.4;0.0;0.0
0.0;151.4;0.0;0.0
0.0;151.4;0.0;0.0
0.0;151.4;0.0;0.0
0.0;151.4;0.0;0.0
0.0;151.4;0.0;0.0
0.0;151.4;2.2;0.0
0.0;151.4;0.0;0.0
0.0;151.4;0.0;0.0
0.0;151.4;0.0;0.0
0.0;151.4;0.0;0.0
0.0;151.4;0.0;0.0
0.0;151.4;0.0;0.0
0.0;151.4;0.0;0.0
0.0;151.4;0.0;0.0
0.0;151.4;0.0;0.0
0.0;151.4;0.0;0.0
0.0;151.4;2.4;0.0
0.0;151.4;0.0;0.0
0.0;151.4;0.0;0.0
0.0;151.4;0.0;0.0
5.8;154.0;1.7;0.0
8.3;154.0;0.0;0.0
8.3;154.0;0.0;0.0
8.3;154.2;0.0;0.0
8.3;154.2;0.0;0.0
43.1;160.8;0.3;0.0
62.3;160.8;0.1;0.0
0.0;160.8;0.0;0.0
0.0;160.8;0.0;0.0
0.0;160.8;0.0;0.0
0.0;160.8;0.0;0.0
0.0;160.8;0.0;0.0
0.0;160.8;0.0;0.0
0.0;160.8;1.8;0.0
0.0;160.8;0.0;0.0
0.0;160.8;0.0;0.0
0.0;160.8;0.0;0.0
0.0;160.8;0.4;0.0
