16.6;48.6;30.6;0.0
7.5;63.9;32.7;0.0
6.6;74.6;27.3;0.0
8.3;86.5;27.7;0.0
6.6;96.4;42.1;0.0
7.5;106.7;44.2;0.0
24.1;131.7;37.3;0.0
82.2;142.6;30.2;0.0
7.5;148.9;17.2;0.0
5.8;162.4;33.9;0.0
0.0;162.4;0.0;0.0
0.0;162.4;0.0;0.0
0.0;162.4;0.0;0.0
0.0;162.4;0.0;0.0
0.0;162.4;0.0;0.0
0.0;162.4;0.0;0.0
0.0;162.5;1.8;0.0
0.0;162.5;0.0;0.0
0.0;162.5;0.0;0.0
0.0;162.5;0.0;0.0
0.0;162.5;0.4;0.0
0.0;162.5;0.0;0.0
0.0;162.5;0.0;0.0
0.0;162.5;0.0;0.0
0.0;162.5;0.0;0.0
0.0;162.5;0.0;0.0
0.0;162.5;0.0;0.0
0.0;162.5;0.0;0.0
0.0;162.5;1.9;0.0
0.0;162.5;0.0;0.0
0.0;162.5;0.0;0.0
0.0;162.5;0.0;0.0
0.0;162.5;0.0;0.0
0.0;162.5;0.0;0.0
0.0;162.5;0.0;0.0
0.0;162.5;0.0;0.0
0.0;162.5;0.0;0.0
0.0;162.5;0.0;0.0
0.0;162.5;0.0;0.0
0.0;162.5;2.5;0.0
0.0;162.5;0.0;0.0
0.0;162.5;0.0;0.0
0.0;163.1;1.3;0.0
8.3;165.2;0.4;0.0
8.3;165.2;0.0;0.0
9.2;165.2;0.0;0.0
8.3;165.2;0.0;0.0
14.7;178.0;0.0;0.0
91.5;178.0;0.4;0.0
1.7;178.0;0.0;0.0
0.0;178.0;0.0;0.0
0.0;178.0;0.0;0.0
0.0;178.0;0.0;0.0
0.0;178.0;0.0;0.0
0.0;178.0;0.0;0.0
0.0;178.0;1.8;0.0
0.0;178.0;0.0;0.0
0.0;178.0;0.0;0.0
0.0;178.0;0.0;0.0
0.0;178.0;1.0;0.0
