6.6;48.8;33.0;0.0
7.5;64.0;30.6;0.0
7.5;72.9;23.8;0.0
8.3;82.2;26.4;0.0
6.6;93.5;46.7;0.0
7.5;104.0;44.8;0.0
43.2;129.1;34.1;0.0
63.2;139.1;26.4;0.0
7.5;147.5;26.1;0.0
4.1;158.0;24.9;0.0
0.0;158.0;0.0;0.0
0.0;158.0;0.0;0.0
0.0;158.0;0.0;0.0
0.0;158.0;0.0;0.0
0.0;158.0;0.0;0.0
0.0;158.0;0.0;0.0
0.0;158.2;1.7;0.0
0.0;158.2;0.0;0.0
0.0;158.2;0.0;0.0
0.0;158.2;0.0;0.0
0.0;158.2;0.4;0.0
0.0;158.2;0.0;0.0
0.0;158.2;0.0;0.0
0.0;158.2;0.0;0.0
0.0;158.2;0.0;0.0
0.0;158.2;0.0;0.0
0.0;158.2;0.0;0.0
0.0;158.2;2.1;0.0
0.0;158.2;0.0;0.0
0.0;158.2;0.0;0.0
0.0;158.2;0.0;0.0
0.0;158.2;0.0;0.0
0.0;158.2;0.0;0.0
0.0;158.2;0.0;0.0
0.0;158.2;0.0;0.0
0.0;158.2;0.0;0.0
0.0;158.2;0.0;0.0
0.0;158.2;0.0;0.0
0.0;158.2;2.4;0.0
0.0;158.2;0.0;0.0
0.0;158.2;0.0;0.0
0.0;159.1;0.9;0.0
7.5;161.0;0.4;0.0
9.1;161.0;0.0;0.0
8.3;161.0;0.0;0.0
8.3;161.0;0.0;0.0
8.3;161.2;0.0;0.0
73.2;179.7;0.4;0.0
28.2;179.7;0.0;0.0
0.0;179.7;0.0;0.0
0.0;179.7;0.0;0.0
0.0;179.7;0.0;0.0
0.0;179.7;0.0;0.0
0.0;179.7;0.0;0.0
0.8;179.7;1.7;0.0
0.0;179.7;0.0;0.0
0.0;179.7;0.0;0.0
0.0;179.7;0.0;0.0
0.0;179.7;0.4;0.0
0.0;179.7;0.0;0.0
