7.5;52.4;31.8;0.0
7.5;65.5;25.5;0.0
7.5;65.6;28.9;0.0
7.5;77.0;18.9;0.0
8.3;83.4;28.9;0.0
6.6;93.0;34.6;0.0
6.6;102.3;40.1;0.0
28.3;127.3;31.3;0.0
81.4;139.5;33.1;0.0
8.3;145.8;9.8;0.0
6.6;159.2;41.2;0.0
0.0;159.2;0.0;0.0
0.0;159.2;0.0;0.0
0.0;159.2;0.0;0.0
0.0;159.2;0.0;0.0
0.0;159.2;0.0;0.0
0.0;159.2;0.0;0.0
0.0;159.2;0.0;0.0
0.0;159.4;1.8;0.0
0.0;159.4;0.0;0.0
0.0;159.4;0.0;0.0
0.0;159.4;0.0;0.0
0.0;159.4;0.0;0.0
0.0;159.4;0.0;0.0
0.0;159.4;0.0;0.0
0.0;159.4;0.0;0.0
0.0;159.4;0.0;0.0
0.0;159.4;0.0;0.0
0.0;159.4;0.0;0.0
0.0;159.4;2.7;0.0
0.0;159.4;0.0;0.0
0.0;159.4;0.0;0.0
0.0;159.4;0.0;0.0
0.0;159.4;0.0;0.0
0.0;159.4;0.0;0.0
0.0;159.4;0.0;0.0
0.0;159.4;0.0;0.0
0.0;159.4;0.0;0.0
0.0;159.4;0.0;0.0
0.0;159.4;0.0;0.0
0.0;159.4;2.4;0.0
0.0;159.4;0.0;0.0
0.0;159.4;0.0;0.0
0.0;159.4;0.0;0.0
7.5;162.1;1.3;0.0
8.3;162.3;0.0;0.0
8.3;162.3;0.0;0.0
8.3;162.3;0.0;0.0
8.3;162.3;0.0;0.0
8.3;162.3;0.0;0.0
46.6;169.0;0.3;0.0
64.9;169.0;0.1;0.0
0.0;169.0;0.0;0.0
0.0;169.0;0.0;0.0
0.0;169.0;0.0;0.0
0.0;169.0;0.0;0.0
0.0;169.0;0.0;0.0
0.0;169.0;0.0;0.0
0.0;169.0;1.7;0.0
0.0;169.0;0.0;0.0
