6.7;63.2;33.7;0.0
7.5;75.1;28.0;0.0
7.5;85.2;22.2;0.0
7.5;93.8;36.8;0.0
7.5;104.9;41.0;0.0
6.6;117.9;51.7;0.0
74.0;136.1;28.5;0.0
35.7;145.7;16.1;0.0
7.5;161.6;46.8;0.0
0.0;162.1;1.2;0.0
0.0;162.1;0.0;0.0
0.0;162.1;0.0;0.0
0.0;162.1;0.0;0.0
0.0;162.1;0.0;0.0
0.0;162.1;0.0;0.0
0.0;162.1;0.0;0.0
0.0;162.4;1.8;0.0
0.0;162.4;0.0;0.0
0.0;162.4;0.0;0.0
0.0;162.4;0.0;0.0
0.0;162.4;0.4;0.0
0.0;162.4;0.0;0.0
0.0;162.4;0.0;0.0
0.0;162.4;0.0;0.0
0.0;162.4;0.0;0.0
0.0;162.4;0.0;0.0
0.0;162.4;0.0;0.0
0.0;162.4;2.2;0.0
0.0;162.4;0.0;0.0
0.0;162.4;0.0;0.0
0.0;162.4;0.0;0.0
0.0;162.4;0.0;0.0
0.0;162.4;0.0;0.0
0.0;162.4;0.0;0.0
0.0;162.4;0.0;0.0
0.0;162.4;0.0;0.0
0.0;162.4;0.0;0.0
0.0;162.4;0.0;0.0
0.0;162.4;2.2;0.0
0.0;162.4;0.0;0.0
0.0;162.4;0.0;0.0
0.0;162.4;0.0;0.0
0.0;162.4;0.0;0.0
0.0;162.4;0.0;0.0
0.0;162.4;0.0;0.0
2.5;164.8;1.6;0.0
8.3;165.2;0.0;0.0
8.3;165.2;0.0;0.0
8.3;165.2;0.0;0.0
8.3;165.4;0.0;0.0
34.1;169.9;0.3;0.0
70.7;169.9;0.1;0.0
0.0;169.9;0.0;0.0
0.0;169.9;0.0;0.0
0.0;169.9;0.0;0.0
0.0;169.9;0.0;0.0
0.0;169.9;0.0;0.0
0.0;169.9;0.0;0.0
0.0;169.9;1.7;0.0
0.0;169.9;0.0;0.0
