7.5;36.3;4.8;0.0
8.3;37.8;3.6;0.0
8.3;41.4;5.7;0.0
7.5;44.3;2.9;0.0
6.6;45.9;5.0;0.0
7.5;47.4;1.7;0.0
7.5;50.6;3.6;0.0
8.3;54.4;4.9;0.0
7.5;55.6;5.3;0.0
8.3;57.9;6.3;0.0
8.3;60.0;3.9;0.0
8.3;62.4;3.5;0.0
8.3;63.7;2.7;0.0
8.3;65.4;2.6;0.0
8.3;66.7;1.4;0.0
9.1;68.0;1.0;0.0
7.5;69.8;6.7;0.0
9.1;71.1;4.9;0.0
7.5;72.4;1.5;0.0
7.5;73.9;3.7;0.0
8.3;74.9;4.8;0.0
7.5;69.4;2.7;0.0
8.3;70.8;3.9;0.0
8.3;71.8;3.2;0.0
8.3;73.0;1.0;0.0
5.8;75.2;2.4;0.0
10.0;76.7;1.5;0.0
7.5;77.2;0.4;0.0
9.1;77.3;0.0;0.0
9.1;78.7;1.6;0.0
7.5;80.4;2.9;0.0
7.5;81.3;1.6;0.0
9.1;82.3;4.5;0.0
8.3;83.9;8.1;0.0
8.3;85.1;2.6;0.0
9.1;85.3;0.0;0.0
7.5;85.9;1.4;0.0
9.1;86.2;1.5;0.0
8.3;86.7;0.4;0.0
7.5;87.8;6.2;0.0
5.8;88.4;6.3;0.0
7.5;89.6;5.2;0.0
9.1;92.3;6.0;0.0
7.5;93.8;8.0;0.0
8.3;95.7;4.0;0.0
8.3;96.4;6.0;0.0
8.3;97.3;3.4;0.0
8.3;98.2;4.8;0.0
8.3;99.1;3.6;0.0
8.3;100.5;5.2;0.0
7.5;102.0;5.6;0.0
6.6;102.6;4.4;0.0
9.1;103.5;5.8;0.0
8.3;105.8;3.6;0.0
7.5;106.4;5.4;0.0
8.3;107.2;3.3;0.0
8.3;107.5;2.2;0.0
7.5;107.9;2.7;0.0
8.3;108.5;2.1;0.0
8.3;110.0;5.3;0.0
