6.6;55.1;37.5;0.0
7.5;67.0;28.0;0.0
7.5;74.6;23.9;0.0
7.5;83.3;36.5;0.0
7.5;94.3;43.4;0.0
6.6;106.8;47.9;0.0
80.5;127.5;30.4;0.0
28.3;137.7;17.4;0.0
7.5;153.3;44.7;0.0
0.0;153.3;0.1;0.0
0.0;153.3;0.0;0.0
0.0;153.3;0.0;0.0
0.0;153.3;0.0;0.0
0.0;153.3;0.0;0.0
0.0;153.3;0.0;0.0
0.0;153.3;0.0;0.0
0.0;153.6;1.7;0.0
0.0;153.6;0.0;0.0
0.0;153.6;0.0;0.0
0.0;153.6;0.0;0.0
0.0;153.6;0.4;0.0
0.0;153.6;0.0;0.0
0.0;153.6;0.0;0.0
0.0;153.6;0.0;0.0
0.0;153.6;0.0;0.0
0.0;153.6;0.0;0.0
0.0;153.6;0.0;0.0
0.0;153.6;2.2;0.0
0.0;153.6;0.0;0.0
0.0;153.6;0.0;0.0
0.0;153.6;0.0;0.0
0.0;153.6;0.0;0.0
0.0;153.6;0.0;0.0
0.0;153.6;0.0;0.0
0.0;153.6;0.0;0.0
0.0;153.6;0.0;0.0
0.0;153.6;0.0;0.0
0.0;153.6;0.0;0.0
0.0;153.6;2.1;0.0
0.0;153.6;0.0;0.0
0.0;153.6;0.0;0.0
0.0;153.6;0.0;0.0
0.0;153.6;0.0;0.0
0.0;153.6;0.0;0.0
0.0;153.6;0.0;0.0
2.5;155.8;1.6;0.0
7.5;156.3;0.0;0.0
8.3;156.3;0.0;0.0
9.1;156.3;0.0;0.0
8.3;156.3;0.0;0.0
8.3;158.4;0.0;0.0
91.5;169.1;0.4;0.0
16.6;169.1;0.0;0.0
0.0;169.1;0.0;0.0
0.0;169.1;0.0;0.0
0.0;169.1;0.0;0.0
0.0;169.1;0.0;0.0
0.0;169.1;0.0;0.0
0.0;169.1;1.8;0.0
0.0;169.1;0.0;0.0
