6.6;43.3;14.0;0.0
7.5;51.8;9.0;0.0
8.3;57.3;13.9;0.0
7.5;64.7;13.2;0.0
8.3;72.2;18.0;0.0
6.6;75.1;17.1;0.0
8.3;82.9;14.6;0.0
8.3;87.2;12.5;0.0
7.5;94.0;30.0;0.0
7.5;100.6;26.3;0.0
6.6;107.0;28.2;0.0
7.5;114.7;27.7;0.0
52.4;126.7;8.4;0.0
61.5;131.6;14.1;0.0
8.3;140.0;19.1;0.0
8.3;144.8;9.6;0.0
6.6;146.8;11.2;0.0
8.3;150.4;12.3;0.0
8.3;157.8;14.6;0.0
9.2;160.7;3.6;0.0
8.3;161.0;0.0;0.0
8.3;161.0;0.0;0.0
8.3;161.0;0.0;0.0
8.3;161.1;0.0;0.0
8.3;161.1;0.0;0.0
8.3;161.1;0.0;0.0
71.5;165.4;0.0;0.0
101.5;167.4;0.0;0.0
96.5;168.3;2.0;0.0
29.0;168.3;0.3;0.0
0.0;168.3;0.0;0.0
0.0;168.6;2.9;0.0
0.8;168.6;3.8;0.0
1.7;169.1;1.6;0.0
8.3;169.1;0.0;0.0
8.3;169.1;0.0;0.0
8.3;169.1;0.0;0.0
8.3;169.3;0.0;0.0
8.3;169.3;0.0;0.0
8.3;169.3;0.0;0.0
8.3;169.3;0.0;0.0
8.3;169.3;0.0;0.0
9.1;169.3;0.0;0.0
8.3;169.3;0.0;0.0
8.3;169.3;0.0;0.0
8.3;169.3;0.0;0.0
8.3;169.3;0.0;0.0
8.3;169.3;0.0;0.0
8.3;169.3;0.0;0.0
8.3;169.3;0.0;0.0
8.3;169.3;0.0;0.0
8.3;169.3;0.0;0.0
8.3;169.3;0.0;0.0
8.3;169.3;0.0;0.0
8.3;169.3;0.0;0.0
8.3;169.3;0.0;0.0
8.3;169.3;0.0;0.0
8.3;169.4;0.0;0.0
9.2;169.4;0.0;0.0
8.3;169.4;0.0;0.0
