7.5;42.3;17.5;0.0
7.5;51.6;20.4;0.0
7.5;60.0;17.7;0.0
7.5;63.4;18.3;0.0
8.3;70.7;10.0;0.0
8.3;78.8;21.3;0.0
8.3;80.6;4.2;0.0
6.6;87.1;28.0;0.0
7.5;93.0;24.2;0.0
7.5;100.0;29.4;0.0
8.3;108.2;30.1;0.0
54.1;118.6;6.8;0.0
49.8;125.5;18.4;0.0
7.5;132.7;16.4;0.0
8.3;134.6;1.0;0.0
9.1;138.9;8.8;0.0
7.5;149.8;35.3;0.0
8.3;154.5;6.1;0.0
8.3;154.5;0.0;0.0
8.3;154.5;0.0;0.0
8.3;154.5;0.0;0.0
8.3;154.7;0.0;0.0
8.3;154.7;0.0;0.0
8.3;154.7;0.0;0.0
8.3;154.7;0.0;0.0
92.6;169.2;0.0;0.0
91.3;169.9;2.3;0.0
0.0;169.9;0.0;0.0
0.0;169.9;0.0;0.0
0.0;169.9;1.8;0.0
0.0;169.9;0.0;0.0
0.0;170.2;2.2;0.0
0.0;170.2;0.0;0.0
0.0;170.2;0.0;0.0
0.0;170.2;3.2;0.0
0.0;170.2;2.0;0.0
2.5;170.7;2.2;0.0
8.3;170.7;0.0;0.0
8.3;170.7;0.0;0.0
8.3;170.9;0.0;0.0
7.5;171.0;0.0;0.0
8.3;171.0;0.0;0.0
8.3;171.0;0.0;0.0
8.3;171.0;0.0;0.0
8.3;171.0;0.0;0.0
9.1;171.0;0.0;0.0
8.3;171.0;0.0;0.0
8.3;171.0;0.0;0.0
8.3;171.0;0.0;0.0
8.3;171.0;0.0;0.0
8.3;171.0;0.0;0.0
8.3;171.0;0.0;0.0
8.3;171.0;0.0;0.0
8.3;171.0;0.0;0.0
8.3;171.0;0.0;0.0
8.3;171.0;0.0;0.0
8.3;171.0;0.0;0.0
8.3;171.0;0.0;0.0
8.3;171.0;0.0;0.0
8.3;171.0;0.0;0.0
