7.5;50.3;26.5;0.0
7.5;56.5;9.2;0.0
9.2;63.4;16.4;0.0
7.5;68.7;18.4;0.0
7.5;78.0;21.6;0.0
8.3;82.4;17.2;0.0
7.5;90.9;31.8;0.0
7.5;95.9;21.4;0.0
7.5;102.4;29.0;0.0
11.9;115.8;19.3;0.0
85.1;124.5;12.5;0.0
19.1;135.0;28.7;0.0
7.4;138.8;3.8;0.0
7.5;144.0;21.8;0.0
7.5;156.1;25.6;0.0
8.3;156.6;0.0;0.0
8.3;156.6;0.0;0.0
8.3;156.6;0.0;0.0
8.3;156.6;0.0;0.0
8.3;156.6;0.0;0.0
62.4;171.2;0.0;0.0
97.6;171.7;1.1;0.0
58.1;172.0;2.7;0.0
0.8;172.0;9.0;0.0
5.8;172.7;1.9;0.0
8.3;172.7;0.0;0.0
8.3;172.7;0.0;0.0
8.3;172.7;0.0;0.0
8.3;172.7;0.0;0.0
8.3;172.7;0.0;0.0
8.3;172.7;0.0;0.0
8.3;172.7;0.0;0.0
8.3;172.7;0.0;0.0
8.3;172.7;0.0;0.0
8.3;172.9;0.0;0.0
8.3;172.9;0.0;0.0
8.3;172.9;0.0;0.0
8.3;172.9;0.0;0.0
8.3;172.9;0.0;0.0
8.3;172.9;0.0;0.0
8.3;172.9;0.0;0.0
8.3;172.9;0.0;0.0
8.3;172.9;0.0;0.0
8.3;172.9;0.0;0.0
8.3;172.9;0.0;0.0
8.3;172.9;0.0;0.0
8.3;172.9;0.0;0.0
8.3;172.9;0.0;0.0
8.3;172.9;0.0;0.0
8.3;172.9;0.0;0.0
8.3;172.9;0.0;0.0
8.3;172.9;0.0;0.0
8.3;172.9;0.0;0.0
8.3;172.9;0.0;0.0
8.3;172.9;0.0;0.0
9.1;172.9;0.0;0.0
8.3;172.9;0.0;0.0
8.3;172.9;0.0;0.0
8.3;172.9;0.0;0.0
8.3;172.9;0.0;0.0
