6.6;45.2;15.8;0.0
8.3;53.7;21.4;0.0
8.3;61.8;16.9;0.0
5.8;67.3;18.5;0.0
8.3;76.4;11.1;0.0
8.3;83.9;21.6;0.0
6.7;90.6;28.5;0.0
7.5;95.9;22.8;0.0
7.5;100.7;22.0;0.0
8.3;106.2;22.8;0.0
10.1;119.3;17.9;0.0
84.0;127.4;7.2;0.0
27.4;140.2;34.0;0.0
7.5;143.4;1.6;0.0
7.5;148.8;20.6;0.0
8.3;159.4;27.4;0.0
9.1;162.1;1.6;0.0
8.3;162.4;0.0;0.0
8.3;162.4;0.0;0.0
9.1;162.4;0.0;0.0
8.3;162.4;0.0;0.0
8.3;162.4;0.0;0.0
8.3;162.4;0.0;0.0
8.3;162.4;0.0;0.0
8.3;162.4;0.0;0.0
8.3;162.4;0.0;0.0
8.3;162.4;0.0;0.0
8.3;162.5;0.0;0.0
8.3;162.5;0.0;0.0
38.8;176.8;0.0;0.0
95.7;177.1;0.0;0.0
74.8;177.8;2.3;0.0
0.8;177.8;1.8;0.0
0.0;178.1;9.3;0.0
5.8;178.7;1.9;0.0
8.3;178.7;0.0;0.0
8.3;178.7;0.0;0.0
8.3;178.7;0.0;0.0
8.3;178.7;0.0;0.0
9.1;178.7;0.0;0.0
7.5;178.7;0.0;0.0
8.3;178.7;0.0;0.0
8.3;178.7;0.0;0.0
8.3;178.7;0.0;0.0
7.5;178.8;0.0;0.0
8.3;178.8;0.0;0.0
8.3;178.8;0.0;0.0
8.3;178.8;0.0;0.0
8.3;178.8;0.0;0.0
8.3;178.8;0.0;0.0
8.3;178.8;0.0;0.0
8.3;178.8;0.0;0.0
9.1;178.8;0.0;0.0
7.5;178.8;0.0;0.0
9.1;178.8;0.0;0.0
8.3;178.8;0.0;0.0
8.3;178.8;0.0;0.0
8.3;178.9;0.0;0.0
8.3;178.9;0.0;0.0
8.3;178.9;0.0;0.0
