6.6;37.0;17.4;0.0
7.5;48.9;22.8;0.0
8.3;58.9;16.7;0.0
7.5;66.3;18.6;0.0
7.5;67.5;15.0;0.0
8.3;76.3;12.8;0.0
8.3;81.2;17.9;0.0
7.5;89.9;33.5;0.0
7.5;94.3;20.2;0.0
7.5;100.5;26.0;0.0
8.3;107.0;25.6;0.0
43.8;121.3;11.9;0.0
62.3;126.7;13.0;0.0
8.3;135.6;21.8;0.0
8.3;138.5;2.8;0.0
7.5;143.4;19.4;0.0
8.3;155.4;28.6;0.0
8.3;156.8;0.4;0.0
8.3;156.8;0.0;0.0
8.3;156.8;0.0;0.0
8.3;157.0;0.0;0.0
8.3;157.0;0.0;0.0
59.9;169.2;0.0;0.0
97.9;169.6;0.0;0.0
65.7;170.1;2.3;0.0
0.0;170.5;3.5;0.0
0.0;170.5;4.5;0.0
8.3;171.2;2.0;0.0
7.5;171.2;0.0;0.0
9.2;171.2;0.0;0.0
8.3;171.2;0.0;0.0
8.3;171.2;0.0;0.0
8.3;171.2;0.0;0.0
8.3;171.2;0.0;0.0
8.3;171.2;0.0;0.0
8.3;171.2;0.0;0.0
8.3;171.2;0.0;0.0
8.3;171.2;0.0;0.0
8.3;171.2;0.0;0.0
8.3;171.3;0.0;0.0
8.3;171.3;0.0;0.0
9.2;171.3;0.0;0.0
8.3;171.3;0.0;0.0
8.3;171.3;0.0;0.0
8.3;171.3;0.0;0.0
8.3;171.3;0.0;0.0
8.3;171.3;0.0;0.0
8.3;171.3;0.0;0.0
8.3;171.3;0.0;0.0
8.3;171.3;0.0;0.0
8.3;171.3;0.0;0.0
8.3;171.3;0.0;0.0
8.3;171.3;0.0;0.0
8.3;171.3;0.0;0.0
8.3;171.3;0.0;0.0
8.3;171.3;0.0;0.0
8.3;171.3;0.0;0.0
8.3;171.3;0.0;0.0
9.1;171.3;0.0;0.0
8.3;171.3;0.0;0.0
