8.3;54.3;25.5;0.0
7.5;63.6;20.6;0.0
7.5;70.2;18.7;0.0
8.3;79.2;11.8;0.0
7.5;84.6;18.9;0.0
7.5;93.2;34.5;0.0
7.5;99.3;28.0;0.0
8.3;106.0;30.0;0.0
13.3;120.2;20.1;0.0
93.2;126.5;11.7;0.0
8.3;136.7;28.7;0.0
8.3;138.5;0.4;0.0
8.3;143.1;12.6;0.0
8.3;154.6;34.1;0.0
8.3;158.4;4.1;0.0
8.3;158.4;0.0;0.0
8.3;158.4;0.0;0.0
8.3;158.4;0.0;0.0
8.3;158.6;0.0;0.0
8.3;158.6;0.0;0.0
8.3;158.6;0.0;0.0
41.6;173.0;0.0;0.0
95.6;173.4;0.0;0.0
77.3;174.0;2.2;0.0
0.8;174.2;2.5;0.0
0.8;176.2;9.5;0.0
8.3;174.8;0.0;0.0
8.3;174.8;0.0;0.0
8.3;174.8;0.0;0.0
8.3;174.8;0.0;0.0
8.3;175.0;0.0;0.0
8.3;175.0;0.0;0.0
8.3;175.0;0.0;0.0
8.3;175.0;0.0;0.0
8.3;175.0;0.0;0.0
8.3;175.0;0.0;0.0
8.3;175.0;0.0;0.0
8.3;175.0;0.0;0.0
8.3;175.0;0.0;0.0
9.2;175.0;0.0;0.0
7.5;175.0;0.0;0.0
8.3;175.0;0.0;0.0
8.3;175.0;0.0;0.0
8.3;175.0;0.0;0.0
8.3;175.0;0.0;0.0
8.3;175.1;0.0;0.0
8.3;175.1;0.0;0.0
8.3;175.1;0.0;0.0
8.3;175.1;0.0;0.0
8.3;175.1;0.0;0.0
8.3;175.1;0.0;0.0
8.3;175.1;0.0;0.0
8.3;175.1;0.0;0.0
8.3;175.1;0.0;0.0
8.3;175.1;0.0;0.0
8.3;175.1;0.0;0.0
8.3;175.1;0.0;0.0
8.3;175.1;0.0;0.0
9.2;175.1;0.0;0.0
8.3;175.1;0.0;0.0
