7.5;46.7;27.5;0.0
7.5;56.7;17.0;0.0
7.5;63.4;22.6;0.0
7.5;71.3;11.9;0.0
8.3;79.6;21.9;0.0
7.5;82.7;17.0;0.0
6.6;90.1;25.0;0.0
8.3;93.0;14.2;0.0
8.3;96.0;12.8;0.0
6.6;101.5;23.5;0.0
11.9;116.4;24.6;0.0
94.0;123.0;12.0;0.0
9.1;133.2;27.4;0.0
8.3;138.2;9.3;0.0
7.5;146.8;30.6;0.0
8.3;154.1;11.3;0.0
8.3;154.3;0.0;0.0
7.5;154.4;0.0;0.0
8.3;154.4;0.0;0.0
8.3;154.6;0.0;0.0
8.3;154.6;0.0;0.0
71.4;171.0;0.0;0.0
97.9;171.0;0.0;0.0
91.5;171.8;2.3;0.0
0.0;171.8;4.2;0.0
2.5;172.7;5.5;0.0
9.2;172.8;0.0;0.0
8.3;172.8;0.0;0.0
8.3;172.8;0.0;0.0
8.3;172.8;0.0;0.0
8.3;172.8;0.0;0.0
8.3;172.8;0.0;0.0
8.3;172.8;0.0;0.0
8.3;172.8;0.0;0.0
8.3;172.8;0.0;0.0
8.3;172.8;0.0;0.0
8.3;172.8;0.0;0.0
8.3;172.8;0.0;0.0
8.3;172.8;0.0;0.0
8.3;172.8;0.0;0.0
8.3;172.8;0.0;0.0
8.3;173.1;0.0;0.0
8.3;173.1;0.0;0.0
8.3;173.1;0.0;0.0
8.3;173.1;0.0;0.0
8.3;173.1;0.0;0.0
8.3;173.1;0.0;0.0
8.3;173.1;0.0;0.0
8.3;173.1;0.0;0.0
8.3;173.1;0.0;0.0
8.3;173.1;0.0;0.0
8.3;173.1;0.0;0.0
8.3;173.1;0.0;0.0
8.3;173.1;0.0;0.0
8.3;173.1;0.0;0.0
8.3;173.1;0.0;0.0
8.3;173.1;0.0;0.0
8.3;173.1;0.0;0.0
8.3;173.1;0.0;0.0
8.3;173.1;0.0;0.0
