6.6;33.2;20.2;0.0
7.5;46.7;23.9;0.0
8.3;56.5;15.0;0.0
7.5;63.6;23.6;0.0
7.5;69.8;13.2;0.0
8.3;78.4;22.1;0.0
7.5;83.7;24.6;0.0
7.5;91.2;30.4;0.0
7.5;98.8;30.6;0.0
7.5;106.6;28.9;0.0
49.9;115.7;7.2;0.0
66.5;122.5;19.4;0.0
8.3;130.2;15.0;0.0
7.5;133.6;6.2;0.0
7.5;137.8;17.2;0.0
8.3;149.9;27.4;0.0
8.3;150.7;0.4;0.0
8.3;150.7;0.0;0.0
8.3;150.7;0.0;0.0
8.3;150.9;0.0;0.0
8.3;150.9;0.0;0.0
60.9;165.2;0.0;0.0
91.3;165.2;0.0;0.0
91.4;166.0;2.3;0.0
1.7;166.4;5.4;0.0
1.7;167.0;4.8;0.0
8.3;167.1;0.0;0.0
8.3;167.1;0.0;0.0
8.3;167.1;0.0;0.0
8.3;167.1;0.0;0.0
8.3;167.1;0.0;0.0
8.3;167.1;0.0;0.0
7.5;167.1;0.0;0.0
9.1;167.1;0.0;0.0
8.3;167.1;0.0;0.0
8.3;167.1;0.0;0.0
8.3;167.1;0.0;0.0
8.3;167.2;0.0;0.0
8.3;167.2;0.0;0.0
8.3;167.2;0.0;0.0
8.3;167.2;0.0;0.0
8.3;167.2;0.0;0.0
8.3;167.2;0.0;0.0
8.3;167.2;0.0;0.0
8.3;167.2;0.0;0.0
9.0;167.2;0.0;0.0
8.3;167.2;0.0;0.0
8.3;167.2;0.0;0.0
8.3;167.2;0.0;0.0
8.3;167.2;0.0;0.0
8.3;167.2;0.0;0.0
9.2;167.2;0.0;0.0
7.5;167.2;0.0;0.0
8.3;167.2;0.0;0.0
8.3;167.2;0.0;0.0
8.3;167.2;0.0;0.0
8.3;167.2;0.0;0.0
8.3;167.2;0.0;0.0
8.3;167.2;0.0;0.0
8.3;167.2;0.0;0.0
