6.6;40.6;15.7;0.0
7.5;49.3;20.2;0.0
9.1;57.6;18.3;0.0
6.6;63.9;19.3;0.0
9.2;72.4;9.8;0.0
8.3;78.7;20.1;0.0
7.5;85.6;31.6;0.0
7.5;91.3;22.3;0.0
7.5;98.3;28.4;0.0
8.3;104.5;24.0;0.0
34.4;112.1;9.3;0.0
72.3;119.7;21.5;0.0
8.3;127.9;16.7;0.0
8.3;132.4;9.6;0.0
8.3;141.9;31.3;0.0
8.3;148.5;10.3;0.0
8.3;148.5;0.0;0.0
8.3;148.5;0.0;0.0
8.3;148.7;0.0;0.0
8.3;148.7;0.0;0.0
8.3;148.7;0.0;0.0
69.6;166.9;0.0;0.0
99.0;167.7;0.7;0.0
59.7;168.0;1.6;0.0
0.8;168.1;4.3;0.0
2.5;168.7;7.2;0.0
9.1;168.8;0.0;0.0
8.3;168.8;0.0;0.0
8.3;168.8;0.0;0.0
8.3;168.8;0.0;0.0
8.3;168.8;0.0;0.0
8.3;168.8;0.0;0.0
8.3;168.8;0.0;0.0
8.3;168.8;0.0;0.0
8.3;168.8;0.0;0.0
8.3;168.8;0.0;0.0
8.3;168.8;0.0;0.0
8.3;168.8;0.0;0.0
8.3;168.9;0.0;0.0
8.3;168.9;0.0;0.0
8.3;168.9;0.0;0.0
8.3;168.9;0.0;0.0
9.2;168.9;0.0;0.0
8.3;168.9;0.0;0.0
8.3;168.9;0.0;0.0
8.3;168.9;0.0;0.0
8.3;168.9;0.0;0.0
8.3;168.9;0.0;0.0
8.3;168.9;0.0;0.0
8.3;168.9;0.0;0.0
8.3;168.9;0.0;0.0
8.3;168.9;0.0;0.0
8.3;168.9;0.0;0.0
8.3;168.9;0.0;0.0
8.3;168.9;0.0;0.0
8.3;168.9;0.0;0.0
8.3;168.9;0.0;0.0
8.3;168.9;0.0;0.0
8.3;168.9;0.0;0.0
8.3;168.9;0.0;0.0
