7.5;44.5;16.4;0.0
7.5;51.6;17.5;0.0
7.5;58.0;8.8;0.0
8.3;64.9;21.6;0.0
7.5;70.3;15.3;0.0
7.5;77.2;19.7;0.0
9.2;79.8;4.9;0.0
7.5;88.7;36.9;0.0
7.5;94.6;25.2;0.0
8.3;101.6;32.5;0.0
20.7;113.0;18.0;0.0
93.1;120.0;13.2;0.0
9.1;130.0;28.0;0.0
8.3;134.0;5.2;0.0
8.3;138.4;17.6;0.0
8.3;150.7;28.0;0.0
8.3;151.6;0.4;0.0
8.3;151.6;0.0;0.0
8.3;151.6;0.0;0.0
8.3;151.8;0.0;0.0
8.3;151.8;0.0;0.0
26.5;152.0;0.0;0.0
93.1;166.0;0.0;0.0
96.7;166.7;0.5;0.0
28.2;167.1;3.6;0.0
0.0;167.2;6.7;0.0
4.2;167.9;1.9;0.0
8.3;167.9;0.0;0.0
8.3;167.9;0.0;0.0
8.3;167.9;0.0;0.0
8.3;167.9;0.0;0.0
8.3;167.9;0.0;0.0
8.3;167.9;0.0;0.0
8.3;167.9;0.0;0.0
9.1;167.9;0.0;0.0
8.3;167.9;0.0;0.0
8.3;168.0;0.0;0.0
8.3;168.0;0.0;0.0
8.3;168.0;0.0;0.0
8.3;168.0;0.0;0.0
8.3;168.0;0.0;0.0
8.3;168.0;0.0;0.0
8.3;168.0;0.0;0.0
8.3;168.0;0.0;0.0
8.3;168.0;0.0;0.0
8.3;168.0;0.0;0.0
8.3;168.0;0.0;0.0
8.3;168.0;0.0;0.0
8.3;168.0;0.0;0.0
8.3;168.0;0.0;0.0
8.3;168.0;0.0;0.0
8.3;168.0;0.0;0.0
8.3;168.0;0.0;0.0
8.3;168.0;0.0;0.0
8.3;168.0;0.0;0.0
8.3;168.0;0.0;0.0
8.3;168.0;0.0;0.0
8.3;168.0;0.0;0.0
8.3;168.0;0.0;0.0
8.3;168.0;0.0;0.0
