6.6;49.4;12.2;0.0
7.5;55.6;17.5;0.0
7.5;61.3;9.8;0.0
8.3;67.1;13.0;0.0
7.5;71.2;12.0;0.0
7.5;66.1;10.0;0.0
8.3;72.1;5.9;0.0
8.3;78.5;19.7;0.0
8.3;81.7;15.2;0.0
6.6;89.7;29.8;0.0
8.3;95.6;25.0;0.0
7.5;101.8;26.9;0.0
8.3;107.7;19.0;0.0
84.6;128.4;13.8;0.0
15.8;138.6;27.4;0.0
8.3;142.9;6.6;0.0
7.5;149.4;26.7;0.0
8.3;159.5;18.0;0.0
8.3;159.9;0.0;0.0
8.3;159.9;0.0;0.0
8.3;159.9;0.0;0.0
9.1;159.9;0.0;0.0
8.3;159.9;0.0;0.0
8.3;160.0;0.0;0.0
8.3;160.0;0.0;0.0
51.6;168.3;0.0;0.0
100.4;168.6;0.1;0.0
67.3;169.2;2.2;0.0
0.0;169.2;0.0;0.0
0.0;169.2;1.8;0.0
0.0;169.4;3.7;0.0
0.0;169.4;2.8;0.0
1.7;169.9;2.2;0.0
8.3;170.0;0.0;0.0
8.3;170.0;0.0;0.0
8.3;170.0;0.0;0.0
8.3;170.0;0.0;0.0
8.3;170.0;0.0;0.0
8.3;170.0;0.0;0.0
8.3;170.0;0.0;0.0
8.3;170.0;0.0;0.0
8.3;170.0;0.0;0.0
8.3;170.0;0.0;0.0
8.3;170.0;0.0;0.0
8.3;170.0;0.0;0.0
8.3;170.0;0.0;0.0
8.3;170.1;0.0;0.0
9.1;170.1;0.0;0.0
8.3;170.1;0.0;0.0
8.3;170.1;0.0;0.0
8.3;170.1;0.0;0.0
8.3;170.1;0.0;0.0
7.5;170.2;0.0;0.0
8.3;170.2;0.0;0.0
8.3;170.2;0.0;0.0
8.3;170.2;0.0;0.0
8.3;170.2;0.0;0.0
8.3;170.2;0.0;0.0
8.3;170.2;0.0;0.0
8.3;170.2;0.0;0.0
