7.5;40.0;18.9;0.0
6.6;52.4;23.8;0.0
7.5;60.6;13.2;0.0
7.5;67.2;20.0;0.0
7.5;72.9;14.0;0.0
8.3;80.7;21.3;0.0
6.6;85.2;21.2;0.0
7.5;92.7;27.6;0.0
7.5;99.5;31.8;0.0
7.5;108.1;31.8;0.0
55.7;131.5;14.5;0.0
53.9;141.9;30.2;0.0
8.3;145.3;1.8;0.0
7.5;149.9;18.8;0.0
8.3;162.2;30.3;0.0
0.0;162.2;0.3;0.0
0.0;162.2;0.0;0.0
0.0;162.2;0.0;0.0
0.0;162.2;0.0;0.0
0.0;162.2;0.0;0.0
0.0;162.2;0.0;0.0
0.0;162.2;0.0;0.0
0.0;162.5;1.8;0.0
0.0;162.5;0.0;0.0
0.0;162.5;0.0;0.0
0.0;162.5;0.0;0.0
0.8;162.5;1.0;0.0
0.0;162.5;0.0;0.0
0.0;162.5;0.0;0.0
0.0;162.5;0.0;0.0
0.0;162.5;0.0;0.0
0.0;162.5;0.0;0.0
0.0;162.5;0.0;0.0
0.0;162.5;0.0;0.0
0.0;162.5;0.0;0.0
0.0;162.5;0.0;0.0
0.0;162.5;0.0;0.0
6.7;165.0;3.0;0.0
8.3;165.2;0.0;0.0
3.3;165.7;5.9;0.0
8.3;165.7;0.0;0.0
8.3;165.7;0.0;0.0
9.2;165.7;0.0;0.0
8.3;165.7;0.0;0.0
8.3;165.7;0.0;0.0
8.3;165.7;0.0;0.0
8.3;165.7;0.0;0.0
8.3;165.7;0.0;0.0
8.3;165.7;0.0;0.0
8.3;165.7;0.0;0.0
8.3;165.7;0.0;0.0
8.3;165.7;0.0;0.0
8.3;165.7;0.0;0.0
8.3;165.9;0.0;0.0
8.3;165.9;0.0;0.0
7.5;167.9;1.3;0.0
5.0;168.4;6.1;0.0
4.1;166.8;0.0;0.0
0.0;166.8;0.0;0.0
0.0;166.8;0.0;0.0
