6.6;45.7;11.6;0.0
8.3;54.6;10.2;0.0
7.5;59.3;12.5;0.0
7.5;63.7;9.4;0.0
8.3;68.6;7.0;0.0
8.3;72.2;10.9;0.0
7.5;75.0;8.9;0.0
8.3;64.4;9.4;0.0
7.5;70.4;6.5;0.0
8.3;76.9;19.7;0.0
8.3;79.1;4.3;0.0
5.8;85.0;24.1;0.0
8.3;90.3;23.8;0.0
7.5;94.7;19.0;0.0
6.6;100.5;25.2;0.0
7.5;106.6;19.7;0.0
70.9;122.5;8.4;0.0
38.2;129.4;22.2;0.0
7.5;136.0;11.0;0.0
8.3;139.4;6.2;0.0
7.5;142.1;13.0;0.0
8.3;153.3;28.1;0.0
1.7;155.1;4.0;0.0
0.0;155.1;0.0;0.0
0.0;155.1;0.0;0.0
0.0;155.1;0.0;0.0
0.0;155.1;0.0;0.0
0.0;155.1;0.0;0.0
0.0;155.1;0.0;0.0
0.8;155.3;1.8;0.0
0.0;155.3;0.0;0.0
0.0;155.3;0.0;0.0
0.0;155.3;0.0;0.0
0.0;155.3;0.4;0.0
0.0;155.3;0.0;0.0
0.0;155.3;0.0;0.0
0.0;155.3;0.0;0.0
0.0;155.3;0.0;0.0
0.0;155.3;0.0;0.0
0.0;155.3;0.0;0.0
0.0;155.3;2.2;0.0
0.0;155.3;0.0;0.0
0.0;155.3;0.0;0.0
0.0;155.3;0.0;0.0
5.8;157.7;1.3;0.0
8.3;157.9;0.0;0.0
4.2;158.4;6.1;0.0
8.3;158.6;0.0;0.0
8.3;158.6;0.0;0.0
8.3;158.6;0.0;0.0
8.3;158.6;0.0;0.0
8.3;158.6;0.0;0.0
8.3;158.6;0.0;0.0
8.3;158.6;0.0;0.0
8.3;158.6;0.0;0.0
8.3;158.6;0.0;0.0
8.3;158.6;0.0;0.0
8.3;158.6;0.0;0.0
8.3;158.6;0.0;0.0
8.3;158.6;0.0;0.0
