7.5;46.7;17.3;0.0
7.5;58.2;23.3;0.0
8.3;66.2;15.9;0.0
6.6;67.4;16.6;0.0
7.5;75.3;12.4;0.0
8.3;83.2;21.3;0.0
6.6;87.9;22.8;0.0
7.5;95.6;27.6;0.0
7.5;103.2;30.6;0.0
7.5;110.9;33.2;0.0
54.9;130.3;13.5;0.0
50.7;140.2;29.4;0.0
9.1;142.9;1.0;0.0
6.6;146.9;12.0;0.0
8.3;159.3;34.7;0.0
0.8;160.5;3.5;0.0
0.0;160.5;0.0;0.0
0.0;160.5;0.0;0.0
0.0;160.5;0.0;0.0
0.0;160.5;0.0;0.0
0.0;160.5;0.0;0.0
0.0;160.5;0.0;0.0
0.0;160.6;1.8;0.0
0.0;160.6;0.0;0.0
0.0;160.6;0.0;0.0
0.0;160.6;0.0;0.0
0.0;160.6;0.4;0.0
0.0;160.6;0.0;0.0
0.0;160.6;0.0;0.0
0.0;160.6;0.0;0.0
0.0;160.6;0.0;0.0
0.0;160.6;0.0;0.0
0.0;160.6;0.0;0.0
0.8;160.6;2.1;0.0
0.0;160.6;0.0;0.0
0.0;160.6;0.0;0.0
0.0;160.6;0.0;0.0
5.8;163.0;1.3;0.0
8.3;163.1;0.0;0.0
4.2;163.6;5.9;0.0
8.3;163.6;0.0;0.0
8.3;163.6;0.0;0.0
8.3;163.6;0.0;0.0
8.3;163.6;0.0;0.0
8.3;163.6;0.0;0.0
8.3;163.6;0.0;0.0
8.3;163.6;0.0;0.0
8.3;163.6;0.0;0.0
8.3;163.6;0.0;0.0
8.3;163.6;0.0;0.0
8.3;163.6;0.0;0.0
8.3;163.6;0.0;0.0
8.3;163.6;0.0;0.0
8.3;163.8;0.0;0.0
8.3;163.8;0.0;0.0
8.3;163.8;0.0;0.0
5.0;163.8;1.3;0.0
5.8;164.3;5.6;0.0
2.5;164.7;0.0;0.0
0.0;164.7;0.0;0.0
