7.5;34.6;14.0;0.0
7.5;42.9;12.6;0.0
8.3;52.0;15.8;0.0
7.5;59.1;14.0;0.0
8.3;64.6;8.2;0.0
7.5;70.2;14.8;0.0
6.6;70.3;14.7;0.0
8.3;78.0;9.4;0.0
8.3;83.3;16.8;0.0
7.5;86.0;11.9;0.0
5.8;91.3;21.1;0.0
6.6;96.3;21.8;0.0
9.1;100.8;20.0;0.0
7.5;106.5;23.4;0.0
14.1;125.1;19.9;0.0
94.0;131.8;15.8;0.0
7.5;141.0;23.2;0.0
8.3;143.7;1.8;0.0
7.5;147.0;14.2;0.0
8.3;158.4;30.3;0.0
2.5;160.6;5.0;0.0
0.0;160.6;0.0;0.0
0.0;160.6;0.0;0.0
0.0;160.6;0.0;0.0
0.0;160.6;0.0;0.0
0.0;160.6;0.0;0.0
0.0;160.6;0.0;0.0
0.0;160.8;1.8;0.0
0.0;160.8;0.0;0.0
0.0;160.8;0.0;0.0
0.0;160.8;0.0;0.0
0.0;160.8;0.4;0.0
0.0;160.8;0.0;0.0
0.0;160.8;0.0;0.0
0.0;160.8;0.0;0.0
0.0;160.8;0.0;0.0
0.0;160.8;0.0;0.0
0.0;160.8;0.0;0.0
0.0;160.8;2.6;0.0
0.0;160.8;0.0;0.0
0.0;160.8;0.0;0.0
0.0;160.8;0.0;0.0
3.3;162.7;1.4;0.0
8.3;163.2;0.4;0.0
8.3;163.2;0.0;0.0
8.3;163.2;0.0;0.0
8.3;163.4;0.0;0.0
7.5;163.7;0.4;0.0
5.0;163.8;5.5;0.0
8.3;164.0;0.0;0.0
8.3;164.0;0.0;0.0
8.3;164.0;0.0;0.0
8.3;164.0;0.0;0.0
8.3;164.0;0.0;0.0
8.3;164.0;0.0;0.0
8.3;164.0;0.0;0.0
8.3;164.0;0.0;0.0
8.3;164.0;0.0;0.0
8.3;164.0;0.0;0.0
9.1;164.0;0.0;0.0
