6.6;38.6;17.9;0.0
7.5;50.0;23.3;0.0
8.3;58.0;14.8;0.0
7.5;63.3;16.3;0.0
6.6;66.5;11.3;0.0
9.1;73.3;9.2;0.0
8.3;77.8;16.5;0.0
6.6;81.4;19.3;0.0
7.5;88.1;23.0;0.0
8.3;91.8;16.4;0.0
7.5;95.6;18.6;0.0
7.5;100.4;18.8;0.0
8.3;105.9;17.5;0.0
84.1;127.4;16.8;0.0
23.3;136.2;24.8;0.0
8.3;137.1;0.0;0.0
8.3;138.0;0.2;0.0
8.3;140.8;6.0;0.0
9.1;142.9;6.4;0.0
6.6;148.3;21.7;0.0
7.5;156.5;17.0;0.0
0.0;156.5;0.0;0.0
0.0;156.5;0.0;0.0
0.0;156.5;0.0;0.0
0.0;156.5;0.0;0.0
0.0;156.5;0.0;0.0
0.0;156.5;0.0;0.0
0.0;156.5;0.0;0.0
0.0;156.8;1.7;0.0
0.0;156.8;0.0;0.0
0.0;156.8;0.0;0.0
0.0;156.8;1.0;0.0
0.0;156.8;0.0;0.0
0.0;156.8;0.0;0.0
0.0;156.8;0.0;0.0
0.0;156.8;0.0;0.0
0.0;156.8;0.0;0.0
0.0;156.8;0.0;0.0
0.0;156.8;0.0;0.0
0.0;156.8;0.0;0.0
0.0;156.8;0.0;0.0
0.0;156.8;0.0;0.0
0.8;158.1;2.5;0.0
8.3;159.3;0.4;0.0
7.5;159.7;0.4;0.0
5.0;160.1;5.5;0.0
8.3;160.1;0.0;0.0
8.3;160.1;0.0;0.0
8.3;160.1;0.0;0.0
8.3;160.1;0.0;0.0
8.3;160.1;0.0;0.0
8.3;160.1;0.0;0.0
8.3;160.1;0.0;0.0
8.3;160.1;0.0;0.0
9.1;160.1;0.0;0.0
8.3;160.1;0.0;0.0
8.3;160.1;0.0;0.0
8.3;160.1;0.0;0.0
8.3;160.1;0.0;0.0
8.3;160.1;0.0;0.0
