7.5;40.9;19.0;0.0
6.6;52.7;21.2;0.0
6.6;62.5;16.7;0.0
8.3;70.5;19.4;0.0
8.3;74.3;16.9;0.0
6.6;83.9;22.3;0.0
8.3;87.8;18.2;0.0
6.6;95.7;27.8;0.0
7.5;101.6;27.0;0.0
8.3;107.8;25.4;0.0
8.3;113.4;17.9;0.0
97.3;140.1;22.9;0.0
10.8;148.3;18.3;0.0
9.1;152.1;6.2;0.0
7.5;156.5;18.4;0.0
6.6;167.4;26.6;0.0
0.0;167.4;0.0;0.0
0.0;167.4;0.0;0.0
0.0;167.4;0.0;0.0
0.0;167.4;0.0;0.0
0.0;167.4;0.0;0.0
0.0;167.4;0.0;0.0
0.0;167.4;0.0;0.0
0.0;167.6;1.8;0.0
0.0;167.6;0.0;0.0
0.0;167.6;0.0;0.0
0.0;167.6;0.4;0.0
0.0;167.6;0.0;0.0
0.0;167.6;0.0;0.0
0.0;167.6;0.0;0.0
0.0;167.6;0.0;0.0
0.0;167.6;0.0;0.0
0.0;167.6;0.0;0.0
0.0;167.6;0.0;0.0
0.0;167.6;2.1;0.0
0.0;167.6;0.0;0.0
0.0;167.6;0.0;0.0
1.7;169.9;1.3;0.0
8.3;170.1;0.0;0.0
8.3;170.6;0.0;0.0
4.2;171.0;6.6;0.0
8.3;171.0;0.0;0.0
8.3;171.0;0.0;0.0
8.3;171.0;0.0;0.0
8.3;171.0;0.0;0.0
8.3;171.0;0.0;0.0
8.3;171.0;0.0;0.0
8.3;171.0;0.0;0.0
8.3;171.0;0.0;0.0
8.3;171.0;0.0;0.0
8.3;171.0;0.0;0.0
8.3;171.0;0.0;0.0
9.1;171.0;0.0;0.0
8.3;171.0;0.0;0.0
8.3;171.0;0.0;0.0
8.3;171.0;0.0;0.0
8.3;171.0;0.0;0.0
8.3;171.0;0.0;0.0
8.3;171.0;0.0;0.0
8.3;171.0;0.0;0.0
