9.1;41.3;22.6;0.0
7.5;55.5;24.9;0.0
8.3;65.5;18.5;0.0
6.6;67.7;21.6;0.0
8.3;78.4;15.8;0.0
8.3;84.2;22.1;0.0
6.6;90.7;28.1;0.0
7.5;96.7;23.4;0.0
7.5;103.5;29.6;0.0
7.5;110.9;26.3;0.0
56.6;131.2;8.6;0.0
51.3;141.8;31.4;0.0
8.3;145.9;2.7;0.0
8.3;149.6;8.8;0.0
8.3;156.9;27.3;0.0
3.3;163.4;14.1;0.0
0.0;163.4;0.0;0.0
0.0;163.4;0.0;0.0
0.0;163.4;0.0;0.0
0.0;163.4;0.0;0.0
0.0;163.4;0.0;0.0
0.0;163.4;0.0;0.0
0.0;163.6;1.8;0.0
0.0;163.6;0.0;0.0
0.0;163.6;0.0;0.0
0.0;163.6;0.0;0.0
0.0;163.6;1.1;0.0
0.0;163.6;0.0;0.0
0.0;163.6;0.0;0.0
0.0;163.6;0.0;0.0
0.0;163.6;0.0;0.0
0.0;163.6;0.0;0.0
0.0;163.6;0.0;0.0
0.0;163.6;0.0;0.0
0.0;163.6;0.0;0.0
0.0;163.6;0.0;0.0
0.0;163.6;0.0;0.0
5.8;166.1;2.8;0.0
8.3;166.2;0.0;0.0
5.0;166.7;6.1;0.0
8.3;166.9;0.0;0.0
8.3;166.9;0.0;0.0
8.3;166.9;0.0;0.0
8.3;166.9;0.0;0.0
8.3;166.9;0.0;0.0
8.3;166.9;0.0;0.0
9.1;166.9;0.0;0.0
8.3;166.9;0.0;0.0
8.3;166.9;0.0;0.0
8.3;166.9;0.0;0.0
8.3;166.9;0.0;0.0
7.5;166.9;0.0;0.0
8.3;166.9;0.0;0.0
8.3;166.9;0.0;0.0
8.3;166.9;0.0;0.0
8.3;166.9;0.0;0.0
8.3;167.1;1.3;0.0
5.0;167.7;5.8;0.0
2.5;168.1;0.0;0.0
0.0;168.1;0.0;0.0
