6.6;46.7;19.0;0.0
7.5;55.6;20.7;0.0
7.5;64.1;18.9;0.0
6.6;64.6;15.0;0.0
9.1;73.2;11.5;0.0
8.3;79.9;20.8;0.0
6.6;86.3;27.1;0.0
6.6;93.4;28.8;0.0
7.5;100.5;31.0;0.0
7.5;107.9;26.1;0.0
79.0;129.8;19.8;0.0
30.7;138.9;21.8;0.0
9.2;142.8;6.2;0.0
7.5;148.4;22.3;0.0
5.0;157.9;22.7;0.0
0.0;157.9;0.0;0.0
0.0;157.9;0.0;0.0
0.0;157.9;0.0;0.0
0.0;157.9;0.0;0.0
0.0;157.9;0.0;0.0
0.0;157.9;0.0;0.0
0.0;157.9;0.0;0.0
0.0;158.2;1.8;0.0
0.0;158.2;0.0;0.0
0.0;158.2;0.0;0.0
0.0;158.2;0.4;0.0
0.0;158.2;0.0;0.0
0.0;158.2;0.0;0.0
0.0;158.2;0.0;0.0
0.0;158.2;0.0;0.0
0.0;158.2;0.0;0.0
0.0;158.2;0.0;0.0
0.0;158.2;0.0;0.0
0.0;158.2;2.1;0.0
0.0;158.2;0.0;0.0
0.0;158.2;0.0;0.0
2.5;160.5;1.3;0.0
8.3;160.7;0.0;0.0
6.6;161.1;0.4;0.0
5.0;161.5;5.5;0.0
8.3;161.5;0.0;0.0
8.3;161.5;0.0;0.0
8.3;161.5;0.0;0.0
8.3;161.5;0.0;0.0
8.3;161.5;0.0;0.0
8.3;161.5;0.0;0.0
8.3;161.5;0.0;0.0
8.3;161.5;0.0;0.0
8.3;161.5;0.0;0.0
8.3;161.5;0.0;0.0
8.3;161.5;0.0;0.0
8.3;161.5;0.0;0.0
8.3;161.5;0.0;0.0
8.3;161.5;0.0;0.0
8.3;161.5;0.0;0.0
5.0;161.7;3.1;0.0
7.5;162.2;3.9;0.0
1.7;162.6;0.0;0.0
0.0;162.6;0.0;0.0
0.0;162.6;0.0;0.0
