6.6;38.6;18.8;0.0
7.5;50.0;20.2;0.0
7.5;59.2;17.3;0.0
8.3;67.3;18.2;0.0
7.5;70.2;15.5;0.0
8.3;77.9;8.7;0.0
7.5;84.5;19.8;0.0
7.5;90.5;25.7;0.0
6.6;97.3;28.4;0.0
8.3;104.0;26.2;0.0
6.6;110.7;27.6;0.0
48.3;131.1;12.5;0.0
60.6;137.7;17.5;0.0
7.5;145.7;17.3;0.0
8.3;149.3;6.2;0.0
7.5;152.7;14.4;0.0
8.3;160.8;21.7;0.0
4.2;164.9;9.0;0.0
0.0;164.9;0.0;0.0
0.0;164.9;0.0;0.0
0.0;164.9;0.0;0.0
0.0;164.9;0.0;0.0
0.0;164.9;0.0;0.0
0.0;164.9;0.0;0.0
0.0;165.0;1.7;0.0
0.0;165.0;0.0;0.0
0.0;165.0;0.0;0.0
0.0;165.0;0.0;0.0
0.0;165.0;1.0;0.0
0.0;165.0;0.0;0.0
0.0;165.0;0.0;0.0
0.0;165.0;0.0;0.0
0.0;165.0;0.0;0.0
0.0;165.0;0.0;0.0
0.0;165.0;0.0;0.0
0.0;165.0;0.0;0.0
0.0;165.0;0.0;0.0
0.0;165.0;0.0;0.0
0.0;165.0;0.0;0.0
3.3;167.3;3.1;0.0
8.3;167.3;0.0;0.0
4.2;167.8;6.0;0.0
8.3;168.1;0.2;0.0
8.3;168.1;0.0;0.0
8.3;168.1;0.0;0.0
8.3;168.1;0.0;0.0
8.3;168.1;0.0;0.0
8.3;168.1;0.0;0.0
8.3;168.1;0.0;0.0
8.3;168.1;0.0;0.0
8.3;168.1;0.0;0.0
8.3;168.1;0.0;0.0
8.3;168.1;0.0;0.0
8.3;168.1;0.0;0.0
8.3;168.1;0.0;0.0
8.3;168.1;0.0;0.0
8.3;168.1;0.0;0.0
8.3;168.1;0.0;0.0
4.2;168.9;7.0;0.0
4.2;169.4;0.0;0.0
