6.6;55.9;20.1;0.0
8.3;65.4;21.7;0.0
8.3;73.5;17.5;0.0
5.8;77.4;15.6;0.0
9.1;86.0;11.5;0.0
8.3;92.7;20.2;0.0
7.5;99.1;26.5;0.0
6.6;105.8;29.2;0.0
8.3;113.4;32.0;0.0
6.6;120.7;25.9;0.0
94.0;144.8;27.8;0.0
15.8;152.2;13.8;0.0
8.3;157.2;9.8;0.0
7.5;165.2;29.9;0.0
3.3;171.0;11.6;0.0
0.0;171.0;0.0;0.0
0.0;171.0;0.0;0.0
0.0;171.0;0.0;0.0
0.0;171.0;0.0;0.0
0.0;171.0;0.0;0.0
0.0;171.0;0.0;0.0
0.0;171.4;1.8;0.0
0.0;171.4;0.0;0.0
0.0;171.4;0.0;0.0
0.0;171.4;0.0;0.0
0.0;171.4;0.4;0.0
0.0;171.4;0.0;0.0
0.0;171.4;0.0;0.0
0.0;171.4;0.0;0.0
0.0;171.4;0.0;0.0
0.0;171.4;0.0;0.0
0.0;171.4;0.0;0.0
0.8;171.4;2.0;0.0
0.0;171.4;0.0;0.0
0.0;171.4;0.0;0.0
0.0;171.4;0.0;0.0
4.2;173.9;1.3;0.0
8.3;174.1;0.0;0.0
5.0;174.3;1.9;0.0
7.5;174.7;4.6;0.0
8.3;174.7;0.0;0.0
8.3;174.7;0.0;0.0
8.3;174.7;0.0;0.0
8.3;174.7;0.0;0.0
8.3;174.7;0.0;0.0
8.3;174.7;0.0;0.0
8.3;174.7;0.0;0.0
8.3;174.7;0.0;0.0
8.3;174.7;0.0;0.0
8.3;174.7;0.0;0.0
8.3;174.7;0.0;0.0
8.3;174.7;0.0;0.0
9.1;174.7;0.0;0.0
8.3;174.7;0.0;0.0
8.3;174.7;0.0;0.0
5.8;176.9;1.3;0.0
6.6;177.5;5.7;0.0
2.5;175.9;0.0;0.0
0.0;175.9;0.0;0.0
0.0;175.9;0.0;0.0
