6.6;40.8;13.6;0.0
7.5;50.7;14.3;0.0
9.1;57.6;17.1;0.0
7.5;63.8;8.4;0.0
7.5;69.6;16.5;0.0
7.5;70.1;15.9;0.0
7.5;78.8;10.4;0.0
8.3;84.4;19.1;0.0
7.5;90.9;28.1;0.0
6.6;96.8;25.0;0.0
7.5;104.0;30.2;0.0
7.5;111.9;28.9;0.0
70.7;135.7;18.4;0.0
38.2;144.9;23.2;0.0
8.3;148.8;6.2;0.0
7.5;153.8;20.1;0.0
5.8;164.4;24.9;0.0
0.0;164.4;0.0;0.0
0.0;164.4;0.0;0.0
0.0;164.4;0.0;0.0
0.0;164.4;0.0;0.0
0.0;164.4;0.0;0.0
0.0;164.4;0.0;0.0
0.0;164.4;0.0;0.0
0.0;164.6;1.9;0.0
0.0;164.6;0.0;0.0
0.0;164.6;0.0;0.0
0.0;164.6;0.4;0.0
0.0;164.6;0.0;0.0
0.0;164.6;0.0;0.0
0.0;164.6;0.0;0.0
0.0;164.6;0.0;0.0
0.0;164.6;0.0;0.0
0.0;164.6;0.0;0.0
0.0;164.6;0.0;0.0
0.0;164.6;0.0;0.0
0.0;164.6;2.6;0.0
0.0;164.6;0.0;0.0
0.0;164.6;0.0;0.0
1.7;166.8;1.5;0.0
8.3;167.0;0.0;0.0
6.6;167.4;0.4;0.0
6.6;167.7;5.9;0.0
8.3;167.7;0.0;0.0
8.3;167.7;0.0;0.0
8.3;167.7;0.0;0.0
8.3;167.7;0.0;0.0
8.3;167.7;0.0;0.0
8.3;167.7;0.0;0.0
8.3;167.7;0.0;0.0
8.3;167.7;0.0;0.0
8.3;167.7;0.0;0.0
8.3;167.7;0.0;0.0
7.5;167.7;0.0;0.0
8.3;167.7;0.0;0.0
8.3;167.7;0.0;0.0
8.3;167.8;0.0;0.0
8.3;167.8;0.0;0.0
8.3;167.8;0.0;0.0
5.8;167.8;3.1;0.0
