10.0;46.9;19.4;0.0
6.6;58.8;22.0;0.0
7.5;69.0;16.7;0.0
8.3;77.1;23.0;0.0
7.5;80.1;14.6;0.0
8.3;88.8;22.7;0.0
6.6;95.6;29.0;0.0
7.5;103.2;31.6;0.0
6.6;110.6;33.8;0.0
25.8;137.6;28.7;0.0
81.5;148.2;32.1;0.0
8.3;152.4;3.0;0.0
7.5;157.7;20.4;0.0
5.8;169.3;28.4;0.0
0.0;169.3;0.0;0.0
0.0;169.3;0.0;0.0
0.0;169.3;0.0;0.0
0.0;169.3;0.0;0.0
0.0;169.3;0.0;0.0
0.0;169.3;0.0;0.0
0.0;169.3;0.0;0.0
0.0;169.4;1.8;0.0
0.0;169.4;0.0;0.0
0.0;169.4;0.0;0.0
0.0;169.4;1.0;0.0
0.0;169.4;0.0;0.0
0.0;169.4;0.0;0.0
0.0;169.4;0.0;0.0
0.0;169.4;0.0;0.0
0.0;169.4;0.0;0.0
0.0;169.4;0.0;0.0
0.0;169.4;0.0;0.0
0.0;169.4;0.0;0.0
0.0;169.4;0.0;0.0
0.0;169.4;0.0;0.0
0.8;170.2;2.8;0.0
8.3;171.7;0.4;0.0
8.3;171.7;0.0;0.0
8.3;171.9;0.0;0.0
5.8;172.2;0.4;0.0
6.6;172.5;5.8;0.0
8.3;172.5;0.0;0.0
8.3;172.5;0.0;0.0
8.3;172.5;0.0;0.0
8.3;172.5;0.0;0.0
8.3;172.5;0.0;0.0
8.3;172.5;0.0;0.0
8.3;172.5;0.0;0.0
8.3;172.5;0.0;0.0
8.3;172.5;0.0;0.0
8.3;172.5;0.0;0.0
8.3;172.5;0.0;0.0
8.3;172.5;0.0;0.0
8.3;172.5;0.0;0.0
8.3;172.5;0.0;0.0
8.3;172.5;0.0;0.0
8.3;172.5;0.0;0.0
8.3;172.5;0.0;0.0
8.3;172.5;0.0;0.0
8.3;172.5;0.0;0.0
