12.5;37.5;21.0;0.0
7.5;50.8;22.7;0.0
8.3;59.4;13.4;0.0
7.5;66.4;20.8;0.0
7.5;69.4;15.2;0.0
8.3;77.9;20.5;0.0
7.5;82.0;13.1;0.0
5.8;90.2;32.1;0.0
8.3;96.1;25.0;0.0
7.5;103.1;31.4;0.0
29.1;122.4;22.0;0.0
79.8;132.9;30.5;0.0
8.3;138.4;5.4;0.0
8.3;143.1;9.6;0.0
7.5;152.4;32.1;0.0
4.1;156.9;9.4;0.0
0.0;156.9;0.0;0.0
0.0;156.9;0.0;0.0
0.0;156.9;0.0;0.0
0.0;156.9;0.0;0.0
0.0;156.9;0.0;0.0
0.0;156.9;0.0;0.0
0.0;157.0;1.8;0.0
0.0;157.0;0.0;0.0
0.0;157.0;0.0;0.0
0.0;157.0;0.0;0.0
0.0;157.0;1.0;0.0
0.0;157.0;0.0;0.0
0.0;157.0;0.0;0.0
0.0;157.0;0.0;0.0
0.0;157.0;0.0;0.0
0.0;157.0;0.0;0.0
0.0;157.0;0.0;0.0
0.0;157.0;0.0;0.0
0.0;157.0;0.0;0.0
0.0;157.0;0.0;0.0
0.0;157.0;0.0;0.0
5.0;159.2;2.8;0.0
8.3;159.4;0.0;0.0
4.2;159.8;6.0;0.0
8.3;160.0;0.0;0.0
8.3;160.0;0.0;0.0
9.1;160.0;0.0;0.0
8.3;160.0;0.0;0.0
8.3;160.0;0.0;0.0
8.3;160.0;0.0;0.0
8.3;160.0;0.0;0.0
8.3;160.0;0.0;0.0
8.3;160.0;0.0;0.0
8.3;160.0;0.0;0.0
8.3;160.0;0.0;0.0
8.3;160.0;0.0;0.0
8.3;160.0;0.0;0.0
8.3;160.0;0.0;0.0
8.3;160.0;0.0;0.0
8.3;160.0;0.0;0.0
8.3;160.2;1.3;0.0
5.0;160.8;5.6;0.0
4.2;161.3;0.0;0.0
0.0;161.3;0.0;0.0
