10.8;52.9;28.6;0.0
8.3;67.0;27.5;0.0
6.6;67.5;28.3;0.0
7.5;78.0;19.2;0.0
9.1;84.7;27.0;0.0
5.8;95.0;37.8;0.0
8.3;104.1;39.4;0.0
39.9;125.8;30.3;0.0
68.9;136.9;30.2;0.0
8.3;142.6;9.8;0.0
8.3;156.5;41.2;0.0
0.0;156.5;0.3;0.0
0.0;156.5;0.0;0.0
0.0;156.5;0.0;0.0
0.0;156.5;0.0;0.0
0.0;156.5;0.0;0.0
0.0;156.5;0.0;0.0
0.0;156.5;0.0;0.0
0.0;156.7;1.8;0.0
0.0;156.7;0.0;0.0
0.0;156.7;0.0;0.0
0.0;156.7;0.0;0.0
0.0;156.7;0.4;0.0
0.0;156.7;0.0;0.0
0.0;156.7;0.0;0.0
0.0;156.7;0.0;0.0
0.0;156.7;0.0;0.0
0.0;156.7;0.0;0.0
0.0;156.7;0.0;0.0
0.0;156.7;2.2;0.0
0.0;156.7;0.0;0.0
0.0;156.7;0.0;0.0
0.8;158.1;1.0;0.0
8.3;159.0;0.4;0.0
8.3;159.2;0.0;0.0
5.0;159.7;6.1;0.0
8.3;159.7;0.0;0.0
8.3;159.7;0.0;0.0
8.3;159.7;0.0;0.0
8.3;159.7;0.0;0.0
8.3;159.7;0.0;0.0
8.3;159.7;0.0;0.0
8.3;159.7;0.0;0.0
8.3;159.7;0.0;0.0
8.3;159.7;0.0;0.0
9.2;159.9;0.0;0.0
8.3;159.9;0.0;0.0
8.3;159.9;0.0;0.0
8.3;159.9;0.0;0.0
5.8;160.4;7.1;0.0
5.8;160.9;0.0;0.0
0.0;160.9;0.0;0.0
0.0;160.9;0.0;0.0
0.0;160.9;0.0;0.0
0.0;160.9;0.0;0.0
0.0;160.9;0.0;0.0
0.0;160.9;1.8;0.0
0.0;160.9;0.0;0.0
0.0;160.9;0.0;0.0
0.0;160.9;0.0;0.0
