6.6;38.9;16.8;0.0
7.5;49.3;14.1;0.0
7.5;58.5;20.5;0.0
8.3;64.7;9.4;0.0
8.3;70.9;16.0;0.0
6.6;76.1;16.2;0.0
8.3;81.9;5.7;0.0
7.5;89.6;21.1;0.0
9.1;91.5;6.5;0.0
5.8;97.7;25.3;0.0
7.5;102.5;20.6;0.0
7.5;107.5;22.6;0.0
8.3;113.1;22.9;0.0
10.8;132.3;18.1;0.0
98.8;142.0;16.3;0.0
8.3;151.3;24.8;0.0
8.3;153.6;1.0;0.0
8.3;157.5;11.6;0.0
7.5;166.2;28.3;0.0
4.1;170.9;10.4;0.0
0.0;170.9;0.0;0.0
0.0;170.9;0.0;0.0
0.0;170.9;0.0;0.0
0.0;170.9;0.0;0.0
0.0;170.9;0.0;0.0
0.0;170.9;0.0;0.0
0.0;171.3;1.6;0.0
0.0;171.3;0.0;0.0
0.0;171.3;0.0;0.0
0.0;171.3;0.0;0.0
0.0;171.3;1.1;0.0
0.0;171.3;0.0;0.0
0.0;171.3;0.0;0.0
0.0;171.3;0.0;0.0
0.0;171.3;0.0;0.0
0.0;171.3;0.0;0.0
0.0;171.3;0.0;0.0
0.0;171.3;0.0;0.0
0.0;171.3;0.0;0.0
0.0;171.3;0.0;0.0
0.0;171.3;0.0;0.0
3.3;173.7;3.2;0.0
8.3;173.7;0.0;0.0
8.3;173.9;0.0;0.0
5.8;174.1;2.2;0.0
6.6;174.5;3.8;0.0
8.3;174.5;0.0;0.0
8.3;174.5;0.0;0.0
8.3;174.5;0.0;0.0
8.3;174.5;0.0;0.0
8.3;174.5;0.0;0.0
8.3;174.5;0.0;0.0
8.3;174.5;0.0;0.0
8.3;174.5;0.0;0.0
8.3;174.5;0.0;0.0
8.3;174.5;0.0;0.0
8.3;174.5;0.0;0.0
8.3;174.5;0.0;0.0
8.3;174.5;0.0;0.0
8.3;174.5;0.0;0.0
