9.1;43.7;21.0;0.0
7.5;57.0;22.7;0.0
8.3;66.0;14.2;0.0
6.6;73.0;22.0;0.0
7.5;70.6;14.2;0.0
8.3;78.9;21.7;0.0
7.5;82.6;18.4;0.0
5.8;90.5;26.8;0.0
8.3;96.4;26.8;0.0
7.5;106.2;36.4;0.0
51.6;122.9;21.3;0.0
58.2;132.7;27.4;0.0
9.2;136.2;3.2;0.0
6.6;140.7;18.2;0.0
7.5;152.3;29.8;0.0
0.0;152.3;0.0;0.0
0.0;152.3;0.0;0.0
0.0;152.3;0.0;0.0
0.0;152.3;0.0;0.0
0.0;152.3;0.0;0.0
0.0;152.3;0.0;0.0
0.0;152.3;0.0;0.0
0.8;152.6;1.8;0.0
0.0;152.6;0.0;0.0
0.0;152.6;0.0;0.0
0.0;152.6;0.0;0.0
0.0;152.6;1.1;0.0
0.0;152.6;0.0;0.0
0.0;152.6;0.0;0.0
0.0;152.6;0.0;0.0
0.0;152.6;0.0;0.0
0.0;152.6;0.0;0.0
0.0;152.6;0.0;0.0
0.0;152.6;0.0;0.0
0.0;152.6;0.0;0.0
0.0;152.6;0.0;0.0
0.0;152.8;2.5;0.0
7.5;155.1;0.4;0.0
9.2;155.5;0.3;0.0
4.2;155.9;5.8;0.0
8.3;155.9;0.0;0.0
8.3;155.9;0.0;0.0
8.3;155.9;0.0;0.0
8.3;155.9;0.0;0.0
8.3;155.9;0.0;0.0
8.3;155.9;0.0;0.0
8.3;155.9;0.0;0.0
8.3;155.9;0.0;0.0
8.3;155.9;0.0;0.0
8.3;155.9;0.0;0.0
8.3;155.9;0.0;0.0
8.3;156.0;0.0;0.0
8.3;156.0;0.0;0.0
8.3;156.0;0.0;0.0
8.3;156.0;0.0;0.0
5.0;156.2;7.0;0.0
8.3;156.5;0.0;0.0
1.7;156.9;0.0;0.0
0.0;156.9;0.0;0.0
0.0;156.9;0.0;0.0
