13.3;45.3;33.8;0.0
7.5;58.6;26.8;0.0
6.6;68.0;22.4;0.0
8.3;77.3;24.6;0.0
5.8;86.5;37.7;0.0
6.6;97.1;46.4;0.0
15.8;111.6;34.9;0.0
93.0;125.5;34.8;0.0
8.3;131.8;9.8;0.0
5.8;145.6;41.4;0.0
0.0;145.6;0.0;0.0
0.0;145.6;0.0;0.0
0.0;145.6;0.0;0.0
0.0;145.6;0.0;0.0
0.0;145.6;0.0;0.0
0.0;145.6;0.0;0.0
0.0;145.6;0.0;0.0
0.0;145.6;1.7;0.0
0.0;145.6;0.0;0.0
0.0;145.6;0.0;0.0
0.0;145.6;0.4;0.0
0.0;145.6;0.0;0.0
0.0;145.6;0.0;0.0
0.0;145.6;0.0;0.0
0.0;145.6;0.0;0.0
0.0;145.6;0.0;0.0
0.0;145.6;0.0;0.0
0.0;145.6;0.0;0.0
0.0;145.6;0.0;0.0
0.0;145.6;0.0;0.0
0.0;145.6;0.0;0.0
0.0;145.6;0.0;0.0
0.0;145.6;0.0;0.0
0.0;145.7;0.8;0.0
0.0;145.7;0.0;0.0
0.0;145.7;0.0;0.0
0.0;145.7;0.0;0.0
0.0;145.7;0.0;0.0
0.0;145.7;0.0;0.0
0.0;145.7;0.0;0.0
0.0;145.7;0.0;0.0
0.0;145.7;0.0;0.0
0.0;145.7;0.0;0.0
0.0;145.7;0.0;0.0
0.0;145.7;2.4;0.0
0.0;145.7;0.0;0.0
0.0;145.7;0.0;0.0
0.0;145.7;0.0;0.0
5.0;147.9;0.9;0.0
8.3;148.1;0.0;0.0
5.0;148.7;6.4;0.0
8.3;148.7;0.0;0.0
8.3;148.7;0.0;0.0
9.1;148.7;0.0;0.0
8.3;148.7;0.0;0.0
7.5;148.7;0.0;0.0
8.3;148.7;0.0;0.0
8.3;148.7;0.0;0.0
8.3;148.7;0.0;0.0
9.1;148.7;0.0;0.0
