7.5;54.6;34.4;0.0
7.5;66.1;24.1;0.0
7.5;72.0;21.9;0.0
5.8;80.6;29.8;0.0
6.6;91.7;45.1;0.0
7.5;101.3;41.5;0.0
44.1;123.8;41.7;0.0
65.6;133.5;18.5;0.0
6.6;143.4;33.9;0.0
3.3;151.2;16.8;0.0
0.0;151.2;0.0;0.0
0.0;151.2;0.0;0.0
0.0;151.2;0.0;0.0
0.0;151.2;0.0;0.0
0.0;151.2;0.0;0.0
0.0;151.2;0.0;0.0
0.0;151.6;1.8;0.0
0.0;151.6;0.0;0.0
0.0;151.6;0.0;0.0
0.0;151.6;0.0;0.0
0.0;151.6;1.0;0.0
0.0;151.6;0.0;0.0
0.0;151.6;0.0;0.0
0.0;151.6;0.0;0.0
0.0;151.6;0.0;0.0
0.0;151.6;0.0;0.0
0.0;151.6;0.0;0.0
0.0;151.6;0.0;0.0
0.0;151.6;0.0;0.0
0.0;151.6;0.0;0.0
0.0;151.6;0.0;0.0
3.3;154.0;3.1;0.0
9.1;154.2;0.0;0.0
4.1;154.6;6.1;0.0
8.3;154.8;0.0;0.0
8.3;154.8;0.0;0.0
8.3;154.8;0.0;0.0
8.3;154.8;0.0;0.0
8.3;154.8;0.0;0.0
8.3;154.8;0.0;0.0
8.3;154.8;0.0;0.0
8.3;154.8;0.0;0.0
8.3;154.8;0.0;0.0
8.3;154.8;0.0;0.0
8.3;154.8;0.0;0.0
4.1;155.6;7.0;0.0
3.3;156.0;0.0;0.0
0.0;156.0;0.0;0.0
0.0;156.0;0.0;0.0
0.0;156.0;0.0;0.0
0.0;156.0;0.0;0.0
0.0;156.0;0.0;0.0
0.0;156.0;1.8;0.0
0.0;156.0;0.0;0.0
0.0;156.0;0.0;0.0
0.0;156.0;0.0;0.0
0.0;156.0;0.4;0.0
0.0;156.0;0.0;0.0
0.0;156.0;0.0;0.0
0.0;156.0;0.0;0.0
