6.6;50.3;35.7;0.0
8.3;64.1;27.5;0.0
6.6;71.5;23.2;0.0
7.5;81.8;25.0;0.0
6.6;91.3;40.7;0.0
7.5;101.5;42.6;0.0
17.5;121.1;36.5;0.0
91.4;134.6;34.0;0.0
7.5;140.6;17.8;0.0
5.0;154.0;33.5;0.0
0.0;154.0;0.0;0.0
0.0;154.0;0.0;0.0
0.0;154.0;0.0;0.0
0.0;154.0;0.0;0.0
0.0;154.0;0.0;0.0
0.0;154.0;0.0;0.0
0.8;154.2;1.8;0.0
0.0;154.2;0.0;0.0
0.0;154.2;0.0;0.0
0.0;154.2;0.0;0.0
0.0;154.2;0.4;0.0
0.0;154.2;0.0;0.0
0.0;154.2;0.0;0.0
0.0;154.2;0.0;0.0
0.0;154.2;0.0;0.0
0.0;154.2;0.0;0.0
0.0;154.2;0.0;0.0
0.0;154.2;0.0;0.0
0.0;154.2;2.1;0.0
0.0;154.2;0.0;0.0
0.0;154.2;0.0;0.0
0.8;155.6;0.9;0.0
8.3;156.8;0.4;0.0
5.8;157.1;1.9;0.0
6.6;157.5;4.3;0.0
8.3;157.5;0.0;0.0
8.3;157.5;0.0;0.0
8.3;157.5;0.0;0.0
8.3;157.5;0.0;0.0
8.3;157.5;0.0;0.0
8.3;157.5;0.0;0.0
8.3;157.5;0.0;0.0
8.3;157.5;0.0;0.0
8.3;157.5;0.0;0.0
8.3;157.5;0.0;0.0
8.3;157.7;1.2;0.0
5.0;158.3;5.9;0.0
0.8;158.8;0.0;0.0
0.0;158.8;0.0;0.0
0.0;158.8;0.0;0.0
0.0;158.8;0.0;0.0
0.0;158.8;0.0;0.0
0.0;158.8;0.0;0.0
0.0;158.8;1.7;0.0
0.0;158.8;0.0;0.0
0.0;158.8;0.0;0.0
0.0;158.8;0.0;0.0
0.0;158.8;0.4;0.0
0.0;158.8;0.0;0.0
0.0;158.8;0.0;0.0
