16.6;46.3;32.6;0.0
8.3;60.6;27.9;0.0
6.6;68.7;23.3;0.0
6.6;81.8;27.3;0.0
6.6;89.9;35.3;0.0
6.6;99.2;41.4;0.0
7.5;109.8;36.9;0.0
93.2;139.8;41.6;0.0
17.5;146.2;9.8;0.0
5.0;160.1;41.4;0.0
0.0;160.1;0.0;0.0
0.0;160.1;0.0;0.0
0.0;160.1;0.0;0.0
0.0;160.1;0.0;0.0
0.0;160.1;0.0;0.0
0.0;160.1;0.0;0.0
0.0;160.1;0.0;0.0
0.0;160.1;1.8;0.0
0.0;160.1;0.0;0.0
0.0;160.1;0.0;0.0
0.0;160.1;0.4;0.0
0.0;160.1;0.0;0.0
0.0;160.1;0.0;0.0
0.0;160.1;0.0;0.0
0.0;160.1;0.0;0.0
0.0;160.1;0.0;0.0
0.0;160.1;0.0;0.0
0.0;160.1;0.0;0.0
0.0;160.1;0.0;0.0
0.0;160.1;0.0;0.0
0.0;160.1;0.0;0.0
0.0;160.1;2.0;0.0
0.0;160.1;0.0;0.0
0.0;160.1;0.0;0.0
0.0;160.1;0.0;0.0
5.0;162.5;1.7;0.0
8.3;162.9;0.0;0.0
3.3;163.2;6.0;0.0
8.3;163.2;0.0;0.0
8.3;163.2;0.0;0.0
8.3;163.2;0.0;0.0
9.2;163.2;0.0;0.0
8.3;163.2;0.0;0.0
8.3;163.2;0.0;0.0
7.5;163.2;0.0;0.0
9.1;163.3;0.0;0.0
8.3;163.3;0.0;0.0
8.3;163.3;0.0;0.0
8.3;163.3;0.0;0.0
7.5;163.6;1.3;0.0
5.8;164.1;6.0;0.0
0.0;164.6;0.0;0.0
0.0;164.6;0.0;0.0
0.0;164.6;0.0;0.0
0.0;164.6;0.0;0.0
0.0;164.6;0.0;0.0
0.0;164.6;0.0;0.0
0.0;164.6;1.8;0.0
0.0;164.6;0.0;0.0
0.0;164.6;0.0;0.0
