7.5;57.0;35.1;0.0
6.6;68.5;24.4;0.0
7.5;73.4;23.2;0.0
7.5;81.1;28.5;0.0
5.8;91.3;40.7;0.0
7.5;101.0;41.1;0.0
34.9;121.8;35.3;0.0
73.1;133.2;28.3;0.0
8.3;140.8;23.6;0.0
4.1;151.9;27.6;0.0
0.0;151.9;0.0;0.0
0.0;151.9;0.0;0.0
0.0;151.9;0.0;0.0
0.0;151.9;0.0;0.0
0.0;151.9;0.0;0.0
0.0;151.9;0.0;0.0
0.0;152.1;1.7;0.0
0.0;152.1;0.0;0.0
0.0;152.1;0.0;0.0
0.0;152.1;0.0;0.0
0.0;152.1;0.4;0.0
0.0;152.1;0.6;0.0
0.0;152.1;0.0;0.0
0.0;152.1;0.0;0.0
0.0;152.1;0.0;0.0
0.0;152.1;0.0;0.0
0.0;152.1;0.0;0.0
0.0;152.1;0.0;0.0
0.0;152.1;0.0;0.0
0.0;152.1;0.0;0.0
0.0;152.1;0.0;0.0
0.0;152.1;0.0;0.0
3.3;154.4;2.8;0.0
8.3;154.6;0.0;0.0
5.0;155.1;6.0;0.0
8.3;155.3;0.0;0.0
8.3;155.3;0.0;0.0
8.3;155.3;0.0;0.0
8.3;155.3;0.0;0.0
8.3;155.3;0.0;0.0
8.3;155.3;0.0;0.0
8.3;155.3;0.0;0.0
8.3;155.3;0.0;0.0
8.3;155.3;0.0;0.0
8.3;155.3;0.0;0.0
8.3;155.3;0.0;0.0
7.5;155.5;1.3;0.0
5.0;156.1;5.5;0.0
1.7;156.6;0.0;0.0
0.0;156.6;0.0;0.0
0.0;156.6;0.0;0.0
0.0;156.6;0.0;0.0
0.0;156.6;0.0;0.0
0.0;156.6;0.0;0.0
0.0;156.6;1.7;0.0
0.0;156.6;0.0;0.0
0.0;156.6;0.0;0.0
0.0;156.6;0.0;0.0
0.0;156.6;1.0;0.0
0.0;156.6;0.0;0.0
