6.7;55.8;36.2;0.0
7.5;68.2;26.7;0.0
7.5;75.8;24.2;0.0
7.5;84.4;35.4;0.0
6.6;96.1;44.0;0.0
6.6;109.7;52.9;0.0
75.7;132.4;39.9;0.0
34.9;139.9;11.3;0.0
6.6;154.0;41.5;0.0
0.0;154.0;0.1;0.0
0.0;154.0;0.0;0.0
0.0;154.0;0.0;0.0
0.0;154.0;0.0;0.0
0.0;154.0;0.0;0.0
0.0;154.0;0.0;0.0
0.0;154.0;0.0;0.0
0.0;154.2;1.7;0.0
0.0;154.2;0.0;0.0
0.0;154.2;0.0;0.0
0.0;154.2;0.0;0.0
0.0;154.2;0.4;0.0
0.0;154.2;0.0;0.0
0.0;154.2;0.0;0.0
0.0;154.2;0.0;0.0
0.0;154.2;0.0;0.0
0.0;154.2;0.0;0.0
0.0;154.2;0.0;0.0
0.0;154.2;0.0;0.0
0.0;154.2;0.0;0.0
0.0;154.2;0.0;0.0
0.8;154.2;2.1;0.0
0.0;154.2;0.0;0.0
0.0;154.2;0.0;0.0
0.0;154.2;0.0;0.0
4.1;156.8;1.3;0.0
8.3;157.0;0.0;0.0
4.1;157.6;6.0;0.0
8.3;157.6;0.0;0.0
8.3;157.6;0.0;0.0
8.3;157.6;0.0;0.0
8.3;157.6;0.0;0.0
8.3;157.6;0.0;0.0
8.3;157.6;0.0;0.0
8.3;157.6;0.0;0.0
9.1;157.6;0.0;0.0
8.3;157.6;0.0;0.0
8.3;157.6;0.0;0.0
8.3;157.6;0.0;0.0
3.3;158.3;7.6;0.0
2.5;158.7;0.0;0.0
0.0;158.7;0.0;0.0
0.0;158.7;0.0;0.0
0.0;158.7;0.0;0.0
0.0;158.7;0.0;0.0
0.0;158.7;0.0;0.0
0.0;158.7;1.8;0.0
0.0;158.7;0.0;0.0
0.0;158.7;0.0;0.0
0.0;158.7;0.0;0.0
0.0;158.7;0.4;0.0
