15.8;45.8;30.5;0.0
7.5;61.0;31.4;0.0
7.5;67.9;22.8;0.0
7.5;80.3;26.9;0.0
6.6;88.3;35.3;0.0
6.6;98.1;43.6;0.0
7.5;113.8;35.1;0.0
99.0;132.8;41.2;0.0
10.0;139.1;9.8;0.0
6.6;152.8;41.4;0.0
0.0;152.8;0.0;0.0
0.0;152.8;0.0;0.0
0.0;152.8;0.0;0.0
0.0;152.8;0.0;0.0
0.0;152.8;0.0;0.0
0.0;152.8;0.0;0.0
0.0;152.8;0.0;0.0
0.0;153.1;1.8;0.0
0.0;153.1;0.0;0.0
0.0;153.1;0.0;0.0
0.0;153.1;0.4;0.0
0.0;153.1;0.0;0.0
0.0;153.1;0.0;0.0
0.0;153.1;0.0;0.0
0.0;153.1;0.0;0.0
0.0;153.1;0.0;0.0
0.0;153.1;0.0;0.0
0.0;153.1;0.0;0.0
0.0;153.1;2.2;0.0
0.0;153.1;0.0;0.0
0.0;153.1;0.0;0.0
0.0;153.1;0.0;0.0
0.0;153.1;0.0;0.0
0.0;153.1;0.0;0.0
0.0;153.1;0.0;0.0
5.0;155.6;1.3;0.0
8.3;155.8;0.0;0.0
3.3;156.4;6.3;0.0
8.3;156.4;0.0;0.0
7.5;156.4;0.0;0.0
8.3;156.4;0.0;0.0
8.3;156.4;0.0;0.0
8.3;156.5;0.0;0.0
8.3;156.5;0.0;0.0
9.1;156.5;0.0;0.0
8.3;156.5;0.0;0.0
8.3;156.5;0.0;0.0
8.3;156.5;0.0;0.0
8.3;156.5;0.0;0.0
6.6;156.5;1.3;0.0
5.8;157.5;5.6;0.0
0.0;157.5;0.0;0.0
0.0;157.5;0.0;0.0
0.0;157.5;0.0;0.0
0.0;157.5;0.0;0.0
0.0;157.5;0.0;0.0
0.0;157.5;0.0;0.0
0.0;157.5;1.8;0.0
0.0;157.5;0.0;0.0
0.0;157.5;0.0;0.0
