7.5;51.8;34.9;0.0
7.5;64.3;25.8;0.0
6.6;72.3;24.1;0.0
7.5;80.2;29.7;0.0
6.6;91.1;43.1;0.0
7.5;100.6;40.8;0.0
44.9;122.3;39.1;0.0
64.8;132.3;21.4;0.0
7.5;141.5;30.7;0.0
3.3;150.5;20.3;0.0
0.0;150.5;0.0;0.0
0.0;150.5;0.0;0.0
0.0;150.5;0.0;0.0
0.0;150.5;0.0;0.0
0.0;150.5;0.0;0.0
0.0;150.5;0.0;0.0
0.0;150.9;1.8;0.0
0.0;150.9;0.0;0.0
0.0;150.9;0.0;0.0
0.0;150.9;0.0;0.0
0.0;150.9;0.4;0.0
0.0;150.9;0.0;0.0
0.0;150.9;0.0;0.0
0.0;150.9;0.0;0.0
0.0;150.9;0.0;0.0
0.0;150.9;0.0;0.0
0.0;150.9;0.0;0.0
0.0;150.9;2.2;0.0
0.0;150.9;0.0;0.0
0.0;150.9;0.0;0.0
0.0;150.9;0.0;0.0
5.0;153.3;1.4;0.0
8.3;153.5;0.0;0.0
3.3;154.0;6.4;0.0
8.3;154.2;0.0;0.0
7.5;154.2;0.0;0.0
8.3;154.2;0.0;0.0
9.1;154.2;0.0;0.0
9.1;154.2;0.0;0.0
8.3;154.2;0.0;0.0
8.3;154.2;0.0;0.0
8.3;154.2;0.0;0.0
8.3;154.2;0.0;0.0
8.3;154.2;0.0;0.0
8.3;154.2;0.0;0.0
4.2;154.4;5.0;0.0
5.0;155.3;2.1;0.0
0.0;155.3;0.0;0.0
0.0;155.3;0.0;0.0
0.0;155.3;0.0;0.0
0.0;155.3;0.0;0.0
0.0;155.3;0.0;0.0
0.8;155.3;1.7;0.0
0.0;155.3;0.0;0.0
0.0;155.3;0.0;0.0
0.0;155.3;0.0;0.0
0.0;155.3;0.4;0.0
0.0;155.3;0.0;0.0
0.0;155.3;0.0;0.0
0.0;155.3;0.0;0.0
