6.6;59.8;34.8;0.0
7.5;72.4;26.3;0.0
7.5;76.4;21.8;0.0
7.5;84.8;30.8;0.0
6.6;95.5;43.1;0.0
7.5;104.3;37.3;0.0
34.1;130.7;40.6;0.0
68.2;140.3;23.2;0.0
7.5;147.6;22.2;0.0
5.0;159.3;29.0;0.0
0.0;159.3;0.0;0.0
0.0;159.3;0.0;0.0
0.0;159.3;0.0;0.0
0.0;159.3;0.0;0.0
0.0;159.3;0.0;0.0
0.0;159.3;0.0;0.0
0.0;159.3;1.1;0.0
0.0;159.7;0.6;0.0
0.0;159.7;0.0;0.0
0.0;159.7;0.0;0.0
0.0;159.7;0.4;0.0
0.0;159.7;0.0;0.0
0.0;159.7;0.0;0.0
0.0;159.7;0.0;0.0
0.0;159.7;0.0;0.0
0.0;159.7;0.0;0.0
0.0;159.7;0.0;0.0
0.0;159.7;0.0;0.0
0.0;159.7;2.2;0.0
0.0;159.7;0.0;0.0
0.0;159.7;0.0;0.0
1.7;161.9;1.3;0.0
8.3;162.4;0.0;0.0
4.2;162.8;6.3;0.0
8.3;162.9;0.0;0.0
9.2;162.9;0.0;0.0
7.5;162.9;0.0;0.0
8.3;162.9;0.0;0.0
8.3;163.1;0.0;0.0
8.3;163.1;0.0;0.0
9.1;163.1;0.0;0.0
8.3;163.1;0.0;0.0
8.3;163.1;0.0;0.0
8.3;163.1;0.0;0.0
8.3;163.1;0.0;0.0
5.8;163.3;3.1;0.0
5.8;164.3;4.0;0.0
0.0;164.3;0.0;0.0
0.0;164.3;0.0;0.0
0.0;164.3;0.0;0.0
0.0;164.3;0.0;0.0
0.0;164.3;0.0;0.0
0.0;164.3;1.5;0.0
0.0;164.3;0.2;0.0
0.0;164.3;0.0;0.0
0.0;164.3;0.0;0.0
0.0;164.3;0.4;0.0
0.0;164.3;0.0;0.0
0.0;164.3;0.0;0.0
0.0;164.3;0.0;0.0
