7.5;61.3;34.0;0.0
7.5;70.0;27.1;0.0
7.5;83.8;28.3;0.0
7.5;91.4;29.6;0.0
6.6;101.3;38.4;0.0
6.6;113.1;47.4;0.0
61.6;131.1;33.9;0.0
47.4;140.7;16.1;0.0
7.5;155.3;44.5;0.0
1.7;157.1;3.9;0.0
0.0;157.1;0.0;0.0
0.0;157.1;0.0;0.0
0.0;157.1;0.0;0.0
0.0;157.1;0.0;0.0
0.0;157.1;0.0;0.0
0.0;157.1;0.0;0.0
0.8;157.3;1.8;0.0
0.0;157.3;0.0;0.0
0.0;157.3;0.0;0.0
0.0;157.3;0.0;0.0
0.0;157.3;0.4;0.0
0.0;157.3;0.0;0.0
0.0;157.3;0.0;0.0
0.0;157.3;0.0;0.0
0.0;157.3;0.0;0.0
0.0;157.3;0.0;0.0
0.0;157.3;0.0;0.0
0.0;157.3;1.9;0.0
0.0;157.3;0.0;0.0
0.0;157.3;0.0;0.0
0.0;157.3;0.0;0.0
5.8;159.8;1.3;0.0
8.3;160.0;0.0;0.0
3.3;160.7;6.2;0.0
8.3;160.7;0.0;0.0
8.3;160.7;0.0;0.0
8.3;160.7;0.0;0.0
9.1;160.7;0.0;0.0
8.3;160.7;0.0;0.0
8.3;160.7;0.0;0.0
8.3;160.7;0.0;0.0
8.3;160.7;0.0;0.0
8.3;160.7;0.0;0.0
7.5;160.7;0.0;0.0
9.1;160.7;0.0;0.0
5.0;161.5;7.1;0.0
3.3;161.9;0.0;0.0
0.0;161.9;0.0;0.0
0.0;161.9;0.0;0.0
0.0;161.9;0.0;0.0
0.0;161.9;0.0;0.0
0.0;161.9;0.0;0.0
0.0;161.9;1.8;0.0
0.0;161.9;0.0;0.0
0.0;161.9;0.0;0.0
0.0;161.9;0.0;0.0
0.0;161.9;0.4;0.0
0.0;161.9;0.0;0.0
0.0;161.9;0.0;0.0
0.0;161.9;0.0;0.0
