6.6;59.8;36.2;0.0
7.5;73.4;27.6;0.0
8.3;74.4;24.2;0.0
5.8;83.2;35.1;0.0
8.3;95.1;44.0;0.0
6.6;107.9;53.0;0.0
68.2;127.2;36.9;0.0
39.9;135.7;12.2;0.0
8.3;150.8;43.6;0.0
0.0;151.2;1.4;0.0
0.0;151.2;0.0;0.0
0.0;151.2;0.0;0.0
0.0;151.2;0.0;0.0
0.0;151.2;0.0;0.0
0.0;151.2;0.0;0.0
0.0;151.2;0.0;0.0
0.8;151.4;1.7;0.0
0.0;151.4;0.0;0.0
0.0;151.4;0.0;0.0
0.0;151.4;0.0;0.0
0.0;151.4;0.4;0.0
0.0;151.4;0.0;0.0
0.0;151.4;0.0;0.0
0.0;151.4;0.0;0.0
0.0;151.4;0.0;0.0
0.0;151.4;0.0;0.0
0.0;151.4;0.0;0.0
0.0;151.4;2.2;0.0
0.0;151.4;0.0;0.0
0.0;151.4;0.0;0.0
0.0;151.4;0.0;0.0
5.8;154.0;1.4;0.0
8.3;154.5;0.0;0.0
3.3;154.6;6.0;0.0
8.3;154.9;0.0;0.0
8.3;154.9;0.0;0.0
8.3;154.9;0.0;0.0
8.3;154.9;0.0;0.0
8.3;154.9;0.0;0.0
8.3;154.9;0.0;0.0
9.1;154.9;0.0;0.0
7.5;154.9;0.0;0.0
8.3;154.9;0.0;0.0
8.3;154.9;0.0;0.0
8.3;154.9;0.0;0.0
8.3;154.9;0.1;0.0
5.0;155.7;7.0;0.0
2.5;156.0;0.0;0.0
0.0;156.0;0.0;0.0
0.0;156.0;0.0;0.0
0.0;156.0;0.0;0.0
0.0;156.0;0.0;0.0
0.0;156.0;0.0;0.0
0.0;156.0;1.8;0.0
0.0;156.0;0.0;0.0
0.0;156.0;0.0;0.0
0.0;156.0;0.0;0.0
0.0;156.0;0.4;0.0
0.0;156.0;0.0;0.0
0.0;156.0;0.0;0.0
