24.9;47.4;31.1;0.0
8.3;63.7;33.8;0.0
7.5;67.2;23.8;0.0
7.5;78.1;25.8;0.0
6.6;88.5;43.9;0.0
6.6;98.7;44.3;0.0
35.7;117.7;37.1;0.0
74.8;129.1;28.5;0.0
7.5;138.8;30.9;0.0
3.3;147.9;20.3;0.0
0.0;147.9;0.0;0.0
0.0;147.9;0.0;0.0
0.0;147.9;0.0;0.0
0.0;147.9;0.0;0.0
0.0;147.9;0.0;0.0
0.0;147.9;0.0;0.0
0.0;147.9;1.8;0.0
0.0;147.9;0.0;0.0
0.0;147.9;0.0;0.0
0.0;147.9;0.0;0.0
0.0;148.0;0.8;0.0
0.0;148.0;0.0;0.0
0.0;148.0;0.0;0.0
0.0;148.0;0.0;0.0
0.0;148.0;0.0;0.0
0.0;148.0;0.0;0.0
0.0;148.0;0.0;0.0
0.0;148.0;0.0;0.0
0.0;148.0;0.0;0.0
0.0;148.0;0.0;0.0
0.0;148.0;0.0;0.0
0.0;148.0;2.2;0.0
0.0;148.0;0.0;0.0
0.0;148.0;0.0;0.0
0.0;148.0;0.0;0.0
6.6;150.4;1.1;0.0
8.3;150.9;0.4;0.0
5.0;151.2;5.6;0.0
8.3;151.2;0.0;0.0
8.3;151.2;0.0;0.0
8.3;151.2;0.0;0.0
8.3;151.2;0.0;0.0
8.3;151.2;0.0;0.0
8.3;151.2;0.0;0.0
8.3;151.2;0.0;0.0
8.3;151.2;0.0;0.0
8.3;151.2;0.0;0.0
8.3;151.2;0.0;0.0
9.1;151.2;0.0;0.0
4.1;152.0;6.9;0.0
2.5;152.5;0.0;0.0
0.0;152.5;0.0;0.0
0.0;152.5;0.0;0.0
0.0;152.5;0.0;0.0
0.0;152.5;0.0;0.0
0.0;152.5;0.0;0.0
0.0;152.5;1.8;0.0
0.0;152.5;0.0;0.0
0.0;152.5;0.0;0.0
0.0;152.5;0.0;0.0
