12.5;44.6;27.2;0.0
7.5;59.7;32.4;0.0
7.5;66.1;26.4;0.0
7.5;79.3;27.0;0.0
6.6;88.3;36.4;0.0
5.8;99.0;43.8;0.0
12.5;114.0;36.5;0.0
97.2;130.2;39.0;0.0
8.3;136.5;16.4;0.0
5.0;149.9;34.8;0.0
0.0;149.9;0.0;0.0
0.0;149.9;0.0;0.0
0.0;149.9;0.0;0.0
0.0;149.9;0.0;0.0
0.0;149.9;0.0;0.0
0.0;149.9;0.0;0.0
0.0;149.9;0.0;0.0
0.8;150.2;1.8;0.0
0.0;150.2;0.0;0.0
0.0;150.2;0.0;0.0
0.0;150.2;0.4;0.0
0.0;150.2;0.0;0.0
0.0;150.2;0.0;0.0
0.0;150.2;0.0;0.0
0.0;150.2;0.0;0.0
0.0;150.2;0.0;0.0
0.0;150.2;0.0;0.0
0.0;150.2;0.0;0.0
0.0;150.2;2.3;0.0
0.0;150.2;0.0;0.0
0.0;150.2;0.0;0.0
0.8;152.6;1.4;0.0
8.3;152.8;0.0;0.0
5.8;153.1;1.8;0.0
6.6;153.4;4.2;0.0
8.3;153.4;0.0;0.0
8.3;153.4;0.0;0.0
8.3;153.4;0.0;0.0
8.3;153.4;0.0;0.0
8.3;153.4;0.0;0.0
8.3;153.4;0.0;0.0
8.3;153.4;0.0;0.0
8.3;153.4;0.0;0.0
8.3;153.4;0.0;0.0
8.3;153.4;0.0;0.0
9.2;153.7;1.1;0.0
3.3;154.2;6.0;0.0
1.7;154.7;0.0;0.0
0.0;154.7;0.0;0.0
0.0;154.7;0.0;0.0
0.0;154.7;0.0;0.0
0.0;154.7;0.0;0.0
0.0;154.7;0.0;0.0
0.0;154.7;1.8;0.0
0.0;154.7;0.0;0.0
0.0;154.7;0.0;0.0
0.0;154.7;0.0;0.0
0.0;154.7;0.4;0.0
0.0;154.7;0.0;0.0
0.0;154.7;0.0;0.0
