6.6;67.3;31.8;0.0
6.6;69.4;26.6;0.0
6.6;82.6;27.5;0.0
8.3;89.6;26.8;0.0
6.6;100.1;39.0;0.0
6.6;109.2;41.7;0.0
51.6;128.2;34.2;0.0
58.2;138.2;21.8;0.0
7.5;149.6;36.1;0.0
2.5;156.7;14.9;0.0
0.0;156.7;0.0;0.0
0.0;156.7;0.0;0.0
0.0;156.7;0.0;0.0
0.0;156.7;0.0;0.0
0.0;156.7;0.0;0.0
0.0;156.7;0.0;0.0
0.0;156.7;1.6;0.0
0.0;156.7;0.0;0.0
0.0;156.7;0.0;0.0
0.0;156.7;0.0;0.0
0.0;156.7;0.4;0.0
0.0;156.7;0.0;0.0
0.0;156.7;0.0;0.0
0.0;156.7;0.0;0.0
0.0;156.7;0.0;0.0
0.0;156.7;0.0;0.0
0.0;156.7;0.0;0.0
0.8;156.8;2.3;0.0
0.0;156.8;0.0;0.0
0.0;156.8;0.0;0.0
0.0;156.8;0.0;0.0
5.0;159.2;1.3;0.0
8.3;159.7;0.0;0.0
4.1;160.0;6.1;0.0
8.3;160.0;0.0;0.0
9.1;160.0;0.0;0.0
7.5;160.0;0.0;0.0
8.3;160.0;0.0;0.0
8.3;160.0;0.0;0.0
8.3;160.0;0.0;0.0
9.1;160.0;0.0;0.0
8.3;160.0;0.0;0.0
8.3;160.0;0.0;0.0
8.3;160.0;0.0;0.0
8.3;160.0;0.0;0.0
4.1;160.3;1.3;0.0
4.2;160.8;5.8;0.0
1.7;161.2;0.0;0.0
0.0;161.2;0.0;0.0
0.0;161.2;0.0;0.0
0.0;161.2;0.0;0.0
0.0;161.2;0.0;0.0
0.8;161.2;1.7;0.0
0.0;161.2;0.0;0.0
0.0;161.2;0.0;0.0
0.0;161.2;0.0;0.0
0.0;161.2;0.4;0.0
0.0;161.2;0.0;0.0
0.0;161.2;0.0;0.0
0.0;161.2;0.0;0.0
