6.6;63.3;35.3;0.0
7.5;75.2;28.4;0.0
7.5;85.8;23.7;0.0
7.5;93.6;33.7;0.0
6.6;105.2;43.6;0.0
6.6;118.1;50.1;0.0
75.7;144.4;41.6;0.0
34.9;150.4;9.6;0.0
7.5;164.5;41.3;0.0
0.0;164.5;0.3;0.0
0.0;164.5;0.0;0.0
0.0;164.5;0.0;0.0
0.0;164.5;0.0;0.0
0.0;164.5;0.0;0.0
0.0;164.5;0.0;0.0
0.0;164.5;0.0;0.0
0.0;164.8;1.8;0.0
0.0;164.8;0.0;0.0
0.0;164.8;0.0;0.0
0.0;164.8;0.0;0.0
0.0;164.8;0.4;0.0
0.0;164.8;0.0;0.0
0.0;164.8;0.0;0.0
0.0;164.8;0.0;0.0
0.0;164.8;0.0;0.0
0.0;164.8;0.0;0.0
0.0;164.8;0.0;0.0
0.0;164.8;2.0;0.0
0.0;164.8;0.0;0.0
0.0;164.8;0.0;0.0
0.0;164.8;0.0;0.0
6.6;167.1;1.4;0.0
8.3;167.5;0.0;0.0
4.1;167.8;6.1;0.0
8.3;167.8;0.0;0.0
8.3;167.8;0.0;0.0
8.3;167.8;0.0;0.0
8.3;167.8;0.0;0.0
8.3;167.8;0.0;0.0
8.3;167.8;0.0;0.0
8.3;167.8;0.0;0.0
8.3;167.8;0.0;0.0
8.3;167.8;0.0;0.0
8.3;167.9;0.0;0.0
8.3;167.9;0.0;0.0
5.0;168.5;7.3;0.0
2.5;169.0;0.0;0.0
0.0;169.0;0.0;0.0
0.0;169.0;0.0;0.0
0.0;169.0;0.0;0.0
0.0;169.0;0.0;0.0
0.0;169.0;0.0;0.0
0.0;169.0;1.8;0.0
0.0;169.0;0.0;0.0
0.0;169.0;0.0;0.0
0.0;169.0;0.0;0.0
0.0;169.0;0.4;0.0
0.0;169.0;0.0;0.0
0.0;169.0;0.0;0.0
0.0;169.0;0.0;0.0
