6.7;51.8;32.2;0.0
8.3;66.3;29.1;0.0
5.8;67.8;23.4;0.0
9.2;78.2;25.0;0.0
5.8;87.9;41.7;0.0
7.5;98.4;44.2;0.0
23.3;117.9;34.8;0.0
84.8;130.3;33.1;0.0
8.3;136.6;13.0;0.0
8.3;151.6;38.2;0.0
8.3;151.8;0.0;0.0
8.3;152.0;0.0;0.0
8.3;152.0;0.0;0.0
89.9;189.0;4.1;0.0
28.3;190.3;8.1;0.0
8.3;190.5;0.0;0.0
8.3;190.5;0.0;0.0
8.3;190.5;0.0;0.0
8.3;190.5;0.0;0.0
8.3;190.5;0.0;0.0
8.3;190.5;0.0;0.0
8.3;190.5;0.0;0.0
9.1;190.5;0.0;0.0
8.3;190.6;0.0;0.0
8.3;190.6;0.0;0.0
8.3;190.6;0.0;0.0
8.3;190.6;0.0;0.0
8.3;190.6;0.0;0.0
8.3;190.6;0.0;0.0
8.3;190.6;0.0;0.0
8.3;190.6;0.0;0.0
8.3;190.6;0.0;0.0
8.3;190.6;0.0;0.0
8.3;190.6;0.0;0.0
8.3;190.6;0.0;0.0
8.3;190.6;0.0;0.0
7.5;190.6;0.0;0.0
9.1;190.6;0.0;0.0
8.3;190.6;0.0;0.0
9.1;190.6;0.0;0.0
8.3;190.6;0.0;0.0
8.3;190.6;0.0;0.0
8.3;190.6;0.0;0.0
8.3;190.6;0.0;0.0
8.3;190.6;0.0;0.0
8.3;190.6;0.0;0.0
8.3;190.6;0.0;0.0
8.3;190.6;0.0;0.0
8.3;190.7;0.0;0.0
8.3;190.7;0.0;0.0
8.3;190.7;0.0;0.0
8.3;190.7;0.0;0.0
8.3;190.7;0.0;0.0
8.3;190.7;0.0;0.0
8.3;190.7;0.0;0.0
8.3;190.7;0.0;0.0
9.1;190.7;0.0;0.0
8.3;190.9;0.0;0.0
8.3;190.9;0.0;0.0
8.3;190.9;0.0;0.0
