13.3;44.3;32.8;0.0
7.5;60.0;31.2;0.0
5.8;69.9;22.7;0.0
8.3;80.8;25.8;0.0
6.6;90.4;41.7;0.0
6.6;100.9;43.6;0.0
22.5;121.1;37.3;0.0
85.5;133.1;31.2;0.0
9.1;139.3;18.2;0.0
7.5;154.3;33.1;0.0
8.3;154.3;0.0;0.0
8.3;154.5;0.0;0.0
17.5;171.0;0.0;0.0
93.2;171.9;7.9;0.0
14.1;172.8;1.1;0.0
8.3;172.8;0.0;0.0
8.3;172.8;0.0;0.0
8.3;172.8;0.0;0.0
8.3;172.8;0.0;0.0
8.3;172.8;0.0;0.0
8.3;172.8;0.0;0.0
7.5;172.8;0.0;0.0
8.3;172.8;0.0;0.0
8.3;172.9;0.0;0.0
8.3;172.9;0.0;0.0
9.1;172.9;0.0;0.0
8.3;172.9;0.0;0.0
9.1;172.9;0.0;0.0
8.3;172.9;0.0;0.0
8.3;172.9;0.0;0.0
8.3;172.9;0.0;0.0
8.3;172.9;0.0;0.0
8.3;172.9;0.0;0.0
8.3;172.9;0.0;0.0
8.3;173.1;0.0;0.0
8.3;173.1;0.0;0.0
8.3;173.1;0.0;0.0
8.3;173.1;0.0;0.0
8.3;173.1;0.0;0.0
8.3;173.1;0.0;0.0
8.3;173.1;0.0;0.0
8.3;173.1;0.0;0.0
8.3;173.1;0.0;0.0
9.2;173.1;0.0;0.0
8.3;173.1;0.0;0.0
8.3;173.1;0.0;0.0
7.5;173.1;0.0;0.0
8.3;173.1;0.0;0.0
8.3;173.1;0.0;0.0
8.3;173.1;0.0;0.0
8.3;173.1;0.0;0.0
8.3;173.1;0.0;0.0
8.3;173.1;0.0;0.0
8.3;173.1;0.0;0.0
8.3;173.1;0.0;0.0
8.3;173.1;0.0;0.0
9.1;173.1;0.0;0.0
8.3;173.1;0.0;0.0
8.3;173.1;0.0;0.0
8.3;173.1;0.0;0.0
