15.8;45.9;30.3;0.0
6.6;61.5;31.8;0.0
6.6;67.1;23.8;0.0
8.3;78.0;25.8;0.0
5.8;86.7;34.7;0.0
6.6;97.1;44.0;0.0
7.5;105.6;33.9;0.0
98.2;129.3;37.8;0.0
12.5;138.0;13.2;0.0
7.5;153.2;41.0;0.0
8.3;153.7;0.4;0.0
8.3;153.9;0.0;0.0
8.3;153.9;0.0;0.0
79.7;191.0;4.8;0.0
34.9;192.2;2.6;0.0
8.3;192.2;0.0;0.0
8.3;192.2;0.0;0.0
8.3;192.2;0.0;0.0
8.3;192.2;0.0;0.0
8.3;192.2;0.0;0.0
8.3;192.2;0.0;0.0
8.3;192.3;0.0;0.0
8.3;192.3;0.0;0.0
8.3;192.3;0.0;0.0
8.3;192.3;0.0;0.0
8.3;192.3;0.0;0.0
8.3;192.3;0.0;0.0
8.3;192.3;0.0;0.0
8.3;192.3;0.0;0.0
8.3;192.3;0.0;0.0
8.3;192.3;0.0;0.0
8.3;192.3;0.0;0.0
9.2;192.3;0.0;0.0
8.3;192.3;0.0;0.0
8.3;192.3;0.0;0.0
8.3;192.3;0.0;0.0
8.3;192.3;0.0;0.0
8.3;192.3;0.0;0.0
8.3;192.3;0.0;0.0
8.3;192.3;0.0;0.0
8.3;192.3;0.0;0.0
8.3;192.3;0.0;0.0
8.3;192.3;0.0;0.0
8.3;192.3;0.0;0.0
8.3;192.3;0.0;0.0
8.3;192.3;0.0;0.0
8.3;192.3;0.0;0.0
8.3;192.3;0.0;0.0
8.3;192.4;0.0;0.0
9.1;192.4;0.0;0.0
8.3;192.4;0.0;0.0
8.3;192.4;0.0;0.0
8.3;192.4;0.0;0.0
8.3;192.4;0.0;0.0
8.3;192.4;0.0;0.0
8.3;192.4;0.0;0.0
8.3;192.4;0.0;0.0
8.3;192.6;0.0;0.0
8.3;192.6;0.0;0.0
8.3;192.6;0.0;0.0
