5.8;43.9;25.6;0.0
7.5;56.9;26.9;0.0
6.6;63.7;29.1;0.0
8.3;77.7;29.8;0.0
6.6;85.2;27.0;0.0
7.5;94.0;37.4;0.0
5.8;105.4;47.4;0.0
64.1;131.7;33.5;0.0
45.6;140.6;13.6;0.0
7.5;153.0;40.3;0.0
7.5;159.2;9.1;0.0
8.3;159.2;0.0;0.0
8.3;159.4;0.0;0.0
27.5;173.8;0.0;0.0
91.5;175.0;7.0;0.0
9.2;176.0;1.3;0.0
8.3;176.0;0.0;0.0
8.3;176.0;0.0;0.0
8.3;176.0;0.0;0.0
8.3;176.0;0.0;0.0
8.3;176.1;0.0;0.0
8.3;176.1;0.0;0.0
8.3;176.1;0.0;0.0
8.3;176.1;0.0;0.0
8.3;176.1;0.0;0.0
8.3;176.1;0.0;0.0
8.3;176.1;0.0;0.0
8.3;176.1;0.0;0.0
8.3;176.1;0.0;0.0
8.3;176.1;0.0;0.0
8.3;176.1;0.0;0.0
8.3;176.1;0.0;0.0
8.3;176.1;0.0;0.0
8.3;176.1;0.0;0.0
8.3;176.1;0.0;0.0
8.3;176.1;0.0;0.0
8.3;176.1;0.0;0.0
8.3;176.1;0.0;0.0
8.3;176.1;0.0;0.0
8.3;176.1;0.0;0.0
8.3;176.1;0.0;0.0
8.3;176.1;0.0;0.0
8.3;176.1;0.0;0.0
8.3;176.1;0.0;0.0
8.3;176.1;0.0;0.0
8.3;176.1;0.0;0.0
8.3;176.1;0.0;0.0
8.3;176.1;0.0;0.0
8.3;176.1;0.0;0.0
9.1;176.2;0.0;0.0
8.3;176.2;0.0;0.0
8.3;176.2;0.0;0.0
8.3;176.2;0.0;0.0
8.3;176.2;0.0;0.0
8.3;176.2;0.0;0.0
8.3;176.2;0.0;0.0
8.3;176.2;0.0;0.0
8.3;176.2;0.0;0.0
8.3;176.2;0.0;0.0
8.3;176.3;0.0;0.0
