6.6;55.2;34.5;0.0
7.5;66.9;27.6;0.0
6.6;74.1;19.8;0.0
8.3;82.4;35.0;0.0
7.5;93.8;41.4;0.0
7.5;105.3;45.5;0.0
55.8;126.4;31.4;0.0
51.5;136.3;21.0;0.0
8.3;148.8;39.3;0.0
8.3;156.1;11.5;0.0
8.3;156.1;0.0;0.0
8.3;156.3;0.0;0.0
45.8;169.6;2.2;0.0
77.4;169.7;2.7;0.0
5.8;170.7;4.3;0.0
8.3;170.7;0.0;0.0
8.3;170.7;0.0;0.0
8.3;170.7;0.0;0.0
8.3;170.7;0.0;0.0
8.3;170.7;0.0;0.0
8.3;170.7;0.0;0.0
8.3;170.7;0.0;0.0
8.3;170.7;0.0;0.0
8.3;170.7;0.0;0.0
8.3;170.8;0.0;0.0
8.3;170.8;0.0;0.0
9.1;170.8;0.0;0.0
8.3;170.8;0.0;0.0
8.3;170.8;0.0;0.0
8.3;170.8;0.0;0.0
8.3;170.8;0.0;0.0
8.3;170.8;0.0;0.0
8.3;170.8;0.0;0.0
8.3;170.8;0.0;0.0
8.3;170.8;0.0;0.0
8.3;170.8;0.0;0.0
8.3;170.8;0.0;0.0
8.3;170.8;0.0;0.0
8.3;170.8;0.0;0.0
8.3;170.8;0.0;0.0
8.3;170.8;0.0;0.0
8.3;170.8;0.0;0.0
9.1;170.8;0.0;0.0
8.3;170.8;0.0;0.0
8.3;170.8;0.0;0.0
8.3;170.8;0.0;0.0
8.3;170.8;0.0;0.0
8.3;170.8;0.0;0.0
8.3;170.9;0.0;0.0
8.3;170.9;0.0;0.0
8.3;170.9;0.0;0.0
8.3;170.9;0.0;0.0
8.3;170.9;0.0;0.0
8.3;170.9;0.0;0.0
8.3;170.9;0.0;0.0
8.3;170.9;0.0;0.0
8.3;170.9;0.0;0.0
8.3;170.9;0.0;0.0
8.3;170.9;0.0;0.0
8.3;170.9;0.0;0.0
