20.8;45.6;25.2;0.0
7.5;58.5;27.1;0.0
6.6;60.5;28.1;0.0
8.3;74.8;27.6;0.0
6.6;83.0;28.8;0.0
6.6;92.1;38.4;0.0
7.5;104.2;51.0;0.0
66.6;125.2;20.7;0.0
42.4;134.9;21.6;0.0
7.5;141.8;22.0;0.0
8.3;155.6;29.0;0.0
8.3;155.6;0.0;0.0
8.3;155.7;0.0;0.0
8.3;155.7;0.0;0.0
89.0;191.1;5.3;0.0
25.8;192.0;2.4;0.0
8.3;192.2;0.0;0.0
8.3;192.2;0.0;0.0
8.3;192.2;0.0;0.0
8.3;192.2;0.0;0.0
8.3;192.2;0.0;0.0
8.3;192.2;0.0;0.0
8.3;192.2;0.0;0.0
8.3;192.2;0.0;0.0
8.3;192.3;0.0;0.0
8.3;192.3;0.0;0.0
8.3;192.3;0.0;0.0
8.3;192.3;0.0;0.0
8.3;192.3;0.0;0.0
8.3;192.3;0.0;0.0
8.3;192.3;0.0;0.0
8.3;192.3;0.0;0.0
9.1;192.3;0.0;0.0
8.3;192.3;0.0;0.0
8.3;192.3;0.0;0.0
8.3;192.3;0.0;0.0
8.3;192.3;0.0;0.0
8.3;192.3;0.0;0.0
8.3;192.3;0.0;0.0
8.3;192.3;0.0;0.0
8.3;192.3;0.0;0.0
8.3;192.3;0.0;0.0
8.3;192.3;0.0;0.0
8.3;192.3;0.0;0.0
8.3;192.3;0.0;0.0
8.3;192.3;0.0;0.0
8.3;192.3;0.0;0.0
8.3;192.3;0.0;0.0
8.3;192.3;0.0;0.0
9.1;192.3;0.0;0.0
8.3;192.4;0.0;0.0
8.3;192.4;0.0;0.0
8.3;192.4;0.0;0.0
8.3;192.4;0.0;0.0
8.3;192.4;0.0;0.0
8.3;192.4;0.0;0.0
8.3;192.4;0.0;0.0
8.3;192.4;0.0;0.0
8.3;192.4;0.0;0.0
8.3;192.6;0.0;0.0
