23.3;40.6;23.1;0.0
6.6;55.4;29.2;0.0
7.5;65.8;26.2;0.0
7.5;76.1;23.2;0.0
6.6;82.8;29.9;0.0
6.6;92.9;37.8;0.0
6.6;103.1;43.6;0.0
51.6;125.0;38.9;0.0
58.2;134.0;18.1;0.0
7.5;142.3;27.9;0.0
8.3;154.4;23.1;0.0
8.3;154.4;0.0;0.0
8.3;154.6;0.0;0.0
8.3;154.6;0.0;0.0
72.3;169.9;2.5;0.0
41.5;171.1;8.0;0.0
8.3;171.1;0.0;0.0
8.3;171.1;0.0;0.0
8.3;171.1;0.0;0.0
8.3;171.1;0.0;0.0
8.3;171.3;0.0;0.0
8.3;171.3;0.0;0.0
8.3;171.3;0.0;0.0
8.3;171.3;0.0;0.0
8.3;171.3;0.0;0.0
8.3;171.3;0.0;0.0
8.3;171.3;0.0;0.0
8.3;171.3;0.0;0.0
8.3;171.3;0.0;0.0
8.3;171.3;0.0;0.0
8.3;171.3;0.0;0.0
8.3;171.3;0.0;0.0
8.3;171.3;0.0;0.0
8.3;171.3;0.0;0.0
8.3;171.3;0.0;0.0
8.3;171.3;0.0;0.0
9.1;171.3;0.0;0.0
8.3;171.3;0.0;0.0
8.3;171.3;0.0;0.0
8.3;171.3;0.0;0.0
8.3;171.3;0.0;0.0
8.3;171.3;0.0;0.0
8.3;171.3;0.0;0.0
8.3;171.3;0.0;0.0
8.3;171.3;0.0;0.0
8.3;171.3;0.0;0.0
8.3;171.3;0.0;0.0
8.3;171.3;0.0;0.0
8.3;171.3;0.0;0.0
8.3;171.3;0.0;0.0
8.3;171.3;0.0;0.0
8.3;171.3;0.0;0.0
8.3;171.3;0.0;0.0
9.1;171.3;0.0;0.0
8.3;171.3;0.0;0.0
8.3;171.3;0.0;0.0
8.3;171.3;0.0;0.0
8.3;171.3;0.0;0.0
8.3;171.5;0.0;0.0
8.3;171.5;0.0;0.0
