5.8;47.2;27.9;0.0
8.3;60.8;25.2;0.0
6.6;67.2;28.4;0.0
7.5;80.2;26.6;0.0
8.3;87.8;30.4;0.0
7.5;96.4;36.2;0.0
7.5;107.8;47.2;0.0
68.2;130.7;34.3;0.0
41.6;138.2;10.0;0.0
8.3;148.6;34.9;0.0
7.5;157.6;15.3;0.0
8.3;157.6;0.0;0.0
8.3;157.8;0.0;0.0
45.8;168.9;2.3;0.0
67.4;170.0;5.1;0.0
7.5;170.2;0.0;0.0
8.3;170.2;0.0;0.0
8.3;170.2;0.0;0.0
8.3;170.2;0.0;0.0
8.3;170.2;0.0;0.0
8.3;170.2;0.0;0.0
8.3;170.2;0.0;0.0
8.3;170.3;0.0;0.0
8.3;170.3;0.0;0.0
8.3;170.3;0.0;0.0
8.3;170.3;0.0;0.0
8.3;170.3;0.0;0.0
8.3;170.3;0.0;0.0
8.3;170.3;0.0;0.0
8.3;170.3;0.0;0.0
8.3;170.3;0.0;0.0
8.3;170.3;0.0;0.0
8.3;170.3;0.0;0.0
8.3;170.3;0.0;0.0
8.3;170.3;0.0;0.0
8.3;170.3;0.0;0.0
8.3;170.3;0.0;0.0
8.3;170.3;0.0;0.0
8.3;170.3;0.0;0.0
9.1;170.3;0.0;0.0
8.3;170.3;0.0;0.0
8.3;170.3;0.0;0.0
8.3;170.5;0.0;0.0
8.3;170.5;0.0;0.0
8.3;170.5;0.0;0.0
8.3;170.5;0.0;0.0
8.3;170.5;0.0;0.0
8.3;170.5;0.0;0.0
8.3;170.5;0.0;0.0
8.3;170.5;0.0;0.0
8.3;170.5;0.0;0.0
8.3;170.5;0.0;0.0
8.3;170.5;0.0;0.0
8.3;170.5;0.0;0.0
8.3;170.5;0.0;0.0
9.1;170.5;0.0;0.0
8.3;170.5;0.0;0.0
8.3;170.7;0.0;0.0
8.3;170.7;0.0;0.0
8.3;170.7;0.0;0.0
