8.3;45.8;17.5;0.0
6.6;55.6;18.2;0.0
8.3;62.8;16.5;0.0
6.6;65.6;14.5;0.0
8.3;72.5;9.5;0.0
8.3;80.3;20.7;0.0
7.5;86.8;25.2;0.0
7.5;92.9;28.6;0.0
7.5;100.4;28.4;0.0
7.5;108.5;32.9;0.0
61.3;119.8;10.4;0.0
50.6;128.7;28.4;0.0
8.3;132.9;3.4;0.0
8.3;137.5;9.2;0.0
7.5;150.7;39.8;0.0
0.0;151.2;1.6;0.0
0.0;151.2;0.0;0.0
0.0;151.2;0.0;0.0
0.0;151.2;0.0;0.0
0.0;151.3;2.0;0.0
0.0;151.3;0.0;0.0
0.0;151.3;0.0;0.0
0.0;151.3;0.4;0.0
0.0;151.3;0.0;0.0
0.0;151.3;0.0;0.0
0.0;151.3;0.0;0.0
0.0;151.3;0.0;0.0
0.0;151.3;0.2;0.0
0.0;151.3;0.0;0.0
0.0;151.3;0.0;0.0
0.0;151.3;1.5;0.0
0.0;151.3;0.0;0.0
0.0;151.3;0.0;0.0
0.0;151.3;0.0;0.0
0.0;151.3;0.0;0.0
0.0;151.3;0.3;0.0
0.0;151.3;0.0;0.0
0.0;151.3;0.0;0.0
0.0;151.3;0.0;0.0
0.0;151.3;0.0;0.0
0.0;151.3;0.0;0.0
0.0;151.3;0.0;0.0
0.0;151.3;0.0;0.0
0.0;151.3;0.0;0.0
0.0;151.3;0.0;0.0
0.0;151.3;1.3;0.0
0.0;151.3;0.0;0.0
0.0;151.3;0.0;0.0
0.0;151.3;0.0;0.0
0.0;151.3;0.0;0.0
0.0;151.3;0.0;0.0
0.0;151.3;0.0;0.0
0.0;151.3;0.0;0.0
0.0;151.3;0.0;0.0
0.0;151.3;0.0;0.0
0.0;151.3;0.0;0.0
0.0;151.3;0.0;0.0
0.0;151.3;0.0;0.0
0.0;151.3;0.0;0.0
0.0;151.3;0.0;0.0
