6.6;47.3;17.2;0.0
8.3;57.5;20.6;0.0
8.3;64.5;16.4;0.0
5.8;66.7;15.0;0.0
8.3;73.1;8.5;0.0
7.5;80.7;20.9;0.0
8.3;84.0;13.5;0.0
6.6;92.2;31.9;0.0
8.3;96.3;17.0;0.0
7.5;102.1;23.6;0.0
8.3;107.0;18.8;0.0
27.4;120.3;13.3;0.0
82.2;128.1;18.2;0.0
7.5;137.1;21.2;0.0
8.3;142.2;9.6;0.0
8.3;145.4;14.4;0.0
7.5;156.5;26.9;0.0
0.0;156.5;0.3;0.0
0.0;156.5;0.0;0.0
0.0;156.5;0.0;0.0
0.0;156.5;0.0;0.0
0.0;156.5;0.0;0.0
0.0;156.5;0.0;0.0
0.0;156.5;0.0;0.0
0.0;156.5;0.0;0.0
0.0;156.5;0.0;0.0
0.0;156.5;0.0;0.0
0.0;156.5;0.0;0.0
0.0;156.5;0.0;0.0
0.0;156.5;0.0;0.0
0.0;156.5;0.0;0.0
0.0;156.5;0.0;0.0
0.0;156.5;0.0;0.0
0.0;156.5;0.0;0.0
0.0;156.5;0.0;0.0
0.0;156.5;0.0;0.0
0.0;156.6;1.9;0.0
0.0;156.6;0.0;0.0
0.0;156.6;0.0;0.0
0.0;156.6;0.0;0.0
0.0;156.6;0.0;0.0
0.0;156.6;0.0;0.0
0.0;156.6;0.4;0.0
0.0;156.6;0.0;0.0
0.0;156.6;0.0;0.0
0.0;156.6;0.0;0.0
0.0;156.6;0.0;0.0
0.0;156.6;0.0;0.0
0.0;156.6;0.0;0.0
0.0;156.6;0.0;0.0
0.0;156.6;0.0;0.0
0.0;156.6;0.0;0.0
0.0;156.6;0.0;0.0
0.0;156.6;0.5;0.0
0.0;156.6;0.0;0.0
0.0;156.6;0.0;0.0
0.0;156.6;0.0;0.0
0.0;156.6;0.0;0.0
0.0;156.6;0.0;0.0
0.0;156.6;0.0;0.0
