7.5;54.8;24.5;0.0
8.3;64.2;14.2;0.0
7.5;71.3;23.4;0.0
7.5;68.1;12.3;0.0
8.3;76.7;21.9;0.0
6.6;81.1;18.2;0.0
7.5;89.0;27.8;0.0
8.3;94.4;22.6;0.0
7.5;99.3;21.2;0.0
7.5;102.0;12.8;0.0
15.8;114.6;14.0;0.0
98.1;119.6;8.7;0.0
9.1;129.4;30.4;0.0
8.3;132.7;2.2;0.0
7.5;137.6;16.2;0.0
9.2;151.2;34.6;0.0
0.0;151.2;0.3;0.0
0.0;151.2;0.0;0.0
0.0;151.2;0.0;0.0
0.0;151.2;0.0;0.0
0.0;151.2;0.0;0.0
0.0;151.2;0.0;0.0
0.0;151.2;0.0;0.0
0.0;151.2;0.0;0.0
0.0;151.2;0.0;0.0
0.0;151.2;0.8;0.0
0.0;151.2;0.0;0.0
0.0;151.2;0.0;0.0
0.0;151.2;0.0;0.0
0.0;151.2;0.0;0.0
0.0;151.2;0.2;0.0
0.0;151.2;0.0;0.0
0.0;151.3;0.9;0.0
0.0;151.3;0.0;0.0
0.0;151.3;0.0;0.0
0.0;151.3;0.0;0.0
0.0;151.3;0.4;0.0
0.0;151.3;0.0;0.0
0.0;151.3;0.0;0.0
0.0;151.3;0.0;0.0
0.0;151.3;0.0;0.0
0.0;151.3;0.0;0.0
0.0;151.3;0.0;0.0
0.0;151.3;0.0;0.0
0.0;151.3;0.0;0.0
0.0;151.3;0.0;0.0
0.0;151.3;0.0;0.0
0.0;151.3;0.0;0.0
0.0;151.3;0.0;0.0
0.0;151.3;0.0;0.0
0.0;151.3;0.0;0.0
0.0;151.3;0.0;0.0
0.0;151.3;0.5;0.0
0.0;151.3;0.0;0.0
0.0;151.3;0.0;0.0
0.0;151.3;0.0;0.0
0.0;151.3;0.0;0.0
0.0;151.3;0.0;0.0
0.0;151.3;0.0;0.0
0.0;151.3;0.0;0.0
