7.5;40.5;16.8;0.0
7.5;48.4;18.9;0.0
7.5;57.1;18.4;0.0
7.5;60.8;16.0;0.0
9.2;69.3;11.1;0.0
7.5;76.4;20.3;0.0
8.3;79.1;11.1;0.0
6.6;86.9;29.3;0.0
8.3;90.7;17.2;0.0
8.3;97.0;24.8;0.0
7.5;104.2;31.2;0.0
47.7;114.1;8.7;0.0
60.6;120.3;16.7;0.0
9.1;128.5;18.1;0.0
8.3;132.5;6.2;0.0
7.5;137.6;21.1;0.0
5.8;147.6;23.7;0.0
0.0;147.6;0.3;0.0
0.0;147.6;0.0;0.0
0.0;147.6;0.0;0.0
0.0;147.6;0.0;0.0
0.0;147.6;0.0;0.0
0.0;147.6;0.0;0.0
0.0;147.6;0.0;0.0
0.0;147.6;0.0;0.0
0.0;147.6;0.0;0.0
0.0;147.6;0.0;0.0
0.0;147.6;0.8;0.0
0.0;147.6;0.0;0.0
0.0;147.6;0.0;0.0
0.0;147.6;0.0;0.0
0.0;147.6;0.2;0.0
0.0;147.6;0.0;0.0
0.0;147.9;1.0;0.0
0.0;147.9;0.0;0.0
0.0;147.9;0.0;0.0
0.0;147.9;0.0;0.0
0.0;147.9;0.0;0.0
0.0;147.9;0.6;0.0
0.0;147.9;0.0;0.0
0.0;147.9;0.0;0.0
0.0;147.9;0.0;0.0
0.0;147.9;0.0;0.0
0.0;147.9;0.0;0.0
0.0;147.9;0.0;0.0
0.0;147.9;0.5;0.0
0.0;147.9;0.0;0.0
0.0;147.9;0.0;0.0
0.0;147.9;0.0;0.0
0.0;147.9;0.0;0.0
0.0;147.9;0.0;0.0
0.0;147.9;0.0;0.0
0.0;147.9;0.0;0.0
0.0;147.9;0.0;0.0
0.0;147.9;0.0;0.0
0.0;147.9;0.0;0.0
0.0;147.9;0.0;0.0
0.0;147.9;0.0;0.0
1.7;147.9;1.1;0.0
0.0;147.9;0.0;0.0
