6.6;45.8;14.2;0.0
7.5;55.3;21.9;0.0
8.3;63.7;18.3;0.0
7.5;62.4;19.1;0.0
8.3;71.4;10.6;0.0
8.3;75.6;16.2;0.0
8.3;77.9;7.3;0.0
6.6;84.0;25.5;0.0
7.5;88.0;16.2;0.0
1.7;88.7;3.6;0.0
7.5;91.4;10.0;0.0
9.1;97.7;27.5;0.0
7.5;104.8;25.4;0.0
89.0;115.8;10.4;0.0
25.8;127.0;31.2;0.0
8.3;129.7;1.0;0.0
6.6;133.6;8.8;0.0
2.5;133.7;5.8;0.0
8.3;139.5;19.3;0.0
7.5;147.2;16.1;0.0
0.0;147.2;0.3;0.0
0.0;147.2;0.0;0.0
0.0;147.2;0.0;0.0
0.0;147.2;0.0;0.0
0.0;147.2;0.0;0.0
0.8;147.4;1.6;0.0
0.0;147.4;0.0;0.0
0.0;147.4;0.7;0.0
0.0;147.4;0.0;0.0
0.0;147.4;0.0;0.0
0.0;147.4;0.0;0.0
0.0;147.4;0.0;0.0
0.0;147.4;0.0;0.0
0.0;147.4;0.0;0.0
0.0;147.4;0.0;0.0
0.0;147.4;0.0;0.0
0.0;147.4;0.0;0.0
0.0;147.4;0.0;0.0
0.0;147.4;3.4;0.0
0.0;147.4;0.0;0.0
0.0;147.4;0.0;0.0
0.0;147.4;0.0;0.0
0.0;147.4;0.0;0.0
0.0;147.4;0.0;0.0
0.0;147.4;0.0;0.0
0.0;147.4;0.0;0.0
0.0;147.4;0.0;0.0
0.0;147.4;0.5;0.0
0.0;147.4;0.0;0.0
0.0;147.4;0.0;0.0
0.0;147.4;0.0;0.0
0.0;147.4;0.0;0.0
0.0;147.4;0.0;0.0
0.0;147.4;0.0;0.0
0.0;147.4;0.0;0.0
0.0;147.4;0.0;0.0
0.0;147.4;0.0;0.0
0.0;147.4;0.0;0.0
0.0;147.4;0.0;0.0
0.0;147.4;0.0;0.0
