7.5;36.5;13.9;0.0
7.5;45.4;17.8;0.0
8.3;51.4;11.2;0.0
8.3;58.5;15.5;0.0
6.6;63.7;18.3;0.0
8.3;72.3;10.6;0.0
8.3;78.1;19.3;0.0
6.6;85.8;34.3;0.0
7.5;91.2;21.4;0.0
8.3;98.6;31.7;0.0
8.3;105.7;24.8;0.0
89.0;115.8;11.6;0.0
26.6;126.3;30.0;0.0
8.3;128.4;1.0;0.0
7.5;132.8;12.0;0.0
8.3;146.2;38.0;0.0
0.0;146.2;0.0;0.0
0.0;146.2;0.3;0.0
0.0;146.2;0.0;0.0
0.0;146.2;0.0;0.0
0.0;146.2;0.0;0.0
0.0;146.2;0.0;0.0
0.0;146.2;0.0;0.0
0.0;146.2;0.0;0.0
0.0;146.2;0.0;0.0
0.0;146.2;0.0;0.0
0.0;146.2;0.0;0.0
0.0;146.2;0.0;0.0
0.0;146.2;0.0;0.0
0.0;146.2;0.0;0.0
0.0;146.2;0.0;0.0
0.0;146.2;0.0;0.0
0.0;146.2;0.0;0.0
0.0;146.2;0.0;0.0
0.0;146.2;0.0;0.0
0.0;146.2;0.0;0.0
0.0;146.2;0.0;0.0
0.0;146.2;0.0;0.0
0.0;146.2;0.0;0.0
0.0;146.2;0.0;0.0
0.0;146.2;0.0;0.0
0.0;146.2;0.0;0.0
0.0;146.2;0.0;0.0
0.0;146.2;0.0;0.0
0.0;146.2;0.8;0.0
0.0;146.2;0.0;0.0
0.0;146.5;1.0;0.0
0.0;146.5;0.0;0.0
0.0;146.5;0.0;0.0
0.0;146.5;0.0;0.0
0.0;146.5;0.0;0.0
0.0;146.5;0.0;0.0
0.0;146.5;0.7;0.0
0.0;146.5;0.0;0.0
0.0;146.5;0.0;0.0
0.0;146.5;0.0;0.0
0.0;146.5;0.0;0.0
0.0;146.5;0.0;0.0
0.0;146.5;0.0;0.0
0.0;146.5;0.0;0.0
