6.6;45.0;17.6;0.0
8.3;53.8;19.9;0.0
8.3;62.5;18.5;0.0
6.6;65.6;19.1;0.0
8.3;74.9;16.5;0.0
8.3;79.4;15.0;0.0
7.5;87.8;32.7;0.0
8.3;93.9;27.2;0.0
6.6;99.7;25.9;0.0
7.5;106.7;23.8;0.0
69.5;122.5;11.4;0.0
36.6;133.0;30.2;0.0
8.3;136.7;3.0;0.0
7.5;142.5;22.7;0.0
5.0;153.1;25.2;0.0
0.8;153.1;0.3;0.0
0.0;153.1;0.0;0.0
0.0;153.1;0.0;0.0
0.0;153.1;0.0;0.0
0.0;153.1;0.0;0.0
0.0;153.3;1.8;0.0
0.0;153.3;0.0;0.0
0.0;153.3;0.4;0.0
0.0;153.3;0.0;0.0
0.0;153.3;0.0;0.0
0.0;153.3;0.0;0.0
0.0;153.3;0.3;0.0
0.0;153.3;0.0;0.0
0.0;153.3;0.0;0.0
0.0;153.3;0.0;0.0
0.0;153.3;0.0;0.0
0.0;153.3;1.3;0.0
0.0;153.3;0.0;0.0
0.0;153.3;0.0;0.0
0.0;153.3;0.0;0.0
0.0;153.3;0.0;0.0
0.0;153.3;0.0;0.0
0.0;153.3;0.0;0.0
0.0;153.3;0.5;0.0
0.0;153.3;0.0;0.0
0.0;153.3;0.0;0.0
0.0;153.3;0.0;0.0
0.0;153.3;0.0;0.0
0.0;153.3;0.3;0.0
0.0;153.3;0.0;0.0
0.0;153.3;0.0;0.0
0.0;153.3;0.0;0.0
0.0;153.3;0.0;0.0
0.0;153.3;0.0;0.0
0.0;153.3;0.0;0.0
0.0;153.3;0.0;0.0
0.0;153.3;0.0;0.0
0.0;153.3;0.0;0.0
0.0;153.3;0.0;0.0
0.0;153.3;1.3;0.0
0.0;153.3;0.0;0.0
0.0;153.3;0.0;0.0
0.0;153.3;0.0;0.0
0.0;153.3;0.0;0.0
0.0;153.3;0.0;0.0
