6.6;48.5;20.4;0.0
8.3;57.3;14.3;0.0
8.3;63.2;14.0;0.0
6.6;67.7;15.9;0.0
8.3;76.7;11.3;0.0
8.3;83.8;21.0;0.0
7.5;89.9;25.3;0.0
6.6;96.4;28.8;0.0
8.3;103.4;25.4;0.0
8.3;109.1;23.7;0.0
34.1;117.8;15.7;0.0
78.9;123.6;12.9;0.0
7.5;133.0;23.4;0.0
8.3;136.4;3.8;0.0
8.3;141.0;19.0;0.0
6.6;152.4;28.1;0.0
0.0;152.4;0.3;0.0
0.0;152.4;0.0;0.0
0.0;152.4;0.0;0.0
0.0;152.4;0.0;0.0
0.0;152.4;0.0;0.0
0.0;152.4;0.0;0.0
0.0;152.4;0.9;0.0
0.0;152.4;0.0;0.0
0.0;152.4;0.0;0.0
0.0;152.4;0.0;0.0
0.0;152.4;0.0;0.0
0.0;152.4;0.0;0.0
0.0;152.4;0.0;0.0
0.0;152.4;0.0;0.0
0.0;152.4;0.0;0.0
0.0;152.5;0.9;0.0
0.0;152.5;0.0;0.0
0.0;152.5;0.4;0.0
0.0;152.5;0.0;0.0
0.0;152.5;0.0;0.0
0.0;152.5;0.0;0.0
0.0;152.5;0.0;0.0
0.0;152.5;0.0;0.0
0.0;152.5;0.0;0.0
0.0;152.5;0.0;0.0
0.0;152.5;0.4;0.0
0.0;152.5;0.0;0.0
0.0;152.5;0.0;0.0
0.0;152.5;0.0;0.0
0.0;152.5;0.0;0.0
0.0;152.5;0.0;0.0
0.0;152.5;0.9;0.0
0.0;152.5;0.0;0.0
0.0;152.5;0.0;0.0
0.0;152.5;0.0;0.0
0.0;152.5;0.0;0.0
0.0;152.5;0.0;0.0
0.0;152.5;0.0;0.0
0.0;152.5;0.0;0.0
0.0;152.5;0.0;0.0
0.0;152.5;0.0;0.0
0.0;152.5;0.0;0.0
0.0;152.5;0.0;0.0
0.0;152.5;0.0;0.0
