6.6;49.8;15.6;0.0
7.5;55.9;16.7;0.0
8.3;62.6;9.6;0.0
8.3;68.4;15.1;0.0
6.6;63.4;15.3;0.0
8.3;70.7;9.7;0.0
8.3;78.4;21.5;0.0
7.5;84.7;24.2;0.0
7.5;91.4;30.4;0.0
8.3;98.4;26.4;0.0
7.5;104.6;23.9;0.0
35.8;117.0;11.4;0.0
77.3;125.8;22.3;0.0
7.5;134.6;17.1;0.0
8.3;139.4;9.8;0.0
7.5;148.7;31.1;0.0
3.3;153.1;10.4;0.0
0.0;153.1;0.0;0.0
0.0;153.1;0.0;0.0
0.0;153.1;0.0;0.0
0.0;153.1;0.0;0.0
0.0;153.1;0.0;0.0
0.0;153.1;0.0;0.0
0.0;153.1;0.0;0.0
0.0;153.1;0.0;0.0
0.0;153.1;0.0;0.0
0.0;153.1;0.0;0.0
0.0;153.1;0.0;0.0
0.0;153.1;0.0;0.0
0.0;153.1;0.0;0.0
0.0;153.1;0.0;0.0
0.0;153.3;1.6;0.0
0.0;153.3;0.0;0.0
0.0;153.3;0.0;0.0
0.0;153.3;0.0;0.0
0.0;153.3;0.0;0.0
0.0;153.3;0.0;0.0
0.0;153.3;0.0;0.0
0.0;153.3;0.0;0.0
0.0;153.3;0.0;0.0
0.0;153.3;0.0;0.0
0.0;153.3;0.0;0.0
0.0;153.3;0.0;0.0
0.0;153.3;0.0;0.0
0.0;153.3;0.4;0.0
0.0;153.3;0.0;0.0
0.0;153.3;0.5;0.0
0.0;153.3;0.0;0.0
0.0;153.3;0.0;0.0
0.0;153.3;0.0;0.0
0.0;153.3;0.0;0.0
0.0;153.3;0.0;0.0
0.0;153.3;0.0;0.0
0.0;153.3;0.0;0.0
0.0;153.3;2.2;0.0
0.0;153.3;0.0;0.0
0.0;153.3;0.0;0.0
0.0;153.3;0.0;0.0
0.0;153.3;0.0;0.0
0.0;153.3;0.0;0.0
