6.6;43.6;21.5;0.0
7.5;51.4;15.2;0.0
8.3;56.8;9.0;0.0
8.3;62.6;17.4;0.0
7.5;69.2;15.8;0.0
8.3;77.4;21.7;0.0
8.3;81.5;18.4;0.0
6.7;89.6;28.4;0.0
8.3;94.6;20.8;0.0
7.5;100.8;29.0;0.0
13.8;112.9;24.8;0.0
100.7;117.8;8.9;0.0
10.0;127.8;26.8;0.0
8.3;132.1;6.6;0.0
6.6;138.5;26.3;0.0
5.0;147.2;18.0;0.0
0.0;147.2;0.3;0.0
0.0;147.2;0.0;0.0
0.0;147.2;0.0;0.0
0.0;147.2;0.0;0.0
0.0;147.2;0.0;0.0
0.0;147.2;0.0;0.0
0.0;147.2;0.0;0.0
0.0;147.2;0.0;0.0
0.0;147.3;1.6;0.0
0.0;147.3;0.0;0.0
0.0;147.3;0.0;0.0
0.0;147.3;0.2;0.0
0.0;147.3;0.0;0.0
0.0;147.3;0.0;0.0
0.0;147.3;0.0;0.0
0.0;147.3;0.0;0.0
0.0;147.3;0.6;0.0
0.0;147.3;0.0;0.0
0.0;147.3;0.0;0.0
0.0;147.3;0.0;0.0
0.0;147.3;0.0;0.0
0.0;147.3;0.0;0.0
0.0;147.3;0.0;0.0
0.0;147.3;0.0;0.0
0.0;147.3;1.6;0.0
0.0;147.3;0.0;0.0
0.0;147.3;0.0;0.0
0.0;147.3;0.0;0.0
0.0;147.3;0.0;0.0
0.0;147.3;0.0;0.0
0.0;147.3;0.0;0.0
0.0;147.3;0.2;0.0
0.0;147.3;0.0;0.0
0.0;147.3;0.0;0.0
0.0;147.3;0.0;0.0
0.0;147.3;0.0;0.0
0.0;147.3;0.0;0.0
0.0;147.3;0.0;0.0
0.0;147.3;0.0;0.0
0.0;147.3;0.0;0.0
0.0;147.3;0.0;0.0
0.0;147.3;0.0;0.0
0.0;147.3;0.0;0.0
0.0;147.3;0.0;0.0
