6.6;34.0;14.6;0.0
7.5;44.3;18.2;0.0
7.5;53.5;16.1;0.0
9.1;59.9;15.1;0.0
6.6;62.9;15.9;0.0
7.5;72.1;13.0;0.0
8.3;78.0;19.9;0.0
8.3;81.6;18.9;0.0
7.5;89.1;26.4;0.0
7.5;94.1;22.2;0.0
8.3;99.8;25.2;0.0
13.1;110.1;20.7;0.0
95.6;115.7;10.4;0.0
10.8;127.1;30.2;0.0
9.1;130.4;3.2;0.0
6.6;133.1;12.6;0.0
8.3;140.5;22.7;0.0
10.0;144.5;8.4;0.0
1.7;146.6;4.3;0.0
0.0;146.6;0.0;0.0
0.0;146.6;0.0;0.0
0.0;146.6;0.0;0.0
0.0;146.6;0.0;0.0
0.0;146.6;0.0;0.0
0.0;146.6;0.0;0.0
0.0;146.6;0.0;0.0
0.0;146.6;0.0;0.0
0.0;146.6;0.8;0.0
0.0;146.6;0.0;0.0
0.0;146.7;0.9;0.0
0.0;146.7;0.0;0.0
0.0;146.7;0.0;0.0
0.0;146.7;0.0;0.0
0.0;146.7;0.0;0.0
0.0;146.7;0.0;0.0
0.0;146.7;0.0;0.0
0.0;146.7;0.0;0.0
0.0;146.7;2.0;0.0
0.0;146.7;0.0;0.0
0.0;146.7;0.0;0.0
0.0;146.7;0.0;0.0
0.0;146.7;0.0;0.0
0.0;146.7;0.0;0.0
0.0;146.7;0.0;0.0
0.0;146.7;0.0;0.0
0.0;146.7;0.0;0.0
0.0;146.7;0.0;0.0
0.0;146.7;0.0;0.0
0.0;146.7;0.0;0.0
0.0;146.7;0.0;0.0
0.0;146.7;0.0;0.0
0.0;146.7;0.0;0.0
0.0;146.7;0.0;0.0
0.0;146.7;0.0;0.0
0.0;146.7;2.7;0.0
0.0;146.7;0.0;0.0
0.0;146.7;0.0;0.0
0.0;146.7;0.0;0.0
0.0;146.7;0.0;0.0
0.0;146.7;0.0;0.0
