7.5;42.7;14.3;0.0
7.5;52.2;20.4;0.0
8.3;60.5;13.0;0.0
6.6;67.3;21.0;0.0
8.3;68.0;11.9;0.0
7.5;73.2;6.4;0.0
8.3;79.0;18.2;0.0
8.3;83.5;22.8;0.0
6.6;89.7;21.6;0.0
8.3;92.2;11.8;0.0
8.3;94.9;10.2;0.0
7.5;99.7;21.4;0.0
7.5;105.6;22.8;0.0
22.4;115.0;5.4;0.0
87.3;120.9;9.8;0.0
7.5;131.3;30.0;0.0
8.3;133.6;1.0;0.0
8.3;137.9;15.4;0.0
8.3;150.4;32.3;0.0
0.8;151.3;2.5;0.0
0.0;151.3;0.0;0.0
0.0;151.3;0.0;0.0
0.0;151.3;0.0;0.0
0.0;151.3;0.0;0.0
0.0;151.3;0.0;0.0
0.0;151.7;1.6;0.0
0.0;151.7;0.0;0.0
0.0;151.7;0.0;0.0
0.0;151.7;0.4;0.0
0.0;151.7;0.0;0.0
0.0;151.7;0.0;0.0
0.0;151.7;0.0;0.0
0.0;151.7;0.0;0.0
0.0;151.7;0.0;0.0
0.0;151.7;0.0;0.0
0.0;151.7;0.0;0.0
0.0;151.7;0.7;0.0
0.0;151.7;0.0;0.0
0.0;151.7;0.0;0.0
0.0;151.7;0.0;0.0
0.0;151.7;0.0;0.0
0.0;151.7;0.0;0.0
0.0;151.7;0.0;0.0
0.0;151.7;0.0;0.0
0.0;151.7;3.1;0.0
0.0;151.7;0.0;0.0
0.0;151.7;0.0;0.0
0.0;151.7;0.0;0.0
0.0;151.7;0.0;0.0
0.0;151.7;0.0;0.0
0.0;151.7;0.0;0.0
0.0;151.7;0.0;0.0
0.0;151.7;0.0;0.0
0.0;151.7;0.0;0.0
0.0;151.7;0.0;0.0
0.0;151.7;0.0;0.0
0.0;151.7;0.0;0.0
0.0;151.7;1.4;0.0
0.0;151.7;0.0;0.0
0.0;151.7;0.0;0.0
