7.5;38.2;24.7;0.0
6.6;52.6;26.5;0.0
9.1;59.0;11.9;0.0
6.6;64.5;15.6;0.0
8.3;70.3;15.8;0.0
8.3;79.5;22.1;0.0
8.3;82.9;13.5;0.0
6.6;90.3;26.9;0.0
8.3;95.1;21.4;0.0
7.5;102.0;29.3;0.0
8.3;108.9;24.8;0.0
40.8;124.7;11.4;0.0
66.4;129.1;17.3;0.0
7.5;135.5;12.9;0.0
8.3;136.9;0.2;0.0
9.1;141.2;9.6;0.0
7.5;148.7;26.5;0.0
4.2;155.1;14.7;0.0
0.8;155.1;0.3;0.0
0.0;155.1;0.0;0.0
0.0;155.1;0.0;0.0
0.0;155.1;0.0;0.0
0.0;155.1;0.8;0.0
0.0;155.1;0.0;0.0
0.0;155.1;0.4;0.0
0.0;155.5;0.6;0.0
0.0;155.5;0.0;0.0
0.0;155.5;0.4;0.0
0.0;155.5;0.0;0.0
0.0;155.5;0.0;0.0
0.0;155.5;0.0;0.0
0.0;155.5;0.0;0.0
0.0;155.5;0.2;0.0
0.0;155.5;0.0;0.0
0.0;155.5;0.0;0.0
0.0;155.5;0.0;0.0
0.0;155.5;0.0;0.0
0.0;155.5;0.0;0.0
0.0;155.5;0.0;0.0
0.0;155.5;0.0;0.0
0.0;155.5;0.0;0.0
0.0;155.5;0.0;0.0
0.0;155.5;0.0;0.0
0.0;155.5;0.0;0.0
0.0;155.5;0.0;0.0
0.0;155.5;0.0;0.0
0.0;155.5;0.0;0.0
0.0;155.5;0.0;0.0
0.0;155.5;0.0;0.0
0.0;155.5;0.0;0.0
0.0;155.5;0.0;0.0
0.0;155.5;0.0;0.0
0.0;155.5;0.0;0.0
0.0;155.5;0.0;0.0
0.0;155.5;0.0;0.0
0.0;155.5;0.8;0.0
0.0;155.5;0.0;0.0
0.0;155.5;0.0;0.0
0.0;155.5;0.0;0.0
0.0;155.5;0.0;0.0
