7.5;41.2;14.6;0.0
7.5;50.9;23.1;0.0
7.5;60.1;19.3;0.0
7.5;66.2;18.9;0.0
8.3;76.2;18.6;0.0
8.3;81.6;18.3;0.0
6.6;90.2;34.3;0.0
8.3;95.9;23.0;0.0
7.5;101.8;27.8;0.0
10.0;116.1;20.9;0.0
94.8;122.4;11.9;0.0
10.0;133.3;28.5;0.0
8.3;137.0;6.2;0.0
7.5;143.6;24.7;0.0
4.2;152.7;20.0;0.0
0.0;152.7;0.3;0.0
0.0;152.7;0.0;0.0
0.0;152.7;0.0;0.0
0.0;152.7;0.0;0.0
0.0;152.7;0.0;0.0
0.0;152.9;1.6;0.0
0.0;152.9;0.0;0.0
0.0;152.9;0.2;0.0
0.0;152.9;0.0;0.0
0.0;152.9;0.0;0.0
0.0;152.9;0.6;0.0
0.0;152.9;0.0;0.0
0.0;152.9;0.0;0.0
0.0;152.9;0.0;0.0
0.0;152.9;0.0;0.0
0.0;152.9;0.0;0.0
0.0;152.9;0.0;0.0
0.0;152.9;0.0;0.0
0.0;152.9;0.0;0.0
0.0;152.9;0.0;0.0
0.0;152.9;0.0;0.0
0.8;152.9;1.5;0.0
0.0;152.9;0.0;0.0
0.0;152.9;0.0;0.0
0.0;152.9;0.0;0.0
0.0;152.9;0.0;0.0
0.0;152.9;0.0;0.0
0.0;152.9;0.0;0.0
0.0;152.9;0.3;0.0
0.0;152.9;0.0;0.0
0.0;152.9;0.0;0.0
0.0;152.9;0.0;0.0
0.0;152.9;0.0;0.0
0.0;152.9;0.0;0.0
0.0;152.9;1.1;0.0
0.0;152.9;0.0;0.0
0.0;152.9;0.0;0.0
0.0;152.9;0.0;0.0
0.0;152.9;0.0;0.0
0.0;152.9;0.0;0.0
0.0;152.9;0.3;0.0
0.0;152.9;0.0;0.0
0.0;152.9;0.0;0.0
0.0;152.9;0.0;0.0
0.0;152.9;0.0;0.0
