5.8;51.8;13.6;0.0
2.5;52.9;2.2;0.0
8.3;59.0;15.9;0.0
8.3;64.7;8.8;0.0
8.3;70.4;14.1;0.0
7.5;70.8;14.5;0.0
7.5;77.7;8.7;0.0
8.3;83.2;10.8;0.0
8.3;87.6;14.2;0.0
7.5;94.1;28.5;0.0
7.5;98.7;18.8;0.0
7.5;101.6;12.4;0.0
8.3;107.3;23.6;0.0
8.3;113.4;23.6;0.0
30.8;124.6;5.7;0.0
72.4;134.2;9.6;0.0
12.5;136.2;4.2;0.0
8.3;145.4;27.4;0.0
8.3;148.2;1.0;0.0
7.5;153.4;19.6;0.0
6.6;165.7;30.4;0.0
0.0;165.7;0.3;0.0
0.0;165.7;0.0;0.0
0.0;165.7;0.0;0.0
0.0;165.7;0.0;0.0
0.0;165.7;1.0;0.0
0.0;165.7;0.0;0.0
0.0;165.7;0.0;0.0
0.0;165.7;0.0;0.0
0.0;165.7;0.0;0.0
0.0;165.7;0.1;0.0
0.0;165.7;0.0;0.0
0.0;165.8;0.9;0.0
0.0;165.8;0.0;0.0
0.0;165.8;0.0;0.0
0.0;165.8;0.0;0.0
0.0;165.8;0.0;0.0
0.0;165.8;0.0;0.0
0.0;165.8;0.0;0.0
0.0;165.8;0.0;0.0
0.0;165.8;0.0;0.0
0.0;165.8;0.0;0.0
0.0;165.8;0.4;0.0
0.0;165.8;0.0;0.0
0.8;165.8;0.6;0.0
0.0;165.8;0.0;0.0
0.0;165.8;0.0;0.0
0.0;165.8;0.0;0.0
0.0;165.8;0.0;0.0
0.0;165.8;0.0;0.0
0.0;165.8;0.0;0.0
0.0;165.8;0.0;0.0
0.0;165.8;0.0;0.0
0.0;165.8;0.0;0.0
0.0;165.8;0.0;0.0
0.0;165.8;0.0;0.0
0.0;165.8;0.0;0.0
0.0;165.8;0.0;0.0
0.0;165.8;0.0;0.0
0.0;165.8;0.0;0.0
