7.5;41.6;16.7;0.0
8.3;51.3;18.1;0.0
9.1;58.0;16.2;0.0
6.7;63.0;18.3;0.0
8.3;71.6;10.0;0.0
8.3;77.9;20.1;0.0
6.6;84.8;31.0;0.0
7.5;91.4;26.7;0.0
7.5;98.2;28.9;0.0
7.5;105.5;25.6;0.0
88.9;116.8;11.4;0.0
24.1;127.0;29.6;0.0
8.3;130.1;1.2;0.0
7.5;134.4;12.4;0.0
8.3;145.2;32.3;0.0
2.5;147.9;5.9;0.0
0.0;147.9;0.0;0.0
0.0;147.9;0.0;0.0
0.0;147.9;0.0;0.0
0.0;147.9;0.0;0.0
0.0;147.9;0.0;0.0
0.0;147.9;0.0;0.0
0.0;147.9;0.0;0.0
0.0;147.9;0.0;0.0
0.0;147.9;0.8;0.0
0.0;147.9;0.0;0.0
0.0;147.9;0.0;0.0
0.0;147.9;0.0;0.0
0.0;147.9;0.3;0.0
0.0;147.9;0.0;0.0
0.0;148.3;0.9;0.0
0.0;148.3;0.0;0.0
0.0;148.3;0.0;0.0
0.0;148.3;0.4;0.0
0.0;148.3;0.0;0.0
0.0;148.3;0.0;0.0
0.0;148.3;0.0;0.0
0.0;148.3;0.3;0.0
0.0;148.3;0.0;0.0
0.0;148.3;0.0;0.0
0.0;148.3;0.0;0.0
0.0;148.3;0.0;0.0
0.0;148.3;0.0;0.0
0.0;148.3;0.0;0.0
0.0;148.3;0.0;0.0
0.0;148.3;0.9;0.0
0.0;148.3;0.0;0.0
0.0;148.3;0.0;0.0
0.0;148.3;0.0;0.0
0.0;148.3;0.0;0.0
0.0;148.3;0.0;0.0
0.0;148.3;0.0;0.0
0.0;148.3;0.0;0.0
0.0;148.3;0.0;0.0
0.0;148.3;0.0;0.0
0.0;148.3;0.0;0.0
0.0;148.3;0.0;0.0
0.0;148.3;0.0;0.0
0.0;148.3;0.0;0.0
0.0;148.3;0.0;0.0
