6.6;52.6;16.2;0.0
6.6;63.2;22.5;0.0
9.9;70.2;15.5;0.0
5.8;70.7;1.5;0.0
5.8;72.2;4.2;0.0
7.5;75.4;12.5;0.0
8.3;80.7;5.3;0.0
8.3;87.3;18.5;0.0
8.3;91.3;13.1;0.0
6.6;98.7;27.5;0.0
7.5;102.6;19.0;0.0
8.3;107.7;22.8;0.0
7.5;115.4;26.3;0.0
7.4;117.2;9.1;0.0
9.0;117.8;0.5;0.0
8.2;117.8;0.0;0.0
9.1;117.9;0.5;0.0
83.8;135.3;7.2;0.0
23.3;139.0;8.4;0.0
8.3;143.8;20.0;0.0
8.3;148.7;5.6;0.0
8.2;149.2;0.0;0.0
9.0;149.5;0.0;0.0
8.2;149.9;0.6;0.0
8.3;154.3;9.2;0.0
7.5;164.6;33.3;0.0
2.5;168.2;8.2;0.0
0.0;168.2;0.0;0.0
0.0;168.2;0.0;0.0
0.0;168.2;0.0;0.0
0.0;168.2;0.0;0.0
0.0;168.2;0.0;0.0
0.0;168.2;0.0;0.0
0.0;168.2;0.0;0.0
0.0;168.2;0.0;0.0
0.0;168.2;0.8;0.0
0.0;168.2;0.0;0.0
0.0;168.2;0.0;0.0
0.0;168.2;0.0;0.0
0.0;168.2;0.0;0.0
0.0;168.2;0.0;0.0
0.0;168.2;0.0;0.0
0.0;168.2;0.0;0.0
0.0;168.2;0.0;0.0
0.0;168.2;0.0;0.0
0.0;168.2;0.1;0.0
0.0;168.2;0.0;0.0
0.0;168.3;1.0;0.0
0.0;168.3;0.0;0.0
0.0;168.3;0.4;0.0
0.0;168.3;0.0;0.0
0.0;168.3;0.0;0.0
0.0;168.3;0.0;0.0
0.0;168.3;0.0;0.0
0.0;168.3;0.0;0.0
0.0;168.3;0.0;0.0
0.0;168.3;0.0;0.0
0.0;168.3;0.0;0.0
0.0;168.3;0.0;0.0
0.0;168.3;0.0;0.0
