6.6;49.4;24.3;0.0
8.3;58.8;17.0;0.0
7.5;62.8;22.5;0.0
7.5;69.8;9.5;0.0
8.3;75.6;13.4;0.0
9.1;79.6;11.2;0.0
6.6;82.5;16.7;0.0
7.5;88.7;18.4;0.0
7.5;94.9;28.6;0.0
7.5;101.6;29.2;0.0
20.0;117.5;20.2;0.0
91.3;123.3;11.1;0.0
9.2;134.6;30.0;0.0
8.3;139.0;6.6;0.0
8.3;144.9;24.3;0.0
5.0;154.1;20.3;0.0
0.0;154.1;0.1;0.0
0.0;154.1;0.0;0.0
0.0;154.1;0.0;0.0
0.0;154.1;0.0;0.0
0.0;154.1;0.0;0.0
0.0;154.1;0.0;0.0
0.0;154.2;1.6;0.0
0.0;154.2;0.0;0.0
0.0;154.2;0.0;0.0
0.0;154.2;0.0;0.0
0.0;154.2;0.9;0.0
0.0;154.2;0.0;0.0
0.0;154.2;0.0;0.0
0.0;154.2;0.0;0.0
0.0;154.2;0.0;0.0
0.0;154.2;0.0;0.0
0.0;154.2;0.0;0.0
0.0;154.2;0.3;0.0
0.0;154.2;0.0;0.0
0.0;154.2;0.0;0.0
0.0;154.2;0.0;0.0
0.0;154.2;0.0;0.0
0.0;154.2;0.0;0.0
0.0;154.2;0.0;0.0
0.0;154.2;0.0;0.0
0.0;154.2;0.0;0.0
0.0;154.2;0.0;0.0
0.0;154.2;0.0;0.0
0.0;154.2;0.0;0.0
0.0;154.2;0.0;0.0
0.0;154.2;0.0;0.0
0.0;154.2;0.0;0.0
0.0;154.2;0.0;0.0
0.0;154.2;2.7;0.0
0.0;154.2;0.0;0.0
0.0;154.2;0.0;0.0
0.0;154.2;0.0;0.0
0.0;154.2;0.0;0.0
0.0;154.2;0.0;0.0
0.0;154.2;0.3;0.0
0.0;154.2;0.0;0.0
0.0;154.2;0.0;0.0
0.0;154.2;0.0;0.0
0.0;154.2;0.0;0.0
