6.6;43.8;15.8;0.0
7.5;54.8;19.8;0.0
9.1;64.7;16.1;0.0
7.8;71.4;16.8;0.0
0.8;72.5;2.2;0.0
6.6;64.2;13.1;0.0
8.3;71.4;7.3;0.0
7.5;77.9;19.5;0.0
7.5;80.8;15.2;0.0
7.5;88.7;27.4;0.0
8.3;93.0;19.4;0.0
7.5;99.7;28.7;0.0
8.3;106.8;24.8;0.0
78.7;118.1;10.4;0.0
29.1;124.2;21.0;0.0
8.3;130.8;10.2;0.0
7.5;135.8;9.8;0.0
6.6;136.7;10.2;0.0
8.3;145.7;22.5;0.0
3.3;149.3;8.7;0.0
0.0;149.3;0.0;0.0
0.0;149.3;0.0;0.0
0.0;149.3;0.0;0.0
0.0;149.3;0.0;0.0
0.0;149.3;0.0;0.0
0.0;149.3;0.0;0.0
0.0;149.3;0.0;0.0
0.0;149.3;0.0;0.0
0.0;149.3;0.0;0.0
0.0;149.3;0.0;0.0
0.0;149.3;0.0;0.0
0.0;149.3;0.0;0.0
0.0;149.3;0.0;0.0
0.0;149.3;0.0;0.0
0.0;149.3;0.0;0.0
0.0;149.3;0.0;0.0
0.0;149.3;0.0;0.0
0.0;149.3;0.0;0.0
0.0;149.3;0.0;0.0
0.0;149.3;0.0;0.0
0.0;149.3;0.0;0.0
0.0;149.3;0.0;0.0
0.0;149.3;0.8;0.0
0.0;149.3;0.0;0.0
0.0;149.3;0.0;0.0
0.0;149.3;0.0;0.0
0.0;149.3;0.1;0.0
0.8;149.5;1.0;0.0
0.0;149.5;0.2;0.0
0.0;149.5;0.0;0.0
0.0;149.5;0.0;0.0
0.0;149.5;0.0;0.0
0.0;149.5;0.0;0.0
0.0;149.5;0.0;0.0
0.0;149.5;0.0;0.0
0.0;149.5;0.0;0.0
0.0;149.5;0.0;0.0
0.0;149.5;0.0;0.0
0.0;149.5;0.0;0.0
0.0;149.5;0.0;0.0
