9.2;48.1;24.3;0.0
6.6;63.8;28.8;0.0
8.3;75.0;26.4;0.0
7.5;85.9;19.8;0.0
6.6;94.1;33.4;0.0
6.6;104.6;40.2;0.0
7.5;114.2;42.1;0.0
49.1;135.0;41.3;0.0
60.6;143.6;16.9;0.0
8.3;151.0;23.4;0.0
4.2;161.8;29.6;0.0
3.3;165.2;25.8;0.0
8.3;167.3;0.4;0.0
8.3;168.1;0.0;0.0
8.3;168.3;0.0;0.0
8.3;168.7;0.0;0.0
9.1;168.7;0.0;0.0
8.3;169.5;0.0;0.0
1.7;169.5;15.5;0.0
7.5;169.6;0.2;0.0
8.3;169.6;0.0;0.0
71.5;175.9;0.9;0.0
79.8;177.4;19.1;0.0
82.4;179.4;6.4;0.0
99.0;179.9;0.0;0.0
99.8;179.9;0.0;0.0
100.6;179.9;0.0;0.0
99.8;181.5;0.0;0.0
15.0;182.6;0.0;0.0
8.3;183.1;0.0;0.0
8.3;183.3;0.0;0.0
7.5;181.6;0.3;8.0
8.3;212.4;591.4;0.0
8.3;212.8;341.9;0.0
8.3;212.8;360.4;0.0
8.3;212.8;360.6;0.0
8.3;243.9;72.5;0.0
8.3;243.9;0.4;132.0
8.3;243.9;0.4;128.0
