5.8;47.1;30.4;0.0
8.3;59.9;26.5;0.0
7.5;66.7;21.7;0.0
7.5;78.0;25.3;0.0
7.5;87.6;38.6;0.0
6.6;98.4;47.4;0.0
20.8;117.9;35.9;0.0
86.4;131.1;33.8;0.0
8.3;137.1;12.6;0.0
5.8;150.2;38.6;0.0
2.5;151.1;27.0;0.0
7.5;155.7;1.8;0.0
8.3;155.8;0.0;0.0
8.3;156.5;0.0;0.0
8.3;156.6;0.0;0.0
8.3;157.1;0.0;0.0
8.3;157.9;0.0;0.0
3.3;157.9;3.3;0.0
6.6;158.0;6.8;0.0
8.3;158.0;0.0;0.0
25.8;174.4;0.0;0.0
93.1;174.4;6.9;0.0
67.2;180.8;18.0;0.0
94.0;178.4;0.1;0.0
99.0;178.4;0.0;0.0
100.6;180.1;0.0;0.0
72.3;180.1;0.0;0.0
8.3;181.1;0.0;0.0
9.1;181.6;0.0;0.0
8.3;181.6;0.0;0.0
7.5;180.1;0.3;8.0
7.5;210.8;592.6;0.0
8.3;211.0;298.9;0.0
8.3;211.0;352.0;0.0
8.3;211.5;346.7;0.0
8.3;242.2;140.2;0.0
8.3;242.2;0.4;132.0
8.3;242.2;0.4;128.0
8.3;242.2;0.2;64.0
