13.3;41.5;23.8;0.0
7.5;55.6;28.1;0.0
7.5;65.9;26.2;0.0
8.3;76.5;18.3;0.0
7.5;83.6;29.2;0.0
5.0;94.4;42.6;0.0
7.5;104.2;43.0;0.0
50.7;127.3;34.9;0.0
58.2;137.1;23.2;0.0
7.5;144.5;22.8;0.0
5.8;156.0;30.3;0.0
1.7;158.9;29.4;0.0
8.3;161.2;0.4;0.0
8.3;161.2;0.0;0.0
9.1;161.9;0.0;0.0
8.3;162.1;0.0;0.0
8.3;162.5;0.0;0.0
7.5;162.5;0.0;0.0
8.3;162.5;0.0;0.0
9.1;162.5;0.0;0.0
8.3;162.5;0.0;0.0
7.5;163.4;0.4;0.0
4.2;163.5;11.5;0.0
7.5;163.5;0.0;0.0
8.3;163.5;0.0;0.0
9.1;163.5;0.0;0.0
8.3;163.5;0.0;0.0
64.0;179.8;1.3;0.0
66.5;181.5;26.7;0.0
91.5;183.2;3.7;0.0
99.0;183.4;0.0;0.0
100.7;183.4;0.0;0.0
99.0;183.4;0.0;0.0
99.0;185.3;0.0;0.0
17.4;186.3;0.0;0.0
8.3;186.8;0.0;0.0
8.3;187.1;0.0;0.0
7.5;187.8;0.3;8.0
9.1;218.6;467.6;0.0
8.3;218.9;361.7;0.0
8.3;218.9;366.0;0.0
8.3;218.9;360.6;0.0
7.5;250.1;173.3;0.0
8.3;250.1;0.4;132.0
