7.5;57.4;28.1;0.0
7.5;70.1;22.0;0.0
6.6;74.9;28.2;0.0
8.3;87.7;24.6;0.0
6.6;94.2;26.4;0.0
6.6;104.5;38.6;0.0
6.6;115.8;44.9;0.0
57.4;144.2;37.0;0.0
53.1;152.6;15.6;0.0
7.5;159.7;22.8;0.0
5.0;171.2;30.4;0.0
2.5;175.7;33.1;0.0
8.3;176.4;0.4;0.0
9.1;177.1;0.0;0.0
8.3;177.1;0.0;0.0
8.3;177.3;0.0;0.0
8.3;177.8;0.0;0.0
8.3;178.6;0.0;0.0
5.0;178.6;2.2;0.0
5.8;178.7;7.4;0.0
8.3;178.7;0.0;0.0
25.8;181.0;0.0;0.0
94.8;181.0;12.5;0.0
69.1;185.9;18.0;0.0
96.5;186.7;0.0;0.0
100.7;186.7;0.0;0.0
99.8;186.7;0.0;0.0
99.0;186.8;0.0;0.0
64.8;187.3;0.0;0.0
9.1;187.9;0.0;0.0
8.3;188.1;0.0;0.0
7.5;219.6;204.0;8.0
9.1;219.9;516.5;0.0
8.3;219.9;332.0;0.0
8.3;219.9;331.1;0.0
8.3;251.1;343.5;0.0
8.3;251.1;0.6;0.0
8.3;251.1;0.6;196.0
