7.5;46.6;26.8;0.0
7.5;59.0;25.3;0.0
6.6;62.1;25.2;0.0
8.3;74.1;18.8;0.0
6.6;81.0;29.0;0.0
6.6;91.4;41.8;0.0
6.6;100.9;40.2;0.0
39.1;118.5;38.1;0.0
68.1;128.6;23.2;0.0
8.3;135.6;22.8;0.0
5.0;147.3;30.3;0.0
2.5;151.5;27.8;0.0
8.3;152.4;0.4;0.0
8.3;153.1;0.0;0.0
8.3;153.3;0.0;0.0
7.5;153.3;0.0;0.0
8.3;153.3;0.0;0.0
9.1;153.3;0.0;0.0
8.3;153.3;0.0;0.0
8.3;153.7;0.0;0.0
8.3;154.6;0.0;0.0
5.0;154.6;4.5;0.0
6.6;154.7;6.7;0.0
8.3;154.7;0.0;0.0
7.5;154.7;0.0;0.0
8.3;154.7;0.0;0.0
36.5;167.1;0.0;0.0
93.2;167.1;13.7;0.0
62.4;171.9;21.3;0.0
99.0;172.6;0.0;0.0
99.8;172.8;0.0;0.0
66.5;173.3;0.0;0.0
8.3;173.8;0.0;0.0
9.1;174.1;0.0;0.0
8.3;174.1;0.0;0.0
8.3;174.7;0.3;8.0
7.5;205.7;591.8;0.0
8.3;206.2;325.7;0.0
8.3;206.2;344.0;0.0
8.3;206.2;358.8;0.0
8.3;237.2;107.7;0.0
8.3;237.2;0.4;132.0
8.3;237.2;0.4;128.0
