13.3;43.8;24.2;0.0
7.5;55.6;26.1;0.0
7.5;65.6;25.0;0.0
7.5;74.4;18.8;0.0
8.3;82.2;30.2;0.0
5.8;92.9;42.6;0.0
7.5;102.5;42.0;0.0
49.1;122.8;41.4;0.0
59.8;131.8;17.7;0.0
7.5;138.9;22.8;0.0
4.2;150.5;28.5;0.0
2.5;151.1;30.4;0.0
8.3;155.5;0.4;0.0
8.3;155.6;0.0;0.0
8.3;156.3;0.0;0.0
8.3;156.5;0.0;0.0
9.1;156.5;0.0;0.0
8.3;156.5;0.0;0.0
8.3;156.9;0.0;0.0
7.5;156.9;0.0;0.0
8.3;156.9;0.0;0.0
9.1;156.9;0.0;0.0
8.3;156.9;0.0;0.0
8.3;157.8;0.0;0.0
2.5;157.8;8.2;0.0
6.6;157.9;5.1;0.0
8.3;157.9;0.0;0.0
64.9;172.2;0.1;0.0
87.4;172.4;10.4;0.0
64.9;175.7;21.0;0.0
97.3;176.2;0.0;0.0
99.8;176.2;0.0;0.0
98.8;177.9;0.0;0.0
37.2;178.9;0.0;0.0
8.3;179.4;0.0;0.0
8.3;179.7;0.0;0.0
9.1;208.4;247.5;8.0
8.3;208.7;492.2;0.0
8.3;208.7;360.3;0.0
8.3;209.2;341.0;0.0
8.3;240.0;287.3;0.0
8.3;240.0;0.2;68.0
8.3;240.0;0.4;128.0
