17.4;42.2;23.2;0.0
6.6;57.4;29.7;0.0
8.3;67.0;24.0;0.0
7.5;76.4;17.4;0.0
8.3;84.4;25.8;0.0
5.8;94.2;40.3;0.0
7.5;104.3;42.5;0.0
20.8;127.2;37.2;0.0
85.6;138.2;30.2;0.0
8.3;144.0;9.8;0.0
7.5;158.0;41.5;0.0
2.5;158.9;29.0;0.0
7.5;163.3;0.7;0.0
8.3;163.4;0.0;0.0
8.3;164.1;0.0;0.0
8.3;164.3;0.0;0.0
8.3;164.8;0.0;0.0
8.3;165.6;0.0;0.0
4.1;165.7;10.0;0.0
8.3;165.7;0.0;0.0
87.3;178.1;5.1;0.0
72.4;184.8;22.1;0.0
94.8;181.7;0.1;0.0
99.8;181.7;0.0;0.0
98.1;183.5;0.0;0.0
9.1;184.5;0.0;0.0
8.3;185.1;0.0;0.0
8.3;185.3;0.0;0.0
8.3;183.4;0.3;8.0
8.3;214.3;544.2;0.0
8.3;214.5;322.7;0.0
8.3;214.5;357.0;0.0
8.3;214.9;351.8;0.0
8.3;245.9;150.5;0.0
8.3;245.9;0.4;132.0
8.3;245.9;0.4;128.0
