8.3;54.0;26.4;0.0
7.5;65.4;24.5;0.0
6.6;75.2;25.0;0.0
8.3;77.6;18.5;0.0
7.5;85.7;33.8;0.0
7.5;96.5;40.0;0.0
6.6;106.4;43.4;0.0
49.9;124.8;31.5;0.0
59.8;135.3;25.2;0.0
7.5;143.1;25.9;0.0
3.3;153.8;27.1;0.0
1.7;154.4;18.3;0.0
6.6;159.2;8.2;0.0
8.3;159.3;0.0;0.0
8.3;160.1;0.0;0.0
8.3;160.2;0.0;0.0
9.2;160.2;0.0;0.0
9.1;160.2;0.0;0.0
8.3;160.2;0.0;0.0
7.5;160.2;0.0;0.0
8.3;160.2;0.0;0.0
8.3;160.7;0.0;0.0
9.1;160.7;0.0;0.0
8.3;160.7;0.0;0.0
8.3;161.5;0.0;0.0
1.7;161.7;12.0;0.0
8.3;161.7;0.0;0.0
74.0;168.0;1.3;0.0
64.9;169.2;10.3;0.0
95.7;176.8;22.8;0.0
99.0;171.6;0.1;0.0
99.8;171.6;0.0;0.0
99.0;173.2;0.0;0.0
76.5;173.4;0.0;0.0
8.3;174.4;0.0;0.0
8.3;174.9;0.0;0.0
7.5;174.9;0.0;0.0
8.3;174.9;0.0;0.0
8.3;175.2;0.0;0.0
8.3;204.0;117.6;8.0
8.3;204.3;550.6;0.0
8.3;204.3;326.0;0.0
8.3;204.3;328.6;0.0
8.3;204.8;363.2;0.0
8.3;235.6;44.1;0.0
8.3;235.6;0.4;132.0
