21.6;41.9;25.6;0.0
7.5;57.1;29.5;0.0
7.5;66.7;24.4;0.0
7.5;78.0;19.1;0.0
7.5;85.5;27.7;0.0
5.8;95.6;41.4;0.0
6.6;105.2;41.0;0.0
35.8;125.9;34.7;0.0
74.0;137.1;29.1;0.0
6.6;142.8;18.0;0.0
6.6;156.3;33.2;0.0
1.7;159.2;32.4;0.0
8.3;161.3;0.4;0.0
8.3;161.4;0.0;0.0
8.3;162.1;0.0;0.0
8.3;162.3;0.0;0.0
9.2;162.3;0.0;0.0
8.3;162.3;0.0;0.0
8.3;162.7;0.0;0.0
8.3;162.9;0.0;0.0
5.8;163.6;0.4;0.0
3.3;163.7;13.0;0.0
8.3;163.7;0.0;0.0
91.5;178.0;1.3;0.0
58.2;179.7;22.9;0.0
90.7;183.3;3.3;0.0
95.5;183.3;0.0;0.0
99.2;183.3;0.0;0.0
99.8;183.3;0.0;0.0
89.0;184.0;0.0;0.0
8.3;184.5;0.0;0.0
7.5;184.7;0.0;0.0
9.1;184.7;0.0;0.0
8.3;184.7;0.0;0.0
8.3;188.1;0.3;8.0
8.3;216.5;611.7;0.0
8.3;216.5;342.6;0.0
8.3;216.5;344.6;0.0
8.3;217.0;377.2;0.0
8.3;247.8;52.5;0.0
8.3;247.8;0.4;132.0
