7.5;51.7;28.9;0.0
7.5;63.4;23.4;0.0
6.6;70.1;20.1;0.0
8.3;83.0;26.4;0.0
6.6;91.5;34.7;0.0
7.5;100.9;41.9;0.0
7.5;111.9;38.7;0.0
90.7;140.1;41.7;0.0
17.4;146.1;9.6;0.0
8.3;160.1;41.5;0.0
0.8;160.5;11.0;0.0
3.3;163.2;21.1;0.0
8.3;165.6;0.4;0.0
8.3;166.3;0.0;0.0
8.3;166.4;0.0;0.0
8.3;167.0;0.0;0.0
9.1;167.0;0.0;0.0
8.3;167.0;0.0;0.0
8.3;167.7;0.0;0.0
3.3;167.7;9.7;0.0
6.6;167.9;4.2;0.0
8.3;167.9;0.0;0.0
47.4;180.3;0.0;0.0
94.3;180.3;9.8;0.0
54.9;184.2;27.5;0.0
99.8;186.0;0.0;0.0
94.8;186.0;0.0;0.0
100.6;186.0;0.0;0.0
99.8;186.0;0.0;0.0
99.8;186.1;0.0;0.0
39.1;187.2;0.0;0.0
8.3;187.2;0.0;0.0
8.3;187.4;0.0;0.0
8.3;188.0;0.3;8.0
7.5;218.9;400.6;0.0
9.1;219.2;404.7;0.0
9.2;219.2;344.0;0.0
8.3;219.2;350.0;0.0
8.3;250.5;232.9;0.0
8.3;250.5;0.2;68.0
