7.5;59.4;30.9;0.0
7.5;71.0;27.8;0.0
8.3;71.6;17.8;0.0
7.5;79.9;28.6;0.0
6.6;90.9;45.7;0.0
6.6;101.2;43.6;0.0
51.6;125.1;39.6;0.0
56.6;134.2;17.9;0.0
7.5;141.2;22.8;0.0
5.0;152.6;30.7;0.0
1.7;153.2;20.1;0.0
6.6;157.2;8.4;0.0
8.3;158.0;0.4;0.0
8.3;158.7;0.0;0.0
8.3;158.9;0.0;0.0
8.3;159.4;0.0;0.0
9.1;159.4;0.0;0.0
8.3;159.9;0.0;0.0
5.8;160.2;2.2;0.0
4.1;160.3;9.5;0.0
8.3;160.3;0.0;0.0
9.1;160.3;0.0;0.0
8.3;160.3;0.0;0.0
12.5;178.7;0.0;0.0
98.1;190.7;1.3;0.0
69.9;192.7;27.4;0.0
92.3;194.6;1.9;0.0
99.8;194.6;0.0;0.0
100.7;194.6;0.0;0.0
99.8;196.3;0.0;0.0
55.7;196.3;0.0;0.0
8.3;197.3;0.0;0.0
8.3;197.9;0.0;0.0
8.3;226.8;0.3;8.0
8.3;227.3;633.6;0.0
8.3;227.3;350.2;0.0
8.3;227.3;345.3;0.0
8.3;227.3;365.0;0.0
8.3;258.5;33.3;0.0
8.3;258.5;0.6;196.0
8.3;258.5;0.4;128.0
