6.6;55.3;26.7;0.0
8.3;68.4;25.0;0.0
7.5;69.6;26.1;0.0
7.5;82.6;25.0;0.0
8.3;89.7;28.8;0.0
5.8;99.7;37.6;0.0
7.5;111.3;46.1;0.0
58.2;130.8;32.9;0.0
50.7;139.6;17.3;0.0
7.5;146.5;22.6;0.0
5.0;158.1;33.8;0.0
5.8;162.6;29.0;0.0
8.3;163.4;0.4;0.0
8.3;164.1;0.0;0.0
8.3;164.3;0.0;0.0
8.3;164.8;0.0;0.0
8.3;165.6;0.3;0.0
2.5;165.6;10.4;0.0
8.3;165.6;0.0;0.0
84.9;170.6;0.7;0.0
72.4;171.8;23.6;0.0
79.9;175.1;6.2;0.0
99.0;175.9;0.0;0.0
98.9;175.9;0.0;0.0
99.8;175.9;0.0;0.0
97.3;175.9;0.0;0.0
100.6;176.1;0.0;0.0
17.5;177.1;0.0;0.0
8.3;177.1;0.0;0.0
8.3;177.3;0.0;0.0
7.5;177.7;0.3;8.0
9.2;208.3;591.2;0.0
9.1;208.6;269.8;0.0
8.3;208.6;347.9;0.0
8.3;209.1;351.7;0.0
