13.3;47.4;29.7;0.0
7.5;62.5;33.8;0.0
6.6;67.7;23.0;0.0
8.3;79.9;26.4;0.0
5.8;86.9;30.4;0.0
7.5;96.0;38.4;0.0
5.8;108.0;45.3;0.0
87.4;131.3;41.0;0.0
23.2;137.9;10.2;0.0
7.5;152.3;41.7;0.0
0.0;152.3;0.0;0.0
0.0;152.3;0.0;0.0
0.0;152.3;0.0;0.0
0.0;152.3;0.0;0.0
0.0;152.3;0.0;0.0
0.0;152.3;0.0;0.0
0.0;152.3;0.0;0.0
0.0;152.4;1.7;0.0
0.0;152.4;0.0;0.0
0.0;152.4;0.0;0.0
0.0;152.4;0.4;0.0
0.0;152.4;0.0;0.0
0.0;152.4;0.0;0.0
0.0;152.4;0.0;0.0
0.0;152.4;0.0;0.0
0.0;152.4;0.0;0.0
0.0;152.4;0.0;0.0
0.0;152.4;0.0;0.0
0.0;152.4;2.3;0.0
0.0;152.4;0.0;0.0
0.0;152.4;0.0;0.0
0.0;153.9;1.1;0.0
8.3;154.8;0.4;0.0
5.8;155.2;2.2;0.0
6.6;155.5;3.8;0.0
8.3;155.5;0.0;0.0
8.3;155.5;0.0;0.0
8.3;155.5;0.0;0.0
9.1;155.5;0.0;0.0
8.3;155.5;0.0;0.0
8.3;155.5;0.0;0.0
9.1;155.5;0.0;0.0
7.5;155.5;0.0;0.0
8.3;155.5;0.0;0.0
8.3;155.5;0.0;0.0
8.3;155.5;0.0;0.0
5.0;156.1;6.8;0.0
3.3;156.6;0.0;0.0
0.0;156.6;0.0;0.0
0.0;156.6;0.0;0.0
0.0;156.6;0.0;0.0
0.0;156.6;0.0;0.0
0.0;156.6;0.0;0.0
0.0;156.6;1.8;0.0
0.0;156.6;0.0;0.0
0.0;156.6;0.0;0.0
0.0;156.6;0.0;0.0
0.0;156.6;0.4;0.0
0.0;156.6;0.0;0.0
0.0;156.6;0.0;0.0
