16.6;42.6;30.3;0.0
7.5;57.1;31.7;0.0
7.5;63.7;26.2;0.0
7.5;77.5;27.6;0.0
5.8;84.8;31.4;0.0
6.6;94.0;39.8;0.0
7.5;105.6;42.9;0.0
86.5;134.3;39.8;0.0
23.3;141.8;11.4;0.0
7.5;155.9;41.5;0.0
0.0;155.9;0.1;0.0
0.0;155.9;0.0;0.0
0.0;155.9;0.0;0.0
0.0;155.9;0.0;0.0
0.0;155.9;0.0;0.0
0.0;155.9;0.0;0.0
0.0;155.9;0.0;0.0
0.0;156.1;1.8;0.0
0.0;156.1;0.0;0.0
0.0;156.1;0.0;0.0
0.0;156.1;0.0;0.0
0.0;156.1;0.4;0.0
0.0;156.1;0.0;0.0
0.0;156.1;0.0;0.0
0.0;156.1;0.0;0.0
0.0;156.1;0.0;0.0
0.0;156.1;0.0;0.0
0.0;156.1;0.0;0.0
0.0;156.1;2.0;0.0
0.0;156.1;0.0;0.0
0.0;156.1;0.0;0.0
0.0;156.4;1.0;0.0
8.3;158.5;0.4;0.0
7.5;158.9;0.4;0.0
5.8;159.3;5.8;0.0
8.3;159.3;0.0;0.0
8.3;159.3;0.0;0.0
8.3;159.3;0.0;0.0
8.3;159.3;0.0;0.0
8.3;159.3;0.0;0.0
8.3;159.3;0.0;0.0
8.3;159.3;0.0;0.0
8.3;159.3;0.0;0.0
8.3;159.3;0.0;0.0
8.3;159.3;0.0;0.0
8.3;159.3;0.0;0.0
6.6;159.4;1.3;0.0
5.8;159.9;5.7;0.0
0.8;160.4;0.0;0.0
0.0;160.4;0.0;0.0
0.0;160.4;0.0;0.0
0.0;160.4;0.0;0.0
0.0;160.4;0.0;0.0
0.0;160.4;0.0;0.0
0.0;160.4;1.7;0.0
0.0;160.4;0.0;0.0
0.0;160.4;0.0;0.0
0.0;160.4;0.4;0.0
0.0;160.4;0.0;0.0
0.0;160.4;0.0;0.0
