7.5;49.6;34.2;0.0
6.6;61.8;25.3;0.0
6.7;69.8;22.2;0.0
8.3;79.2;27.6;0.0
5.8;89.0;41.7;0.0
6.6;99.0;42.9;0.0
34.1;123.8;36.5;0.0
75.7;135.1;28.3;0.0
6.6;142.6;23.2;0.0
5.0;154.1;28.0;0.0
0.0;154.1;0.0;0.0
0.0;154.1;0.0;0.0
0.0;154.1;0.0;0.0
0.0;154.1;0.0;0.0
0.0;154.1;0.0;0.0
0.0;154.1;0.0;0.0
0.0;154.1;1.8;0.0
0.0;154.2;0.0;0.0
0.0;154.2;0.0;0.0
0.0;154.2;0.0;0.0
0.0;154.2;0.4;0.0
0.0;154.2;0.0;0.0
0.0;154.2;0.0;0.0
0.0;154.2;0.0;0.0
0.0;154.2;0.0;0.0
0.0;154.2;0.0;0.0
0.0;154.2;0.0;0.0
0.0;154.2;2.1;0.0
0.0;154.2;0.0;0.0
0.0;154.2;0.0;0.0
0.0;154.2;0.0;0.0
3.3;156.6;1.5;0.0
8.3;156.6;0.0;0.0
4.1;157.0;2.4;0.0
7.5;157.3;3.5;0.0
8.3;157.3;0.0;0.0
8.3;157.3;0.0;0.0
8.3;157.3;0.0;0.0
8.3;157.3;0.0;0.0
8.3;157.3;0.0;0.0
8.3;157.3;0.0;0.0
8.3;157.3;0.0;0.0
9.1;157.3;0.0;0.0
8.3;157.3;0.0;0.0
8.3;157.3;0.0;0.0
6.6;159.4;1.3;0.0
6.7;159.9;6.0;0.0
0.8;158.5;0.0;0.0
0.0;158.5;0.0;0.0
0.0;158.5;0.0;0.0
0.0;158.5;0.0;0.0
0.0;158.5;0.0;0.0
0.0;158.5;0.0;0.0
0.0;158.5;1.7;0.0
0.0;158.5;0.0;0.0
0.0;158.5;0.0;0.0
0.0;158.5;0.4;0.0
0.0;158.5;0.0;0.0
0.0;158.5;0.0;0.0
0.0;158.5;0.0;0.0
