7.5;51.7;33.5;0.0
6.6;64.8;26.4;0.0
7.5;70.3;23.7;0.0
7.5;79.6;27.8;0.0
6.6;89.3;39.7;0.0
6.6;99.5;44.3;0.0
32.4;124.6;35.4;0.0
75.5;135.9;30.2;0.0
8.3;143.4;22.4;0.0
4.1;154.8;28.8;0.0
0.0;154.8;0.0;0.0
0.0;154.8;0.0;0.0
0.0;154.8;0.0;0.0
0.0;154.8;0.0;0.0
0.0;154.8;0.0;0.0
0.0;154.8;0.0;0.0
0.8;154.9;1.7;0.0
0.0;154.9;0.0;0.0
0.0;154.9;0.0;0.0
0.0;154.9;0.0;0.0
0.0;154.9;0.4;0.0
0.0;154.9;0.0;0.0
0.0;154.9;0.0;0.0
0.0;154.9;0.0;0.0
0.0;154.9;0.0;0.0
0.0;154.9;0.0;0.0
0.0;154.9;0.0;0.0
0.0;154.9;1.9;0.0
0.0;154.9;0.0;0.0
0.0;154.9;0.0;0.0
0.0;154.9;0.0;0.0
4.1;157.5;1.4;0.0
7.5;157.5;0.0;0.0
4.1;158.1;6.2;0.0
8.3;158.3;0.0;0.0
9.1;158.3;0.0;0.0
8.3;158.3;0.0;0.0
8.3;158.3;0.0;0.0
8.3;158.3;0.0;0.0
8.3;158.3;0.0;0.0
8.3;158.3;0.0;0.0
8.3;158.3;0.0;0.0
8.3;158.3;0.0;0.0
8.3;158.3;0.0;0.0
8.3;158.3;0.0;0.0
6.6;158.4;1.3;0.0
4.2;158.9;5.9;0.0
1.7;159.4;0.0;0.0
0.0;159.4;0.0;0.0
0.0;159.4;0.0;0.0
0.0;159.4;0.0;0.0
0.0;159.4;0.0;0.0
0.0;159.4;0.0;0.0
0.8;159.4;1.7;0.0
0.0;159.4;0.0;0.0
0.0;159.4;0.0;0.0
0.0;159.4;0.4;0.0
0.0;159.4;0.7;0.0
0.0;159.4;0.0;0.0
0.0;159.4;0.0;0.0
