5.0;61.4;33.3;0.0
8.3;74.8;26.7;0.0
7.5;86.4;24.2;0.0
8.3;95.2;27.4;0.0
5.8;105.0;41.1;0.0
7.5;114.7;40.9;0.0
23.3;139.8;37.2;0.0
79.7;151.0;30.2;0.0
7.5;158.1;20.6;0.0
4.1;170.4;30.6;0.0
0.0;170.4;0.0;0.0
0.0;170.4;0.0;0.0
0.0;170.4;0.0;0.0
0.0;170.4;0.0;0.0
0.0;170.4;0.0;0.0
0.0;170.4;0.0;0.0
0.0;170.6;1.8;0.0
0.0;170.6;0.0;0.0
0.0;170.6;0.0;0.0
0.0;170.6;0.0;0.0
0.0;170.6;0.4;0.0
0.0;170.6;0.0;0.0
0.0;170.6;0.0;0.0
0.0;170.6;0.0;0.0
0.0;170.6;0.0;0.0
0.0;170.6;0.0;0.0
0.0;170.6;0.0;0.0
0.0;170.6;0.0;0.0
0.0;170.6;2.0;0.0
0.0;170.6;0.0;0.0
0.0;170.6;0.0;0.0
2.5;173.1;1.4;0.0
8.3;173.1;0.0;0.0
4.2;173.5;4.7;0.0
8.3;173.9;1.4;0.0
8.3;173.9;0.0;0.0
8.3;173.9;0.0;0.0
8.3;173.9;0.0;0.0
8.3;173.9;0.0;0.0
8.3;173.9;0.0;0.0
8.3;173.9;0.0;0.0
8.3;173.9;0.0;0.0
8.3;173.9;0.0;0.0
8.3;173.9;0.0;0.0
8.3;173.9;0.0;0.0
7.5;174.0;1.3;0.0
5.0;174.5;5.7;0.0
0.8;174.9;0.0;0.0
0.0;174.9;0.0;0.0
0.0;174.9;0.0;0.0
0.0;174.9;0.0;0.0
0.0;174.9;0.0;0.0
0.0;174.9;0.0;0.0
0.0;174.9;1.8;0.0
0.0;174.9;0.0;0.0
0.0;174.9;0.0;0.0
0.0;174.9;0.4;0.0
0.0;174.9;0.0;0.0
0.0;174.9;0.0;0.0
0.0;174.9;0.0;0.0
