6.6;52.4;34.4;0.0
7.5;63.5;23.5;0.0
6.6;72.5;22.4;0.0
8.3;81.4;28.4;0.0
5.0;91.9;44.1;0.0
7.5;102.2;44.1;0.0
48.3;125.7;45.0;0.0
61.5;134.6;16.2;0.0
7.5;146.3;36.9;0.0
1.7;152.4;13.4;0.0
0.0;152.4;0.0;0.0
0.0;152.4;0.0;0.0
0.0;152.4;0.0;0.0
0.0;152.4;0.0;0.0
0.0;152.4;0.0;0.0
0.0;152.4;0.0;0.0
0.0;152.7;1.7;0.0
0.0;152.7;0.0;0.0
0.0;152.7;0.0;0.0
0.0;152.7;0.0;0.0
0.0;152.7;0.4;0.0
0.0;152.7;0.0;0.0
0.0;152.7;0.0;0.0
0.0;152.7;0.0;0.0
0.0;152.7;0.0;0.0
0.0;152.7;0.4;0.0
0.0;152.7;0.0;0.0
0.0;152.7;0.0;0.0
0.0;152.7;0.0;0.0
0.0;152.7;0.0;0.0
0.0;152.7;0.0;0.0
0.0;152.7;0.0;0.0
0.0;152.7;0.0;0.0
0.0;152.7;0.0;0.0
0.8;153.1;2.9;0.0
8.3;155.1;0.4;0.0
7.5;155.6;0.4;0.0
5.0;156.0;5.8;0.0
8.3;156.0;0.0;0.0
8.3;156.0;0.0;0.0
8.3;156.0;0.0;0.0
8.3;156.0;0.0;0.0
8.3;156.0;0.0;0.0
9.2;156.0;0.0;0.0
8.3;156.0;0.0;0.0
8.3;156.0;0.0;0.0
8.3;156.0;0.0;0.0
8.3;156.0;0.0;0.0
8.3;156.1;1.1;0.0
4.1;156.6;6.2;0.0
0.8;157.1;0.0;0.0
0.0;157.1;0.0;0.0
0.0;157.1;0.0;0.0
0.0;157.1;0.0;0.0
0.0;157.1;0.0;0.0
0.0;157.1;0.0;0.0
0.0;157.1;0.8;0.0
0.0;157.1;0.0;0.0
0.0;157.1;0.0;0.0
0.0;157.1;0.0;0.0
