24.9;44.2;26.4;0.0
8.3;58.8;29.1;0.0
5.8;65.6;29.1;0.0
8.3;79.3;27.8;0.0
5.8;86.9;31.8;0.0
6.6;96.3;41.4;0.0
6.6;107.7;41.1;0.0
89.9;125.8;34.6;0.0
20.0;135.8;16.6;0.0
7.5;149.7;41.3;0.0
0.0;149.7;0.3;0.0
0.0;149.7;0.0;0.0
0.0;149.7;0.0;0.0
0.0;149.7;0.0;0.0
0.0;149.7;0.0;0.0
0.0;149.7;0.0;0.0
0.0;149.7;0.0;0.0
0.0;150.0;1.7;0.0
0.0;150.0;0.0;0.0
0.0;150.0;0.0;0.0
0.0;150.0;0.0;0.0
0.0;150.0;0.0;0.0
0.0;150.0;0.0;0.0
0.0;150.0;0.0;0.0
0.0;150.0;0.0;0.0
0.0;150.0;0.0;0.0
0.0;150.0;0.0;0.0
0.0;150.0;0.0;0.0
0.0;150.0;0.0;0.0
0.0;150.0;2.7;0.0
0.0;150.0;0.0;0.0
0.0;150.0;0.0;0.0
0.0;150.0;0.0;0.0
0.0;150.0;0.0;0.0
0.0;150.0;0.0;0.0
0.0;150.0;0.0;0.0
0.0;150.8;0.9;0.0
8.3;152.5;0.4;0.0
5.8;153.0;0.4;0.0
5.8;153.3;6.1;0.0
8.3;153.3;0.0;0.0
8.3;153.3;0.0;0.0
8.3;153.3;0.0;0.0
8.3;153.3;0.0;0.0
8.3;153.3;0.0;0.0
8.3;153.3;0.0;0.0
8.3;153.3;0.0;0.0
9.1;153.3;0.0;0.0
8.3;153.3;0.0;0.0
8.3;153.3;0.0;0.0
8.3;153.3;0.0;0.0
3.3;153.4;1.3;0.0
5.8;153.9;5.6;0.0
0.0;154.4;0.0;0.0
0.0;154.4;0.0;0.0
0.0;154.4;0.0;0.0
0.0;154.4;0.0;0.0
0.0;154.4;0.0;0.0
0.0;154.4;1.8;0.0
0.0;154.4;0.0;0.0
