6.6;51.0;33.6;0.0
7.5;64.7;28.3;0.0
6.6;68.7;22.8;0.0
8.3;78.4;28.6;0.0
5.8;89.4;45.1;0.0
7.5;99.4;43.4;0.0
36.6;125.3;31.1;0.0
73.2;136.7;30.2;0.0
7.5;144.5;22.8;0.0
4.2;156.0;28.4;0.0
0.0;156.0;0.0;0.0
0.0;156.0;0.0;0.0
0.0;156.0;0.0;0.0
0.0;156.0;0.0;0.0
0.0;156.0;0.0;0.0
0.0;156.0;0.0;0.0
0.0;156.3;1.8;0.0
0.0;156.3;0.0;0.0
0.0;156.3;0.0;0.0
0.0;156.3;0.0;0.0
0.0;156.3;0.4;0.0
0.0;156.3;0.0;0.0
0.0;156.3;0.0;0.0
0.0;156.3;0.0;0.0
0.0;156.3;0.0;0.0
0.0;156.3;0.0;0.0
0.0;156.3;0.0;0.0
0.0;156.3;0.0;0.0
0.0;156.3;0.0;0.0
0.0;156.3;2.1;0.0
0.0;156.3;0.0;0.0
0.0;156.3;0.0;0.0
0.8;158.2;1.0;0.0
8.3;158.7;0.4;0.0
5.8;159.1;2.2;0.0
7.5;159.5;3.9;0.0
8.3;159.5;0.0;0.0
8.3;159.5;0.0;0.0
9.1;159.5;0.0;0.0
8.3;159.5;0.0;0.0
8.3;159.5;0.0;0.0
7.5;159.5;0.0;0.0
8.3;159.5;0.0;0.0
8.3;159.5;0.0;0.0
8.3;159.5;0.0;0.0
8.3;159.5;0.0;0.0
9.1;159.6;0.7;0.0
4.1;160.2;6.2;0.0
2.5;160.6;0.0;0.0
0.0;160.6;0.0;0.0
0.0;160.6;0.0;0.0
0.0;160.6;0.0;0.0
0.0;160.6;0.0;0.0
0.0;160.6;0.0;0.0
0.0;160.6;1.7;0.0
0.0;160.6;0.0;0.0
0.0;160.6;0.0;0.0
0.0;160.6;0.0;0.0
0.0;160.6;0.4;0.0
0.0;160.6;0.0;0.0
