6.6;65.5;31.8;0.0
6.6;60.7;29.3;0.0
8.3;75.0;28.2;0.0
6.6;83.5;30.0;0.0
7.5;93.2;40.8;0.0
5.8;105.4;47.5;0.0
82.4;123.4;34.9;0.0
27.4;132.1;12.6;0.0
7.5;146.8;43.2;0.0
0.8;147.7;2.2;0.0
0.0;147.7;0.0;0.0
0.0;147.7;0.0;0.0
0.0;147.7;0.0;0.0
0.0;147.7;0.0;0.0
0.0;147.7;0.0;0.0
0.0;147.7;0.0;0.0
0.0;147.9;1.8;0.0
0.0;147.9;0.0;0.0
0.0;147.9;0.0;0.0
0.0;147.9;0.0;0.0
0.0;147.9;1.1;0.0
0.0;147.9;0.0;0.0
0.0;147.9;0.0;0.0
0.0;147.9;0.0;0.0
0.0;147.9;0.0;0.0
0.0;147.9;0.0;0.0
0.0;147.9;0.0;0.0
0.0;147.9;0.0;0.0
0.0;147.9;0.0;0.0
0.0;147.9;0.0;0.0
0.0;147.9;0.0;0.0
5.0;150.2;2.8;0.0
7.5;150.2;0.0;0.0
2.5;150.7;2.2;0.0
6.6;151.0;3.9;0.0
8.3;151.0;0.0;0.0
8.3;151.0;0.0;0.0
8.3;151.0;0.0;0.0
8.3;151.0;0.0;0.0
9.1;151.0;0.0;0.0
8.3;151.0;0.0;0.0
8.3;151.0;0.0;0.0
8.3;151.0;0.0;0.0
8.3;151.0;0.0;0.0
8.3;151.0;0.0;0.0
8.3;151.1;1.1;0.0
5.0;151.7;6.1;0.0
0.8;152.1;0.0;0.0
0.0;152.1;0.0;0.0
0.0;152.1;0.0;0.0
0.0;152.1;0.0;0.0
0.0;152.1;0.0;0.0
0.0;152.1;0.0;0.0
0.0;152.1;1.7;0.0
0.0;152.1;0.0;0.0
0.0;152.1;0.0;0.0
0.0;152.1;0.0;0.0
0.0;152.1;1.1;0.0
0.0;152.1;0.0;0.0
0.0;152.1;0.0;0.0
