6.6;48.1;29.5;0.0
7.5;63.1;31.6;0.0
6.6;67.8;23.3;0.0
8.3;79.4;26.7;0.0
5.8;87.8;34.5;0.0
7.5;98.5;43.6;0.0
9.2;117.0;35.1;0.0
99.8;133.1;40.6;0.0
8.3;139.7;9.8;0.0
5.8;153.3;41.5;0.0
0.0;153.3;0.0;0.0
0.0;153.3;0.0;0.0
0.0;153.3;0.0;0.0
0.0;153.3;0.0;0.0
0.0;153.3;0.0;0.0
0.0;153.3;0.0;0.0
0.0;153.3;0.0;0.0
0.8;153.5;1.6;0.0
0.0;153.5;0.0;0.0
0.0;153.5;0.0;0.0
0.0;153.5;0.0;0.0
0.0;153.5;0.9;0.0
0.0;153.5;0.0;0.0
0.0;153.5;0.0;0.0
0.0;153.5;0.0;0.0
0.0;153.5;0.0;0.0
0.0;153.5;0.0;0.0
0.0;153.5;0.0;0.0
0.0;153.5;0.0;0.0
0.0;153.5;0.0;0.0
0.0;153.5;0.0;0.0
0.0;153.8;2.9;0.0
8.3;155.8;0.4;0.0
6.6;156.2;0.4;0.0
6.6;156.6;5.5;0.0
8.3;156.6;0.0;0.0
8.3;156.6;0.0;0.0
8.3;156.6;0.0;0.0
8.3;156.6;0.0;0.0
8.3;156.6;0.0;0.0
8.3;156.6;0.0;0.0
8.3;156.6;0.0;0.0
8.3;156.6;0.0;0.0
8.3;156.6;0.0;0.0
9.2;156.6;0.0;0.0
8.3;156.6;0.0;0.0
4.2;158.7;4.8;0.0
5.8;157.6;2.7;0.0
0.0;157.6;0.0;0.0
0.0;157.6;0.0;0.0
0.0;157.6;0.0;0.0
0.0;157.6;0.0;0.0
0.0;157.6;0.0;0.0
0.0;157.6;1.7;0.0
0.0;157.6;0.0;0.0
0.0;157.6;0.0;0.0
0.0;157.6;0.0;0.0
0.0;157.6;0.4;0.0
0.0;157.6;0.0;0.0
0.0;157.6;0.0;0.0
