7.5;49.5;34.1;0.0
7.5;62.8;26.6;0.0
6.6;71.7;23.5;0.0
8.3;80.6;28.0;0.0
6.6;91.0;44.1;0.0
6.7;101.2;44.2;0.0
44.9;120.1;42.2;0.0
64.9;129.2;18.3;0.0
7.5;136.4;22.8;0.0
5.0;147.9;28.4;0.0
0.0;147.9;0.0;0.0
0.0;147.9;0.0;0.0
0.0;147.9;0.0;0.0
0.0;147.9;0.0;0.0
0.0;147.9;0.0;0.0
0.0;147.9;0.0;0.0
0.0;147.9;0.9;0.0
0.0;148.1;0.9;0.0
0.0;148.1;0.0;0.0
0.0;148.1;0.0;0.0
0.0;148.1;0.4;0.0
0.0;148.1;0.0;0.0
0.0;148.1;0.0;0.0
0.0;148.1;0.0;0.0
0.0;148.1;0.0;0.0
0.0;148.1;0.0;0.0
0.0;148.1;0.0;0.0
0.0;148.1;0.0;0.0
0.0;148.1;0.0;0.0
0.0;148.1;2.1;0.0
0.0;148.1;0.0;0.0
0.0;148.1;0.0;0.0
0.0;148.1;0.0;0.0
3.3;150.5;1.5;0.0
8.3;150.8;0.0;0.0
4.1;151.2;6.2;0.0
8.3;151.4;0.0;0.0
8.3;151.4;0.0;0.0
8.3;151.4;0.0;0.0
8.3;151.4;0.0;0.0
8.3;151.4;0.0;0.0
8.3;151.4;0.0;0.0
8.3;151.4;0.0;0.0
8.3;151.4;0.0;0.0
8.3;151.4;0.0;0.0
8.3;151.4;0.0;0.0
8.3;151.4;0.0;0.0
4.2;152.0;7.1;0.0
5.8;152.5;0.0;0.0
0.0;152.5;0.0;0.0
0.0;152.5;0.0;0.0
0.0;152.5;0.0;0.0
0.0;152.5;0.0;0.0
0.0;152.5;0.0;0.0
0.8;152.5;1.8;0.0
0.0;152.5;0.0;0.0
0.0;152.5;0.0;0.0
0.0;152.5;0.0;0.0
0.0;152.5;0.4;0.0
0.0;152.5;0.0;0.0
