6.6;56.9;28.8;0.0
8.3;71.8;31.4;0.0
6.6;66.7;26.9;0.0
6.6;78.9;27.0;0.0
6.6;86.4;32.6;0.0
6.6;95.7;40.3;0.0
7.5;106.9;40.7;0.0
90.7;127.5;37.6;0.0
19.1;137.5;13.8;0.0
6.6;151.3;41.4;0.0
0.0;151.3;0.0;0.0
0.0;151.3;0.0;0.0
0.0;151.3;0.0;0.0
0.0;151.3;0.0;0.0
0.0;151.3;0.0;0.0
0.0;151.3;0.0;0.0
0.0;151.3;0.0;0.0
0.0;151.7;1.8;0.0
0.0;151.7;0.0;0.0
0.0;151.7;0.0;0.0
0.0;151.7;0.0;0.0
0.0;151.7;0.0;0.0
0.0;151.7;0.0;0.0
0.0;151.7;0.0;0.0
0.0;151.7;0.0;0.0
0.0;151.7;0.0;0.0
0.0;151.7;0.0;0.0
0.0;151.7;0.0;0.0
0.8;151.7;2.4;0.0
0.0;151.7;0.0;0.0
0.0;151.7;0.0;0.0
0.0;151.7;0.0;0.0
6.6;154.1;1.3;0.0
7.5;154.5;0.4;0.0
2.5;154.9;5.9;0.0
8.3;154.9;0.0;0.0
8.3;154.9;0.0;0.0
8.3;154.9;0.0;0.0
8.3;154.9;0.0;0.0
8.3;154.9;0.0;0.0
8.3;154.9;0.0;0.0
8.3;154.9;0.0;0.0
8.3;154.9;0.0;0.0
8.3;154.9;0.0;0.0
8.3;154.9;0.0;0.0
8.3;154.9;0.0;0.0
7.5;157.0;1.3;0.0
5.0;155.9;5.7;0.0
0.0;155.9;0.0;0.0
0.0;155.9;0.0;0.0
0.0;155.9;0.0;0.0
0.0;155.9;0.0;0.0
0.0;155.9;0.0;0.0
0.0;155.9;0.0;0.0
0.8;155.9;1.7;0.0
0.0;155.9;0.0;0.0
0.0;155.9;0.0;0.0
0.0;155.9;0.4;0.0
0.0;155.9;0.0;0.0
0.0;155.9;0.0;0.0
