6.6;44.0;31.7;0.0
7.5;56.9;24.2;0.0
7.5;63.5;27.1;0.0
7.5;77.0;26.8;0.0
6.6;85.3;33.3;0.0
7.5;94.6;41.7;0.0
7.5;105.9;40.5;0.0
87.4;129.1;40.1;0.0
22.4;136.4;11.1;0.0
7.5;150.3;41.5;0.0
0.0;150.3;0.1;0.0
0.0;150.3;0.0;0.0
0.0;150.3;0.0;0.0
0.0;150.3;0.0;0.0
0.0;150.3;0.0;0.0
0.0;150.3;0.0;0.0
0.0;150.3;0.0;0.0
0.0;150.5;1.7;0.0
0.0;150.5;0.0;0.0
0.0;150.5;0.0;0.0
0.0;150.5;0.0;0.0
0.0;150.5;0.4;0.0
0.0;150.5;0.0;0.0
0.0;150.5;0.0;0.0
0.0;150.5;0.0;0.0
0.0;150.5;0.0;0.0
0.0;150.5;0.0;0.0
0.0;150.5;0.0;0.0
0.0;150.5;0.0;0.0
0.0;150.5;2.3;0.0
0.0;150.5;0.0;0.0
0.0;150.5;0.0;0.0
0.8;150.8;1.0;0.0
8.3;153.1;0.4;0.0
5.8;153.6;0.4;0.0
5.0;153.9;6.0;0.0
8.3;153.9;0.0;0.0
8.3;153.9;0.0;0.0
8.3;153.9;0.0;0.0
8.3;153.9;0.0;0.0
8.3;153.9;0.0;0.0
8.3;153.9;0.0;0.0
8.3;153.9;0.0;0.0
8.3;153.9;0.0;0.0
8.3;153.9;0.0;0.0
9.1;153.9;0.0;0.0
8.3;153.9;0.0;0.0
1.7;154.6;7.2;0.0
4.1;155.0;0.0;0.0
0.0;155.0;0.0;0.0
0.0;155.0;0.0;0.0
0.0;155.0;0.0;0.0
0.0;155.0;0.0;0.0
0.0;155.0;0.0;0.0
0.0;155.0;1.6;0.0
0.0;155.0;0.0;0.0
0.0;155.0;0.0;0.0
0.0;155.0;0.0;0.0
0.0;155.0;0.0;0.0
0.0;155.0;0.0;0.0
