7.5;55.0;34.5;0.0
7.5;67.2;28.6;0.0
7.5;75.3;24.1;0.0
7.5;83.4;34.1;0.0
5.8;94.3;41.0;0.0
6.6;107.5;51.9;0.0
74.9;126.8;37.8;0.0
34.9;134.4;10.0;0.0
8.3;148.9;42.9;0.0
0.0;149.9;2.2;0.0
0.0;149.9;0.0;0.0
0.0;149.9;0.0;0.0
0.0;149.9;0.0;0.0
0.0;149.9;0.0;0.0
0.0;149.9;0.0;0.0
0.0;149.9;0.0;0.0
0.0;150.0;1.7;0.0
0.0;150.0;0.0;0.0
0.0;150.0;0.0;0.0
0.0;150.0;0.0;0.0
0.0;150.0;0.4;0.0
0.0;150.0;0.0;0.0
0.0;150.0;0.0;0.0
0.0;150.0;0.0;0.0
0.0;150.0;0.0;0.0
0.0;150.0;0.0;0.0
0.0;150.0;0.0;0.0
0.8;150.0;2.0;0.0
0.0;150.0;0.0;0.0
0.0;150.0;0.0;0.0
0.0;150.0;0.0;0.0
8.3;152.3;1.4;0.0
6.7;152.9;0.4;0.0
4.1;153.2;5.7;0.0
8.3;153.2;0.0;0.0
8.3;153.2;0.0;0.0
8.3;153.2;0.0;0.0
8.3;153.2;0.0;0.0
8.3;153.2;0.0;0.0
8.3;153.2;0.0;0.0
8.3;153.2;0.0;0.0
8.3;153.2;0.0;0.0
8.3;153.2;0.0;0.0
8.3;153.2;0.0;0.0
8.3;153.2;0.0;0.0
4.2;153.9;6.9;0.0
3.3;154.3;0.0;0.0
0.0;154.3;0.0;0.0
0.0;154.3;0.0;0.0
0.0;154.3;0.0;0.0
0.0;154.3;0.0;0.0
0.0;154.3;0.0;0.0
0.8;154.3;1.9;0.0
0.0;154.3;0.0;0.0
0.0;154.3;0.0;0.0
0.0;154.3;0.0;0.0
0.0;154.3;0.4;0.0
0.0;154.3;0.0;0.0
0.0;154.3;0.0;0.0
0.0;154.3;0.0;0.0
