6.6;61.1;34.8;0.0
7.5;73.5;25.3;0.0
6.6;84.7;23.5;0.0
8.3;93.2;26.8;0.0
5.0;103.5;42.3;0.0
7.5;113.6;45.2;0.0
39.9;135.3;36.5;0.0
68.1;145.8;25.6;0.0
6.6;154.8;29.7;0.0
3.3;164.3;21.3;0.0
0.0;164.3;0.0;0.0
0.0;164.3;0.0;0.0
0.0;164.3;0.0;0.0
0.0;164.3;0.0;0.0
0.0;164.3;0.0;0.0
0.0;164.3;0.0;0.0
0.8;164.5;1.8;0.0
0.0;164.5;0.0;0.0
0.0;164.5;0.0;0.0
0.0;164.5;0.0;0.0
0.0;164.5;0.4;0.0
0.0;164.5;0.0;0.0
0.0;164.5;0.0;0.0
0.0;164.5;0.0;0.0
0.0;164.5;0.0;0.0
0.0;164.5;0.0;0.0
0.0;164.5;0.0;0.0
0.0;164.5;0.0;0.0
0.0;164.5;2.0;0.0
0.0;164.5;0.0;0.0
0.0;164.5;0.0;0.0
0.0;165.2;1.0;0.0
8.3;166.8;0.4;0.0
6.7;167.3;0.4;0.0
5.8;167.6;5.5;0.0
8.3;167.6;0.0;0.0
9.1;167.6;0.0;0.0
8.3;167.6;0.0;0.0
8.3;167.6;0.0;0.0
8.3;167.6;0.0;0.0
8.3;167.6;0.0;0.0
9.1;167.6;0.0;0.0
8.3;167.6;0.0;0.0
8.3;167.6;0.0;0.0
8.3;167.6;0.0;0.0
8.3;167.6;0.0;0.0
3.3;168.3;6.9;0.0
2.5;168.7;0.0;0.0
0.0;168.7;0.0;0.0
0.0;168.7;0.0;0.0
0.0;168.7;0.0;0.0
0.0;168.7;0.0;0.0
0.0;168.7;0.0;0.0
0.8;168.7;1.8;0.0
0.0;168.7;0.0;0.0
0.0;168.7;0.0;0.0
0.0;168.7;0.0;0.0
0.0;168.7;0.4;0.0
0.0;168.7;0.0;0.0
0.0;168.7;0.0;0.0
