6.6;53.7;33.5;0.0
7.5;66.9;26.4;0.0
6.6;70.9;24.3;0.0
8.3;80.1;29.6;0.0
5.8;90.9;45.3;0.0
7.5;100.7;42.3;0.0
48.3;123.7;34.4;0.0
61.6;134.2;25.2;0.0
6.7;142.4;28.3;0.0
4.2;152.8;23.0;0.0
0.0;152.8;0.0;0.0
0.0;152.8;0.0;0.0
0.0;152.8;0.0;0.0
0.0;152.8;0.0;0.0
0.0;152.8;0.0;0.0
0.0;152.8;0.0;0.0
0.8;153.1;1.7;0.0
0.0;153.1;0.0;0.0
0.0;153.1;0.0;0.0
0.0;153.1;0.0;0.0
0.0;153.1;0.4;0.0
0.0;153.1;0.0;0.0
0.0;153.1;0.0;0.0
0.0;153.1;0.0;0.0
0.0;153.1;0.0;0.0
0.0;153.1;0.0;0.0
0.0;153.1;0.0;0.0
0.0;153.1;2.3;0.0
0.0;153.1;0.0;0.0
0.0;153.1;0.0;0.0
0.0;153.1;0.0;0.0
4.2;155.5;1.4;0.0
8.3;155.8;0.0;0.0
2.5;156.1;2.2;0.0
0.0;156.1;0.0;0.0
5.0;156.5;3.7;0.0
7.5;156.5;0.0;0.0
8.3;156.5;0.0;0.0
8.3;156.5;0.0;0.0
8.3;156.5;0.0;0.0
9.2;156.5;0.0;0.0
8.3;156.5;0.0;0.0
8.3;156.5;0.0;0.0
8.3;156.5;0.0;0.0
7.5;156.5;0.0;0.0
8.3;156.5;0.0;0.0
8.3;156.5;0.0;0.0
4.1;156.8;7.0;0.0
5.8;157.6;0.0;0.0
0.0;157.6;0.0;0.0
0.0;157.6;0.0;0.0
0.0;157.6;0.0;0.0
0.0;157.6;0.0;0.0
0.0;157.6;0.0;0.0
0.8;157.6;1.7;0.0
0.0;157.6;0.0;0.0
0.0;157.6;0.0;0.0
0.0;157.6;0.0;0.0
0.0;157.6;0.4;0.0
0.0;157.6;0.0;0.0
