6.6;46.6;33.7;0.0
7.5;59.5;26.0;0.0
7.5;70.3;22.4;0.0
7.5;79.3;27.4;0.0
5.8;89.0;41.3;0.0
6.6;98.8;42.5;0.0
30.8;123.1;35.4;0.0
79.0;134.9;30.2;0.0
7.5;141.8;20.6;0.0
5.0;154.3;30.6;0.0
0.0;154.3;0.0;0.0
0.0;154.3;0.0;0.0
0.0;154.3;0.0;0.0
0.0;154.3;0.0;0.0
0.0;154.3;0.0;0.0
0.0;154.3;0.0;0.0
0.0;154.3;1.4;0.0
0.0;154.6;0.4;0.0
0.0;154.6;0.0;0.0
0.0;154.6;0.0;0.0
0.0;154.6;0.4;0.0
0.0;154.6;0.0;0.0
0.0;154.6;0.0;0.0
0.0;154.6;0.0;0.0
0.0;154.6;0.0;0.0
0.0;154.6;0.0;0.0
0.0;154.6;0.0;0.0
0.0;154.6;0.0;0.0
0.0;154.6;2.4;0.0
0.0;154.6;0.0;0.0
0.0;154.6;0.0;0.0
0.0;154.6;0.0;0.0
6.6;157.1;1.4;0.0
8.3;157.6;0.4;0.0
5.0;157.9;6.0;0.0
8.3;157.9;0.0;0.0
8.3;157.9;0.0;0.0
8.3;157.9;0.0;0.0
8.3;157.9;0.0;0.0
8.3;157.9;0.0;0.0
8.3;157.9;0.0;0.0
8.3;157.9;0.0;0.0
8.3;157.9;0.0;0.0
8.3;157.9;0.0;0.0
8.3;157.9;0.0;0.0
8.3;157.9;0.0;0.0
4.2;158.6;6.9;0.0
5.0;159.0;0.0;0.0
0.0;159.0;0.0;0.0
0.0;159.0;0.0;0.0
0.0;159.0;0.0;0.0
0.0;159.0;0.0;0.0
0.0;159.0;0.0;0.0
0.0;159.0;1.8;0.0
0.0;159.0;0.0;0.0
0.0;159.0;0.0;0.0
0.0;159.0;0.0;0.0
0.0;159.0;0.4;0.0
0.0;159.0;0.0;0.0
0.0;159.0;0.0;0.0
