19.9;46.4;31.0;0.0
8.3;62.1;31.6;0.0
6.6;72.1;23.4;0.0
7.5;81.8;25.0;0.0
6.6;91.4;41.7;0.0
6.6;101.9;44.2;0.0
24.1;125.1;37.7;0.0
83.2;136.6;30.2;0.0
8.3;144.2;22.8;0.0
4.1;155.3;28.4;0.0
0.0;155.3;0.0;0.0
0.0;155.3;0.0;0.0
0.0;155.3;0.0;0.0
0.0;155.3;0.0;0.0
0.0;155.3;0.0;0.0
0.0;155.3;0.0;0.0
0.0;155.7;1.8;0.0
0.0;155.7;0.0;0.0
0.0;155.7;0.0;0.0
0.0;155.7;0.0;0.0
0.0;155.7;0.4;0.0
0.0;155.7;0.0;0.0
0.0;155.7;0.0;0.0
0.0;155.7;0.0;0.0
0.0;155.7;0.0;0.0
0.0;155.7;0.0;0.0
0.0;155.7;0.0;0.0
0.0;155.7;0.0;0.0
0.0;155.7;0.0;0.0
0.0;155.7;0.0;0.0
0.0;155.7;0.0;0.0
0.0;155.7;2.3;0.0
0.0;155.7;0.0;0.0
0.0;155.7;0.0;0.0
0.0;155.7;0.0;0.0
5.0;158.2;1.1;0.0
8.3;158.2;0.0;0.0
4.2;158.7;2.3;0.0
7.5;159.0;4.5;0.0
8.3;159.0;0.0;0.0
8.3;159.0;0.0;0.0
8.3;159.0;0.0;0.0
8.3;159.0;0.0;0.0
8.3;159.0;0.0;0.0
8.3;159.0;0.0;0.0
8.3;159.0;0.0;0.0
8.3;159.0;0.0;0.0
8.3;159.0;0.0;0.0
9.1;159.0;0.0;0.0
7.5;159.0;1.3;0.0
4.1;159.6;5.6;0.0
1.7;160.0;0.0;0.0
0.0;160.0;0.0;0.0
0.0;160.0;0.0;0.0
0.0;160.0;0.0;0.0
0.0;160.0;0.0;0.0
0.0;160.0;0.0;0.0
0.0;160.0;1.7;0.0
0.0;160.0;0.0;0.0
0.0;160.0;0.0;0.0
