6.6;51.6;33.0;0.0
7.5;64.6;26.7;0.0
7.5;71.4;22.7;0.0
7.5;80.8;24.6;0.0
5.8;90.5;41.7;0.0
7.5;101.0;44.2;0.0
24.1;120.6;34.8;0.0
85.6;133.1;33.1;0.0
6.6;139.2;17.4;0.0
5.0;152.6;33.8;0.0
0.0;152.6;0.0;0.0
0.0;152.6;0.0;0.0
0.0;152.6;0.0;0.0
0.0;152.6;0.0;0.0
0.0;152.6;0.0;0.0
0.0;152.6;0.0;0.0
0.0;152.7;1.8;0.0
0.0;152.7;0.0;0.0
0.0;152.7;0.0;0.0
0.0;152.7;0.0;0.0
0.0;152.7;0.4;0.0
0.0;152.7;0.0;0.0
0.0;152.7;0.0;0.0
0.0;152.7;0.0;0.0
0.0;152.7;0.0;0.0
0.0;152.7;0.0;0.0
0.0;152.7;0.0;0.0
0.0;152.7;0.0;0.0
0.8;152.7;2.2;0.0
0.0;152.7;0.0;0.0
0.0;152.7;0.0;0.0
0.8;154.1;0.9;0.0
7.5;155.1;0.4;0.0
5.8;155.6;1.8;0.0
6.6;155.9;4.5;0.0
8.3;155.9;0.0;0.0
8.3;155.9;0.0;0.0
8.3;155.9;0.0;0.0
8.3;155.9;0.0;0.0
8.3;155.9;0.0;0.0
8.3;155.9;0.0;0.0
8.3;155.9;0.0;0.0
8.3;155.9;0.0;0.0
8.3;155.9;0.0;0.0
8.3;155.9;0.0;0.0
8.3;158.0;1.3;0.0
5.0;158.5;5.9;0.0
0.0;157.1;0.0;0.0
0.0;157.1;0.0;0.0
0.0;157.1;0.0;0.0
0.0;157.1;0.0;0.0
0.0;157.1;0.0;0.0
0.0;157.1;0.0;0.0
0.0;157.1;1.7;0.0
0.0;157.1;0.0;0.0
0.0;157.1;0.0;0.0
0.0;157.1;0.0;0.0
0.0;157.1;0.4;0.0
0.0;157.1;0.0;0.0
0.0;157.1;0.0;0.0
