12.5;46.7;35.1;0.0
7.5;60.4;27.7;0.0
6.6;70.9;23.5;0.0
8.3;80.4;26.4;0.0
5.8;90.1;40.3;0.0
7.5;100.4;44.3;0.0
22.5;119.6;34.2;0.0
84.0;132.3;33.2;0.0
7.5;138.5;15.8;0.0
5.8;151.7;35.4;0.0
0.0;151.7;0.0;0.0
0.0;151.7;0.0;0.0
0.0;151.7;0.0;0.0
0.0;151.7;0.0;0.0
0.0;151.7;0.0;0.0
0.0;151.7;0.0;0.0
0.0;151.7;0.0;0.0
0.0;152.0;1.8;0.0
0.0;152.0;0.0;0.0
0.0;152.0;0.0;0.0
0.0;152.0;0.0;0.0
0.0;152.0;0.0;0.0
0.0;152.0;0.0;0.0
0.0;152.0;0.0;0.0
0.0;152.0;0.0;0.0
0.0;152.0;0.0;0.0
0.0;152.0;0.0;0.0
0.0;152.0;2.5;0.0
0.0;152.0;0.0;0.0
0.0;152.0;0.0;0.0
0.0;152.0;0.0;0.0
2.5;154.5;1.3;0.0
8.3;154.7;0.0;0.0
5.0;155.0;2.2;0.0
7.5;155.3;4.1;0.0
8.3;155.3;0.0;0.0
8.3;155.3;0.0;0.0
8.3;155.3;0.0;0.0
8.3;155.3;0.0;0.0
8.3;155.3;0.0;0.0
8.3;155.3;0.0;0.0
8.3;155.3;0.0;0.0
8.3;155.3;0.0;0.0
8.3;155.3;0.0;0.0
8.3;155.3;0.0;0.0
8.3;155.4;0.0;0.0
3.3;156.0;6.9;0.0
4.2;156.4;0.0;0.0
0.0;156.4;0.0;0.0
0.0;156.4;0.0;0.0
0.0;156.4;0.0;0.0
0.0;156.4;0.0;0.0
0.0;156.4;0.0;0.0
0.0;156.4;1.6;0.0
0.0;156.4;0.0;0.0
0.0;156.4;0.0;0.0
0.0;156.4;0.0;0.0
0.0;156.4;0.4;0.0
0.0;156.4;0.0;0.0
0.0;156.4;0.0;0.0
