19.1;45.3;29.6;0.0
8.3;60.0;31.1;0.0
6.7;68.1;24.5;0.0
7.5;80.9;26.4;0.0
6.6;88.9;32.9;0.0
6.6;98.2;41.7;0.0
8.3;109.5;40.5;0.0
92.4;136.1;41.6;0.0
16.6;142.5;9.8;0.0
5.8;156.1;41.5;0.0
0.0;156.1;0.0;0.0
0.0;156.1;0.0;0.0
0.0;156.1;0.0;0.0
0.0;156.1;0.0;0.0
0.0;156.1;0.0;0.0
0.0;156.1;0.0;0.0
0.0;156.1;0.0;0.0
0.0;156.4;1.8;0.0
0.0;156.4;0.0;0.0
0.0;156.4;0.0;0.0
0.0;156.4;0.4;0.0
0.0;156.4;0.0;0.0
0.0;156.4;0.0;0.0
0.0;156.4;0.0;0.0
0.0;156.4;0.0;0.0
0.0;156.4;0.0;0.0
0.0;156.4;0.0;0.0
0.0;156.4;0.0;0.0
0.8;156.4;1.9;0.0
0.0;156.4;0.0;0.0
0.0;156.4;0.0;0.0
2.5;158.9;1.4;0.0
7.5;159.1;0.0;0.0
4.1;159.3;5.4;0.0
8.3;159.7;0.5;0.0
8.3;159.7;0.0;0.0
8.3;159.7;0.0;0.0
8.3;159.7;0.0;0.0
8.3;159.7;0.0;0.0
8.3;159.7;0.0;0.0
8.3;159.7;0.0;0.0
8.3;159.7;0.0;0.0
8.3;159.7;0.0;0.0
9.1;159.7;0.0;0.0
8.3;159.7;0.0;0.0
7.5;159.8;1.3;0.0
5.0;160.4;5.7;0.0
0.8;160.8;0.0;0.0
0.0;160.8;0.0;0.0
0.0;160.8;0.0;0.0
0.0;160.8;0.0;0.0
0.0;160.8;0.0;0.0
0.0;160.8;0.0;0.0
0.0;160.8;1.7;0.0
0.0;160.8;0.0;0.0
0.0;160.8;0.0;0.0
0.0;160.8;0.4;0.0
0.0;160.8;0.0;0.0
0.0;160.8;0.0;0.0
0.0;160.8;0.0;0.0
