6.6;55.5;33.6;0.0
7.5;68.4;26.3;0.0
6.6;80.3;23.0;0.0
7.5;88.6;30.6;0.0
6.6;99.7;42.9;0.0
7.5;108.8;39.8;0.0
44.9;131.1;40.6;0.0
64.9;140.7;20.9;0.0
7.5;151.3;34.3;0.0
3.3;159.1;16.7;0.0
0.0;159.1;0.0;0.0
0.0;159.1;0.0;0.0
0.0;159.1;0.0;0.0
0.0;159.1;0.0;0.0
0.0;159.1;0.0;0.0
0.0;159.1;0.0;0.0
0.0;159.2;1.8;0.0
0.0;159.2;0.0;0.0
0.0;159.2;0.0;0.0
0.0;159.2;0.0;0.0
0.0;159.2;0.4;0.0
0.0;159.2;0.0;0.0
0.0;159.2;0.0;0.0
0.0;159.2;0.0;0.0
0.0;159.2;0.0;0.0
0.0;159.2;0.0;0.0
0.0;159.2;0.0;0.0
0.0;159.2;2.5;0.0
0.0;159.2;0.0;0.0
0.0;159.2;0.0;0.0
0.0;159.2;0.0;0.0
5.8;161.5;1.4;0.0
9.2;162.0;0.4;0.0
5.0;162.3;6.0;0.0
8.3;162.3;0.0;0.0
8.3;162.3;0.0;0.0
8.3;162.3;0.0;0.0
8.3;162.3;0.0;0.0
8.3;162.3;0.0;0.0
9.1;162.3;0.0;0.0
7.5;162.3;0.0;0.0
8.3;162.3;0.0;0.0
8.3;162.3;0.0;0.0
8.3;162.3;0.0;0.0
9.1;162.5;0.0;0.0
0.8;162.5;1.3;0.0
0.0;162.5;0.0;0.0
0.0;162.5;0.0;0.0
0.0;162.5;0.0;0.0
0.0;162.5;0.0;0.0
0.0;162.5;0.0;0.0
0.0;162.5;0.0;0.0
0.0;162.5;1.8;0.0
0.0;162.5;0.0;0.0
0.0;162.5;0.0;0.0
3.3;163.1;5.9;0.0
2.5;163.5;0.4;0.0
0.0;163.5;0.0;0.0
0.0;163.5;0.0;0.0
0.0;163.5;0.0;0.0
