7.5;54.3;31.6;0.0
6.6;69.4;31.5;0.0
7.5;70.4;23.0;0.0
7.5;82.0;26.9;0.0
6.7;91.0;35.7;0.0
7.5;101.1;43.4;0.0
10.8;114.5;35.7;0.0
96.4;130.2;39.0;0.0
8.3;136.6;12.6;0.0
5.8;150.1;38.6;0.0
0.0;150.1;0.0;0.0
0.0;150.1;0.0;0.0
0.0;150.1;0.0;0.0
0.0;150.1;0.0;0.0
0.0;150.1;0.0;0.0
0.0;150.1;0.0;0.0
0.0;150.1;0.0;0.0
0.0;150.3;1.8;0.0
0.0;150.3;0.0;0.0
0.0;150.3;0.0;0.0
0.0;150.3;0.6;0.0
0.0;150.3;0.0;0.0
0.0;150.3;0.0;0.0
0.0;150.3;0.0;0.0
0.0;150.3;0.0;0.0
0.0;150.3;0.0;0.0
0.0;150.3;0.0;0.0
0.0;150.3;0.0;0.0
0.0;150.3;0.0;0.0
0.0;150.3;0.0;0.0
0.0;150.3;0.0;0.0
0.0;150.3;1.9;0.0
0.0;150.3;0.0;0.0
0.0;150.3;0.0;0.0
0.0;150.3;0.0;0.0
4.2;152.7;1.2;0.0
8.3;152.8;0.0;0.0
4.2;153.1;2.2;0.0
8.3;153.4;3.9;0.0
8.3;153.4;0.0;0.0
8.3;153.4;0.0;0.0
8.3;153.4;0.0;0.0
8.3;153.4;0.0;0.0
8.3;153.4;0.0;0.0
9.1;153.4;0.0;0.0
8.3;153.4;0.0;0.0
8.3;153.4;0.0;0.0
8.3;153.4;0.0;0.0
8.3;153.4;0.0;0.0
6.7;153.5;1.3;0.0
5.0;154.6;5.9;0.0
0.0;154.6;0.0;0.0
0.0;154.6;0.0;0.0
0.0;154.6;0.0;0.0
0.0;154.6;0.0;0.0
0.0;154.6;0.0;0.0
0.0;154.6;0.0;0.0
0.0;154.6;1.7;0.0
0.0;154.6;0.0;0.0
0.0;154.6;0.0;0.0
