7.5;58.3;31.6;0.0
6.6;62.1;29.8;0.0
8.3;76.3;29.8;0.0
6.6;84.5;33.3;0.0
6.6;94.6;45.1;0.0
10.0;114.6;37.5;0.0
99.0;131.6;41.2;0.0
10.0;138.0;9.8;0.0
4.1;151.8;41.4;0.0
0.0;151.8;0.0;0.0
0.0;151.8;0.0;0.0
0.0;151.8;0.0;0.0
0.0;151.8;0.0;0.0
0.0;151.8;0.0;0.0
0.0;151.8;0.0;0.0
0.0;151.8;0.0;0.0
0.0;151.9;1.8;0.0
0.0;151.9;0.0;0.0
0.0;151.9;0.0;0.0
0.8;151.9;0.4;0.0
0.0;151.9;0.0;0.0
0.0;151.9;0.0;0.0
0.0;151.9;0.0;0.0
0.0;151.9;0.0;0.0
0.0;151.9;0.0;0.0
0.0;151.9;0.0;0.0
0.0;151.9;0.0;0.0
0.0;151.9;2.1;0.0
0.0;151.9;0.0;0.0
0.0;151.9;0.0;0.0
2.5;154.1;1.3;0.0
8.3;154.3;0.0;0.0
4.2;154.9;6.1;0.0
8.3;154.9;0.0;0.0
8.3;154.9;0.0;0.0
8.3;154.9;0.0;0.0
8.3;154.9;0.0;0.0
8.3;154.9;0.0;0.0
8.3;154.9;0.0;0.0
8.3;154.9;0.0;0.0
9.1;154.9;0.0;0.0
8.3;154.9;0.0;0.0
8.3;155.0;0.0;0.0
8.3;155.0;0.0;0.0
5.8;155.0;3.1;0.0
5.8;156.1;3.8;0.0
0.0;156.1;0.0;0.0
0.0;156.1;0.0;0.0
0.0;156.1;0.0;0.0
0.0;156.1;0.0;0.0
0.0;156.1;0.0;0.0
0.0;156.1;0.0;0.0
0.0;156.1;1.8;0.0
0.0;156.1;0.0;0.0
0.0;156.1;0.0;0.0
0.0;156.1;0.4;0.0
0.0;156.1;0.0;0.0
0.0;156.1;0.0;0.0
0.0;156.1;0.0;0.0
0.0;156.1;0.0;0.0
