6.6;71.8;32.0;0.0
6.6;81.0;21.8;0.0
7.5;92.9;27.1;0.0
5.8;101.8;35.7;0.0
8.3;112.5;46.4;0.0
10.8;130.9;32.7;0.0
97.2;146.9;39.0;0.0
8.3;153.3;12.6;0.0
5.8;166.7;38.7;0.0
0.0;166.7;0.0;0.0
0.0;166.7;0.0;0.0
0.0;166.7;0.0;0.0
0.0;166.7;0.0;0.0
0.0;166.7;0.0;0.0
0.0;166.7;0.0;0.0
0.0;166.7;0.0;0.0
0.0;166.9;1.9;0.0
0.0;166.9;0.0;0.0
0.0;166.9;0.0;0.0
0.0;166.9;0.4;0.0
0.0;166.9;0.0;0.0
0.0;166.9;0.0;0.0
0.0;166.9;0.0;0.0
0.0;166.9;0.0;0.0
0.0;166.9;0.0;0.0
0.0;166.9;0.0;0.0
0.0;166.9;0.0;0.0
0.8;166.9;2.3;0.0
0.0;166.9;0.0;0.0
0.0;166.9;0.0;0.0
0.8;168.3;1.1;0.0
7.5;169.2;0.4;0.0
6.6;169.7;0.4;0.0
6.6;170.0;6.0;0.0
8.3;170.0;0.0;0.0
8.3;170.0;0.0;0.0
8.3;170.0;0.0;0.0
8.3;170.0;0.0;0.0
8.3;170.0;0.0;0.0
8.3;170.0;0.0;0.0
9.2;170.0;0.0;0.0
8.3;170.0;0.0;0.0
8.3;170.0;0.0;0.0
8.3;170.0;0.0;0.0
7.5;170.3;0.0;0.0
5.0;170.8;7.4;0.0
1.7;171.3;0.0;0.0
0.0;171.3;0.0;0.0
0.0;171.3;0.0;0.0
0.0;171.3;0.0;0.0
0.0;171.3;0.0;0.0
0.0;171.3;0.0;0.0
0.0;171.3;1.8;0.0
0.0;171.3;0.0;0.0
0.0;171.3;0.0;0.0
0.0;171.3;0.0;0.0
0.0;171.3;0.4;0.0
0.0;171.3;0.0;0.0
0.0;171.3;0.0;0.0
0.0;171.3;0.0;0.0
