6.6;47.2;34.2;0.0
8.3;59.1;24.3;0.0
6.6;69.8;22.6;0.0
8.3;79.1;27.2;0.0
5.8;89.2;41.9;0.0
6.6;99.4;43.1;0.0
31.6;121.6;38.6;0.0
79.0;132.4;27.4;0.0
7.5;142.5;33.5;0.0
2.5;150.9;17.5;0.0
0.0;150.9;0.0;0.0
0.0;150.9;0.0;0.0
0.0;150.9;0.0;0.0
0.0;150.9;0.0;0.0
0.0;150.9;0.0;0.0
0.0;150.9;0.0;0.0
0.0;151.1;1.7;0.0
0.0;151.1;0.0;0.0
0.0;151.1;0.0;0.0
0.0;151.1;0.0;0.0
0.0;151.1;0.4;0.0
0.0;151.1;0.0;0.0
0.0;151.1;0.0;0.0
0.0;151.1;0.0;0.0
0.0;151.1;0.0;0.0
0.0;151.1;0.0;0.0
0.0;151.1;0.0;0.0
0.0;151.1;2.0;0.0
0.0;151.1;0.0;0.0
0.0;151.1;0.0;0.0
0.0;151.1;0.0;0.0
5.8;153.3;1.3;0.0
8.3;153.8;0.0;0.0
2.5;154.1;6.5;0.0
8.3;154.1;0.0;0.0
8.3;154.1;0.0;0.0
8.3;154.1;0.0;0.0
8.3;154.1;0.0;0.0
8.3;154.1;0.0;0.0
8.3;154.1;0.0;0.0
8.3;154.1;0.0;0.0
8.3;154.1;0.0;0.0
8.3;154.1;0.0;0.0
8.3;154.1;0.0;0.0
8.3;154.1;0.0;0.0
8.3;154.2;0.0;0.0
4.1;154.8;6.8;0.0
3.3;155.2;0.0;0.0
0.0;155.2;0.0;0.0
0.0;155.2;0.0;0.0
0.0;155.2;0.0;0.0
0.0;155.2;0.0;0.0
0.0;155.2;0.0;0.0
0.8;155.2;1.7;0.0
0.0;155.2;0.0;0.0
0.0;155.2;0.0;0.0
0.0;155.2;0.0;0.0
0.0;155.2;0.4;0.0
0.0;155.2;0.0;0.0
0.0;155.2;0.0;0.0
