20.8;46.9;29.6;0.0
7.5;62.0;32.5;0.0
6.6;64.2;24.7;0.0
8.3;77.4;27.5;0.0
5.8;85.9;35.7;0.0
7.5;95.2;43.0;0.0
7.5;105.5;35.3;0.0
97.4;134.1;41.2;0.0
12.5;140.3;13.0;0.0
5.8;153.8;38.3;0.0
0.0;153.8;0.0;0.0
0.0;153.8;0.0;0.0
0.0;153.8;0.0;0.0
0.0;153.8;0.0;0.0
0.0;153.8;0.0;0.0
0.0;153.8;0.0;0.0
0.0;153.8;0.0;0.0
0.0;154.0;1.7;0.0
0.0;154.0;0.0;0.0
0.0;154.0;0.0;0.0
0.0;154.0;0.4;0.0
0.0;154.0;0.0;0.0
0.0;154.0;0.0;0.0
0.0;154.0;0.0;0.0
0.0;154.0;0.0;0.0
0.0;154.0;0.0;0.0
0.0;154.0;0.0;0.0
0.0;154.0;0.0;0.0
0.0;154.0;2.0;0.0
0.0;154.0;0.0;0.0
0.0;154.0;0.0;0.0
1.7;156.6;1.4;0.0
8.3;156.7;0.0;0.0
5.0;157.2;6.1;0.0
8.3;157.4;0.0;0.0
8.3;157.4;0.0;0.0
8.3;157.4;0.0;0.0
8.3;157.4;0.0;0.0
8.3;157.4;0.0;0.0
8.3;157.4;0.0;0.0
8.3;157.4;0.0;0.0
8.3;157.4;0.0;0.0
8.3;157.4;0.0;0.0
8.3;157.4;0.0;0.0
8.3;157.4;0.0;0.0
6.6;157.6;1.3;0.0
5.8;158.5;6.2;0.0
0.0;158.5;0.0;0.0
0.0;158.5;0.0;0.0
0.0;158.5;0.0;0.0
0.0;158.5;0.0;0.0
0.0;158.5;0.0;0.0
0.0;158.5;0.0;0.0
0.0;158.5;1.7;0.0
0.0;158.5;0.0;0.0
0.0;158.5;0.0;0.0
0.0;158.5;0.4;0.0
0.0;158.5;0.0;0.0
0.0;158.5;0.0;0.0
0.0;158.5;0.0;0.0
