6.6;54.6;34.2;0.0
6.6;66.4;26.3;0.0
7.5;73.0;21.8;0.0
8.3;80.6;27.9;0.0
5.8;91.1;43.9;0.0
8.3;101.1;41.6;0.0
41.6;125.1;38.7;0.0
68.2;134.9;21.8;0.0
7.5;144.5;30.9;0.0
2.5;153.6;20.3;0.0
0.0;153.6;0.0;0.0
0.0;153.6;0.0;0.0
0.0;153.6;0.0;0.0
0.0;153.6;0.0;0.0
0.0;153.6;0.0;0.0
0.0;153.6;0.0;0.0
0.0;153.8;1.7;0.0
0.0;153.8;0.0;0.0
0.0;153.8;0.0;0.0
0.0;153.8;0.0;0.0
0.0;153.8;0.4;0.0
0.0;153.8;0.0;0.0
0.0;153.8;0.0;0.0
0.0;153.8;0.0;0.0
0.0;153.8;0.0;0.0
0.0;153.8;0.0;0.0
0.0;153.8;0.0;0.0
0.0;153.8;0.0;0.0
0.0;153.8;0.0;0.0
0.0;153.8;0.0;0.0
0.0;153.8;0.0;0.0
0.0;153.8;0.0;0.0
0.0;153.8;0.0;0.0
0.0;153.8;0.0;0.0
0.0;153.8;0.0;0.0
0.0;153.8;0.0;0.0
0.0;153.8;0.0;0.0
0.0;153.8;2.5;0.0
0.0;153.8;0.0;0.0
0.0;153.8;0.0;0.0
0.0;153.8;0.0;0.0
6.6;156.2;1.1;0.0
8.3;156.4;0.0;0.0
4.2;156.8;6.0;0.0
8.3;157.1;0.0;0.0
8.3;157.1;0.0;0.0
8.3;157.1;0.0;0.0
8.3;157.1;0.0;0.0
8.3;157.1;0.0;0.0
8.3;157.1;0.0;0.0
8.3;157.1;0.0;0.0
8.3;157.1;0.0;0.0
8.3;157.1;0.0;0.0
8.3;157.1;0.0;0.0
8.3;157.1;0.0;0.0
4.1;157.8;6.9;0.0
5.0;158.3;0.0;0.0
0.0;158.3;0.0;0.0
0.0;158.3;0.0;0.0
0.0;158.3;0.0;0.0
