6.6;60.9;32.1;0.0
7.5;73.0;24.8;0.0
6.6;81.9;21.6;0.0
7.5;91.2;25.0;0.0
5.8;101.3;42.3;0.0
7.5;111.4;43.4;0.0
23.3;128.6;37.5;0.0
86.4;140.0;30.2;0.0
7.5;147.3;22.0;0.0
4.1;159.1;29.2;0.0
0.0;159.1;0.0;0.0
0.0;159.1;0.0;0.0
0.0;159.1;0.0;0.0
0.0;159.1;0.0;0.0
0.0;159.1;0.0;0.0
0.0;159.1;0.0;0.0
0.0;159.2;1.8;0.0
0.0;159.2;0.0;0.0
0.0;159.2;0.0;0.0
0.0;159.2;0.0;0.0
0.0;159.2;0.4;0.0
0.0;159.2;0.0;0.0
0.0;159.2;0.0;0.0
0.0;159.2;0.0;0.0
0.0;159.2;0.0;0.0
0.0;159.2;0.0;0.0
0.0;159.2;0.0;0.0
0.0;159.2;0.0;0.0
0.0;159.2;0.0;0.0
0.0;159.2;0.0;0.0
0.0;159.2;0.0;0.0
0.0;159.2;0.0;0.0
0.0;159.2;0.0;0.0
0.0;159.2;1.9;0.0
0.0;159.2;0.0;0.0
0.0;159.2;0.0;0.0
0.0;159.2;0.0;0.0
0.0;159.2;0.0;0.0
0.0;159.2;0.0;0.0
0.0;159.2;0.0;0.0
5.8;161.6;1.4;0.0
8.3;161.7;0.0;0.0
4.1;162.1;6.2;0.0
9.1;162.3;0.0;0.0
7.5;162.3;0.0;0.0
8.3;162.3;0.0;0.0
8.3;162.3;0.0;0.0
8.3;162.3;0.0;0.0
8.3;162.3;0.0;0.0
8.3;162.3;0.0;0.0
9.2;162.3;0.0;0.0
8.3;162.3;0.0;0.0
8.3;162.3;0.0;0.0
8.3;162.3;0.0;0.0
6.6;162.5;3.1;0.0
5.0;163.4;3.7;0.0
0.0;163.4;0.0;0.0
0.0;163.4;0.0;0.0
0.0;163.4;0.0;0.0
0.0;163.4;0.0;0.0
