15.8;47.7;31.3;0.0
7.5;63.5;32.2;0.0
7.5;68.6;24.3;0.0
7.5;79.5;25.8;0.0
5.8;88.9;39.7;0.0
8.3;99.5;45.0;0.0
15.7;121.1;33.9;0.0
92.3;133.6;33.5;0.0
7.5;141.4;11.5;0.0
6.6;155.3;41.4;0.0
0.0;155.3;0.0;0.0
0.0;155.3;0.0;0.0
0.0;155.3;0.0;0.0
0.0;155.3;0.0;0.0
0.0;155.3;0.0;0.0
0.0;155.3;0.0;0.0
0.0;155.3;0.0;0.0
0.8;155.3;1.8;0.0
0.0;155.3;0.0;0.0
0.0;155.3;0.0;0.0
0.0;155.3;0.4;0.0
0.0;155.3;0.0;0.0
0.0;155.3;0.0;0.0
0.0;155.3;0.0;0.0
0.0;155.3;0.0;0.0
0.0;155.3;0.0;0.0
0.0;155.3;0.0;0.0
0.0;155.3;0.0;0.0
0.0;155.3;2.1;0.0
0.0;155.3;0.0;0.0
0.0;155.3;0.0;0.0
1.7;157.5;1.5;0.0
8.3;157.7;0.0;0.0
5.0;158.1;5.1;0.0
7.5;158.5;1.1;0.0
8.3;158.5;0.0;0.0
8.3;158.5;0.0;0.0
8.3;158.5;0.0;0.0
8.3;158.5;0.0;0.0
8.3;158.5;0.0;0.0
8.3;158.5;0.0;0.0
8.3;158.5;0.0;0.0
8.3;158.5;0.0;0.0
8.3;158.5;0.0;0.0
8.3;158.5;0.0;0.0
5.8;158.6;1.3;0.0
5.0;159.1;5.7;0.0
0.8;159.6;0.0;0.0
0.0;159.6;0.0;0.0
0.0;159.6;0.0;0.0
0.0;159.6;0.0;0.0
0.0;159.6;0.0;0.0
0.0;159.6;0.0;0.0
0.0;159.6;1.8;0.0
0.0;159.6;0.0;0.0
0.0;159.6;0.0;0.0
0.0;159.6;0.0;0.0
0.0;159.6;0.4;0.0
0.0;159.6;0.0;0.0
0.0;159.6;0.0;0.0
