5.8;53.1;36.1;0.0
8.3;66.6;28.3;0.0
6.6;75.5;24.4;0.0
8.3;84.7;30.0;0.0
6.6;95.9;46.5;0.0
7.5;108.3;47.9;0.0
58.2;131.3;39.5;0.0
52.4;140.0;13.9;0.0
7.5;153.1;39.9;0.0
0.8;157.6;10.4;0.0
0.0;157.6;0.0;0.0
0.0;157.6;0.0;0.0
0.0;157.6;0.0;0.0
0.0;157.6;0.0;0.0
0.0;157.6;0.0;0.0
0.0;157.6;0.0;0.0
0.0;157.6;1.7;0.0
0.0;157.6;0.0;0.0
0.0;157.6;0.0;0.0
0.0;157.6;0.0;0.0
0.0;157.6;0.4;0.0
0.0;157.6;0.0;0.0
0.0;157.6;0.0;0.0
0.0;157.6;0.0;0.0
0.0;157.6;0.0;0.0
0.0;157.6;0.0;0.0
0.0;157.6;0.0;0.0
0.0;157.6;2.0;0.0
0.0;157.6;0.0;0.0
0.0;157.6;0.0;0.0
0.0;157.6;0.0;0.0
8.3;159.9;1.3;0.0
7.5;160.4;0.4;0.0
5.0;160.7;5.7;0.0
8.3;160.7;0.0;0.0
8.3;160.7;0.0;0.0
8.3;160.7;0.0;0.0
8.3;160.7;0.0;0.0
8.3;160.7;0.0;0.0
8.3;160.7;0.0;0.0
8.3;160.7;0.0;0.0
8.3;160.7;0.0;0.0
8.3;160.7;0.0;0.0
8.3;160.7;0.0;0.0
8.3;160.8;0.0;0.0
6.7;161.4;6.9;0.0
0.8;161.9;0.0;0.0
0.0;161.9;0.0;0.0
0.0;161.9;0.0;0.0
0.0;161.9;0.0;0.0
0.0;161.9;0.0;0.0
0.0;161.9;0.0;0.0
0.0;161.9;1.8;0.0
0.0;161.9;0.0;0.0
0.0;161.9;0.0;0.0
0.0;161.9;0.0;0.0
0.0;161.9;0.4;0.0
0.0;161.9;0.6;0.0
0.0;161.9;0.0;0.0
0.0;161.9;0.0;0.0
