7.5;57.1;34.5;0.0
7.5;69.0;28.0;0.0
7.5;76.0;21.5;0.0
6.6;84.0;34.8;0.0
7.5;94.8;41.8;0.0
6.6;108.6;53.3;0.0
72.4;130.5;33.8;0.0
36.6;139.8;14.0;0.0
7.5;154.3;42.9;0.0
0.8;155.3;2.2;0.0
0.0;155.3;0.0;0.0
0.0;155.3;0.0;0.0
0.0;155.3;0.0;0.0
0.0;155.3;0.0;0.0
0.0;155.3;0.0;0.0
0.0;155.3;0.0;0.0
0.0;155.5;1.8;0.0
0.0;155.5;0.0;0.0
0.0;155.5;0.0;0.0
0.0;155.5;0.2;0.0
0.0;155.5;0.2;0.0
0.0;155.5;0.0;0.0
0.0;155.5;0.0;0.0
0.0;155.5;0.0;0.0
0.0;155.5;0.0;0.0
0.0;155.5;0.0;0.0
0.0;155.5;0.0;0.0
0.0;155.5;2.2;0.0
0.0;155.5;0.0;0.0
0.0;155.5;0.0;0.0
1.7;157.8;1.4;0.0
8.3;158.2;0.0;0.0
5.0;158.7;6.5;0.0
8.3;158.9;0.0;0.0
8.3;158.9;0.0;0.0
8.3;158.9;0.0;0.0
8.3;158.9;0.0;0.0
8.3;158.9;0.0;0.0
8.3;158.9;0.0;0.0
8.3;158.9;0.0;0.0
8.3;158.9;0.0;0.0
8.3;158.9;0.0;0.0
8.3;158.9;0.0;0.0
8.3;158.9;0.0;0.0
7.5;159.7;7.1;0.0
3.3;160.1;0.0;0.0
0.0;160.1;0.0;0.0
0.0;160.1;0.0;0.0
0.0;160.1;0.0;0.0
0.0;160.1;0.0;0.0
0.0;160.1;0.0;0.0
0.0;160.1;1.7;0.0
0.0;160.1;0.0;0.0
0.0;160.1;0.0;0.0
0.0;160.1;0.0;0.0
0.0;160.1;1.0;0.0
0.0;160.1;0.0;0.0
0.0;160.1;0.0;0.0
0.0;160.1;0.0;0.0
0.0;160.1;0.0;0.0
