8.3;46.6;19.7;0.0
7.5;57.3;23.8;0.0
8.3;66.9;24.0;0.0
6.7;76.3;16.5;0.0
9.2;84.7;23.0;0.0
7.5;93.6;35.7;0.0
7.5;100.6;32.2;0.0
7.5;111.1;42.0;0.0
49.5;128.0;10.3;0.0
57.3;137.1;30.0;0.0
8.3;144.0;5.6;0.0
7.5;147.5;14.6;0.0
8.3;160.0;33.3;0.0
7.5;162.3;0.8;0.0
8.3;162.5;0.1;0.0
9.2;162.6;1.5;0.0
6.6;163.1;0.0;0.0
8.3;163.3;0.2;0.0
7.5;194.9;180.1;4.0
8.3;195.6;129.1;0.0
9.2;195.6;223.2;0.0
7.5;227.1;76.8;0.0
8.3;227.1;0.0;0.0
8.3;227.1;0.0;0.0
8.3;227.4;0.4;132.0
8.3;227.4;0.4;128.0
8.3;227.4;0.2;64.0
8.3;197.0;0.3;44.0
8.3;197.0;0.0;0.0
4.2;0.0;0.0;0.0
0.0;0.0;0.0;0.0
0.0;0.0;0.0;0.0
0.0;0.0;0.0;0.0
0.0;0.0;0.0;0.0
0.0;0.0;0.0;0.0
0.0;0.0;0.0;0.0
0.0;0.0;0.0;0.0
0.0;0.0;0.0;0.0
0.0;0.0;0.0;0.0
0.0;0.0;0.0;0.0
0.0;0.0;0.0;0.0
0.0;0.0;0.0;0.0
0.0;0.0;0.0;0.0
0.0;0.0;0.0;0.0
0.0;0.0;0.0;0.0
0.0;0.0;0.0;0.0
0.0;0.0;0.0;0.0
0.0;0.0;0.0;0.0
0.0;0.0;0.0;0.0
0.0;0.0;0.0;0.0
0.0;0.0;0.0;0.0
0.0;0.0;0.0;0.0
0.0;0.0;0.0;0.0
0.0;0.0;0.0;0.0
0.0;0.0;0.0;0.0
0.0;0.0;0.0;0.0
0.0;0.0;0.0;0.0
0.0;0.0;0.0;0.0
0.0;0.0;0.0;0.0
0.0;0.0;0.0;0.0
