7.5;48.6;28.9;0.0
8.3;59.2;21.0;0.0
6.7;66.2;20.5;0.0
8.3;76.0;15.1;0.0
8.3;81.1;19.0;0.0
6.6;90.3;37.5;0.0
7.5;97.6;33.8;0.0
7.5;107.5;36.2;0.0
23.3;122.5;7.1;0.0
88.9;131.3;24.7;0.0
6.6;139.1;11.3;0.0
8.3;145.7;24.6;0.0
8.3;157.6;24.8;0.0
8.3;158.0;0.1;0.0
8.3;158.0;0.0;0.0
7.5;158.6;1.5;0.0
8.3;159.1;0.3;4.0
7.5;190.8;248.3;0.0
8.3;191.2;181.0;0.0
8.3;222.6;179.8;0.0
8.3;222.6;0.0;0.0
8.3;222.8;0.2;68.0
8.3;222.8;0.2;64.0
8.3;222.8;0.2;64.0
8.3;222.8;0.4;128.0
8.3;222.8;0.0;0.0
8.3;192.5;0.3;44.0
8.3;160.2;0.0;0.0
0.8;0.0;0.0;0.0
0.0;0.0;0.0;0.0
0.0;0.0;0.0;0.0
0.0;0.0;0.0;0.0
0.0;0.0;0.0;0.0
0.0;0.0;0.0;0.0
0.0;0.0;0.0;0.0
0.0;0.0;0.0;0.0
0.0;0.0;0.0;0.0
0.0;0.0;0.0;0.0
0.0;0.0;0.0;0.0
0.0;0.0;0.0;0.0
0.0;0.0;0.0;0.0
0.0;0.0;0.0;0.0
0.0;0.0;0.0;0.0
0.0;0.0;0.0;0.0
0.0;0.0;0.0;0.0
0.0;0.0;0.0;0.0
0.0;0.0;0.0;0.0
0.0;0.0;0.0;0.0
0.0;0.0;0.0;0.0
0.0;0.0;0.0;0.0
0.0;0.0;0.0;0.0
0.0;0.0;0.0;0.0
0.0;0.0;0.0;0.0
0.0;0.0;0.0;0.0
0.0;0.0;0.0;0.0
0.0;0.0;0.0;0.0
0.0;0.0;0.0;0.0
0.0;0.0;0.0;0.0
0.0;0.0;0.0;0.0
0.0;0.0;0.0;0.0
