6.6;49.1;13.8;0.0
8.3;58.5;23.0;0.0
8.3;67.8;19.8;0.0
7.5;65.0;18.9;0.0
7.5;74.4;12.2;0.0
8.3;79.3;17.3;0.0
7.5;89.0;41.7;0.0
7.5;95.5;30.0;0.0
8.3;100.5;20.2;0.0
8.3;106.9;20.3;0.0
79.0;125.0;12.2;0.0
28.2;136.3;29.4;0.0
8.3;139.4;3.8;0.0
7.5;143.4;17.2;0.0
8.3;156.1;29.4;0.0
9.2;156.6;0.1;0.0
8.3;156.6;0.0;0.0
8.3;156.6;0.0;0.0
8.3;156.7;1.5;0.0
7.5;157.3;0.0;0.0
7.5;158.2;0.3;4.0
8.3;189.4;263.1;0.0
8.3;189.7;196.0;0.0
8.3;189.7;149.6;0.0
8.3;221.1;1.6;0.0
8.3;221.1;0.0;0.0
8.3;221.4;0.4;132.0
8.3;221.4;0.4;128.0
8.3;221.4;0.2;64.0
8.3;190.9;0.3;44.0
8.3;191.0;0.0;0.0
8.3;191.0;0.0;0.0
3.3;0.0;0.0;0.0
0.0;0.0;0.0;0.0
0.0;0.0;0.0;0.0
0.0;0.0;0.0;0.0
0.0;0.0;0.0;0.0
0.0;0.0;0.0;0.0
0.0;0.0;0.0;0.0
0.0;0.0;0.0;0.0
0.0;0.0;0.0;0.0
0.0;0.0;0.0;0.0
0.0;0.0;0.0;0.0
0.0;0.0;0.0;0.0
0.0;0.0;0.0;0.0
0.0;0.0;0.0;0.0
0.0;0.0;0.0;0.0
0.0;0.0;0.0;0.0
0.0;0.0;0.0;0.0
0.0;0.0;0.0;0.0
0.0;0.0;0.0;0.0
0.0;0.0;0.0;0.0
0.0;0.0;0.0;0.0
0.0;0.0;0.0;0.0
0.0;0.0;0.0;0.0
0.0;0.0;0.0;0.0
0.0;0.0;0.0;0.0
0.0;0.0;0.0;0.0
0.0;0.0;0.0;0.0
0.0;0.0;0.0;0.0
