7.5;39.1;18.6;0.0
6.6;48.6;13.0;0.0
8.3;55.7;17.4;0.0
8.3;65.7;20.5;0.0
6.7;64.2;19.8;0.0
8.3;72.9;10.0;0.0
7.5;79.2;20.1;0.0
7.5;87.4;34.5;0.0
7.5;93.2;25.0;0.0
7.5;101.0;33.8;0.0
26.7;113.3;25.5;0.0
79.7;123.4;31.0;0.0
8.3;130.9;6.8;0.0
8.3;138.0;27.7;0.0
7.5;148.2;19.8;0.0
9.2;148.5;0.1;0.0
8.3;148.7;0.0;0.0
8.3;150.9;1.6;0.0
7.5;151.3;0.0;0.0
8.3;181.0;86.0;4.0
8.3;181.7;257.9;0.0
8.3;181.7;231.9;0.0
8.3;213.2;33.6;0.0
8.3;213.2;0.0;0.0
8.3;213.4;0.2;68.0
8.3;213.4;0.4;128.0
8.3;213.4;0.4;128.0
8.3;213.4;0.0;0.0
8.3;183.0;0.3;44.0
8.3;183.0;0.0;0.0
9.1;147.1;0.0;0.0
2.5;0.0;0.0;0.0
0.0;0.0;0.0;0.0
0.0;0.0;0.0;0.0
0.0;0.0;0.0;0.0
0.0;0.0;0.0;0.0
0.0;0.0;0.0;0.0
0.0;0.0;0.0;0.0
0.0;0.0;0.0;0.0
0.0;0.0;0.0;0.0
0.0;0.0;0.0;0.0
0.0;0.0;0.0;0.0
0.0;0.0;0.0;0.0
0.0;0.0;0.0;0.0
0.0;0.0;0.0;0.0
0.0;0.0;0.0;0.0
0.0;0.0;0.0;0.0
0.0;0.0;0.0;0.0
0.0;0.0;0.0;0.0
0.0;0.0;0.0;0.0
0.0;0.0;0.0;0.0
0.0;0.0;0.0;0.0
0.0;0.0;0.0;0.0
0.0;0.0;0.0;0.0
0.0;0.0;0.0;0.0
0.0;0.0;0.0;0.0
0.0;0.0;0.0;0.0
0.0;0.0;0.0;0.0
0.0;0.0;0.0;0.0
0.0;0.0;0.0;0.0
