7.5;47.8;29.0;0.0
7.5;58.1;21.0;0.0
8.3;63.9;19.5;0.0
6.6;74.4;21.0;0.0
7.5;79.5;22.0;0.0
7.5;88.8;35.0;0.0
8.3;96.7;30.0;0.0
7.5;103.2;26.0;0.0
38.3;119.0;18.5;0.0
74.8;129.5;30.2;0.0
7.5;134.0;6.2;0.0
7.5;143.5;32.5;0.0
8.3;150.6;11.7;0.0
8.3;151.0;0.1;0.0
9.2;151.2;1.5;0.0
7.5;151.7;0.0;0.0
7.5;152.2;0.3;4.0
8.3;183.6;220.7;0.0
8.3;184.0;229.6;0.0
8.3;215.4;161.2;0.0
8.3;215.6;0.0;0.0
8.3;215.6;0.4;132.0
8.3;215.6;0.2;64.0
9.1;215.6;0.2;64.0
8.3;215.6;0.2;64.0
8.3;185.3;0.3;44.0
8.3;185.3;0.0;0.0
5.8;0.0;0.0;0.0
0.0;0.0;0.0;0.0
0.0;0.0;0.0;0.0
0.0;0.0;0.0;0.0
0.0;0.0;0.0;0.0
0.0;0.0;0.0;0.0
0.0;0.0;0.0;0.0
0.0;0.0;0.0;0.0
0.0;0.0;0.0;0.0
0.0;0.0;0.0;0.0
0.0;0.0;0.0;0.0
0.0;0.0;0.0;0.0
0.0;0.0;0.0;0.0
0.0;0.0;0.0;0.0
0.0;0.0;0.0;0.0
0.0;0.0;0.0;0.0
0.0;0.0;0.0;0.0
0.0;0.0;0.0;0.0
0.0;0.0;0.0;0.0
0.0;0.0;0.0;0.0
0.0;0.0;0.0;0.0
0.0;0.0;0.0;0.0
0.0;0.0;0.0;0.0
0.0;0.0;0.0;0.0
0.0;0.0;0.0;0.0
0.0;0.0;0.0;0.0
0.0;0.0;0.0;0.0
0.0;0.0;0.0;0.0
0.0;0.0;0.0;0.0
0.0;0.0;0.0;0.0
0.0;0.0;0.0;0.0
0.0;0.0;0.0;0.0
0.0;0.0;0.0;0.0
