6.6;46.3;22.0;0.0
8.3;57.0;18.1;0.0
8.3;64.5;18.4;0.0
5.8;70.3;18.3;0.0
9.1;79.3;22.1;0.0
8.3;83.1;18.2;0.0
7.5;91.9;31.0;0.0
7.5;97.3;26.2;0.0
6.6;106.3;32.5;0.0
16.3;116.1;8.4;0.0
92.3;126.8;28.3;0.0
8.3;134.4;13.1;0.0
8.3;139.3;12.8;0.0
7.5;151.7;34.9;0.0
8.3;154.2;2.5;0.0
8.3;154.4;0.0;0.0
8.3;154.6;1.5;0.0
8.3;155.0;0.0;0.0
8.3;157.5;0.3;4.0
7.5;186.6;0.0;0.0
7.5;189.4;342.7;0.0
9.2;192.1;266.6;0.0
7.5;220.8;1.6;0.0
8.3;221.1;0.0;0.0
8.3;221.1;0.5;184.0
8.3;221.1;0.5;140.0
8.3;221.1;0.0;0.0
8.3;190.8;0.3;44.0
8.3;190.8;0.0;0.0
5.8;0.0;0.0;0.0
0.0;0.0;0.0;0.0
0.0;0.0;0.0;0.0
0.0;0.0;0.0;0.0
0.0;0.0;0.0;0.0
0.0;0.0;0.0;0.0
0.0;0.0;0.0;0.0
0.0;0.0;0.0;0.0
0.0;0.0;0.0;0.0
0.0;0.0;0.0;0.0
0.0;0.0;0.0;0.0
0.0;0.0;0.0;0.0
0.0;0.0;0.0;0.0
0.0;0.0;0.0;0.0
0.0;0.0;0.0;0.0
0.0;0.0;0.0;0.0
0.0;0.0;0.0;0.0
0.0;0.0;0.0;0.0
0.0;0.0;0.0;0.0
0.0;0.0;0.0;0.0
0.0;0.0;0.0;0.0
0.0;0.0;0.0;0.0
0.0;0.0;0.0;0.0
0.0;0.0;0.0;0.0
0.0;0.0;0.0;0.0
0.0;0.0;0.0;0.0
0.0;0.0;0.0;0.0
0.0;0.0;0.0;0.0
0.0;0.0;0.0;0.0
0.0;0.0;0.0;0.0
0.0;0.0;0.0;0.0
