8.3;47.6;28.5;0.0
7.5;58.5;22.0;0.0
7.5;64.0;22.0;0.0
8.3;71.1;7.1;0.0
7.5;78.0;20.3;0.0
7.5;84.8;27.2;0.0
7.5;92.4;31.8;0.0
7.5;100.0;34.1;0.0
10.0;111.9;22.2;0.0
90.3;122.4;19.4;0.0
19.1;132.3;21.8;0.0
8.3;137.4;16.4;0.0
8.3;151.7;33.9;0.0
7.9;152.1;0.1;0.0
8.3;152.3;0.0;0.0
8.3;152.4;1.5;0.0
7.5;153.0;0.0;0.0
8.3;184.7;22.2;4.0
8.3;185.4;322.6;0.0
8.3;185.4;217.8;0.0
7.5;216.9;47.4;0.0
8.3;216.9;0.2;68.0
8.3;216.9;0.2;64.0
8.1;216.9;0.4;128.0
8.3;216.9;0.2;64.0
8.3;216.9;0.0;0.0
8.3;186.6;0.3;44.0
8.3;186.7;0.0;0.0
3.3;0.0;0.0;0.0
0.0;0.0;0.0;0.0
0.0;0.0;0.0;0.0
0.0;0.0;0.0;0.0
0.0;0.0;0.0;0.0
0.0;0.0;0.0;0.0
0.0;0.0;0.0;0.0
0.0;0.0;0.0;0.0
0.0;0.0;0.0;0.0
0.0;0.0;0.0;0.0
0.0;0.0;0.0;0.0
0.0;0.0;0.0;0.0
0.0;0.0;0.0;0.0
0.0;0.0;0.0;0.0
0.0;0.0;0.0;0.0
0.0;0.0;0.0;0.0
0.0;0.0;0.0;0.0
0.0;0.0;0.0;0.0
0.0;0.0;0.0;0.0
0.0;0.0;0.0;0.0
0.0;0.0;0.0;0.0
0.0;0.0;0.0;0.0
0.0;0.0;0.0;0.0
0.0;0.0;0.0;0.0
0.0;0.0;0.0;0.0
0.0;0.0;0.0;0.0
0.0;0.0;0.0;0.0
0.0;0.0;0.0;0.0
0.0;0.0;0.0;0.0
0.0;0.0;0.0;0.0
0.0;0.0;0.0;0.0
0.0;0.0;0.0;0.0
