7.5;61.9;28.6;0.0
8.3;70.3;17.5;0.0
6.6;70.1;21.9;0.0
8.3;80.0;12.8;0.0
9.2;85.9;21.5;0.0
6.6;95.1;37.9;0.0
8.3;100.2;22.2;0.0
7.5;107.0;29.5;0.0
8.3;112.7;18.4;0.0
69.8;126.2;16.6;0.0
39.9;135.2;25.0;0.0
8.3;139.7;6.4;0.0
7.5;146.6;27.5;0.0
8.3;156.2;16.4;0.0
8.3;156.6;0.1;0.0
8.3;156.6;0.0;0.0
8.3;156.7;1.6;0.0
8.3;157.2;0.0;0.0
7.5;188.8;1.6;4.0
8.3;189.9;304.2;0.0
8.3;189.9;168.2;0.0
8.3;189.9;126.8;0.0
8.3;221.3;9.8;0.0
9.2;221.3;0.2;68.0
8.3;221.5;0.4;128.0
8.3;221.5;0.2;64.0
8.3;221.5;0.2;64.0
8.3;191.1;0.3;44.0
8.3;191.1;0.0;0.0
9.1;190.6;0.0;0.0
1.7;0.0;0.0;0.0
0.0;0.0;0.0;0.0
0.0;0.0;0.0;0.0
0.0;0.0;0.0;0.0
0.0;0.0;0.0;0.0
0.0;0.0;0.0;0.0
0.0;0.0;0.0;0.0
0.0;0.0;0.0;0.0
0.0;0.0;0.0;0.0
0.0;0.0;0.0;0.0
0.0;0.0;0.0;0.0
0.0;0.0;0.0;0.0
0.0;0.0;0.0;0.0
0.0;0.0;0.0;0.0
0.0;0.0;0.0;0.0
0.0;0.0;0.0;0.0
0.0;0.0;0.0;0.0
0.0;0.0;0.0;0.0
0.0;0.0;0.0;0.0
0.0;0.0;0.0;0.0
0.0;0.0;0.0;0.0
0.0;0.0;0.0;0.0
0.0;0.0;0.0;0.0
0.0;0.0;0.0;0.0
0.0;0.0;0.0;0.0
0.0;0.0;0.0;0.0
0.0;0.0;0.0;0.0
0.0;0.0;0.0;0.0
0.0;0.0;0.0;0.0
0.0;0.0;0.0;0.0
