7.5;46.7;16.2;0.0
7.5;55.3;19.7;0.0
8.3;63.6;18.3;0.0
8.3;62.9;18.8;0.0
8.3;71.3;10.0;0.0
7.5;77.8;20.1;0.0
7.5;85.5;34.1;0.0
7.5;91.3;23.6;0.0
6.6;97.4;24.4;0.0
9.2;101.6;18.6;0.0
6.6;105.4;11.5;0.0
83.1;123.2;17.8;0.0
28.3;132.2;23.8;0.0
8.3;136.8;6.6;0.0
7.5;141.3;19.3;0.0
8.3;150.6;22.0;0.0
8.3;152.8;2.5;0.0
8.3;153.2;0.1;0.0
8.3;153.2;0.0;0.0
8.3;153.3;1.5;0.0
7.5;153.9;0.0;0.0
9.2;153.9;0.0;0.0
8.3;189.6;22.2;4.0
8.3;190.2;320.6;0.0
8.3;190.2;180.6;0.0
8.3;221.6;87.2;0.0
8.3;221.8;0.0;0.0
8.3;221.8;0.4;132.0
8.3;221.8;0.4;128.0
8.3;221.8;0.2;64.0
8.3;191.4;0.3;44.0
8.3;191.5;0.0;0.0
8.3;160.5;0.0;0.0
1.7;0.0;0.0;0.0
0.0;0.0;0.0;0.0
0.0;0.0;0.0;0.0
0.0;0.0;0.0;0.0
0.0;0.0;0.0;0.0
0.0;0.0;0.0;0.0
0.0;0.0;0.0;0.0
0.0;0.0;0.0;0.0
0.0;0.0;0.0;0.0
0.0;0.0;0.0;0.0
0.0;0.0;0.0;0.0
0.0;0.0;0.0;0.0
0.0;0.0;0.0;0.0
0.0;0.0;0.0;0.0
0.0;0.0;0.0;0.0
0.0;0.0;0.0;0.0
0.0;0.0;0.0;0.0
0.0;0.0;0.0;0.0
0.0;0.0;0.0;0.0
0.0;0.0;0.0;0.0
0.0;0.0;0.0;0.0
0.0;0.0;0.0;0.0
0.0;0.0;0.0;0.0
0.0;0.0;0.0;0.0
0.0;0.0;0.0;0.0
0.0;0.0;0.0;0.0
0.0;0.0;0.0;0.0
