8.3;34.9;18.6;0.0
6.6;45.8;20.1;0.0
8.3;53.2;14.4;0.0
8.3;60.6;15.4;0.0
6.6;63.8;14.8;0.0
9.2;70.3;11.3;0.0
7.5;75.8;7.5;0.0
8.3;81.2;18.3;0.0
7.5;86.6;23.5;0.0
6.6;91.3;19.4;0.0
7.5;96.2;21.4;0.0
7.5;102.1;25.7;0.0
9.1;108.6;22.2;0.0
62.3;132.2;11.4;0.0
40.7;142.5;30.2;0.0
8.3;145.7;1.6;0.0
8.3;149.0;8.2;0.0
7.5;158.3;32.1;0.0
8.3;163.9;8.5;0.0
8.3;163.9;0.0;0.0
8.3;164.2;0.1;0.0
8.3;164.2;0.0;0.0
9.2;166.3;1.5;0.0
7.5;166.3;0.0;0.0
8.3;166.9;0.0;0.0
8.3;167.4;0.3;4.0
8.3;198.7;75.6;0.0
8.3;199.4;187.3;0.0
8.3;199.4;178.4;0.0
8.3;227.9;166.8;0.0
8.3;230.8;1.6;0.0
8.3;231.1;0.2;68.0
8.3;231.1;0.2;64.0
8.3;231.1;0.6;192.0
8.3;231.1;0.0;0.0
8.3;200.6;0.3;44.0
8.3;200.7;0.0;0.0
8.3;168.9;0.0;0.0
2.5;0.0;0.0;0.0
0.0;0.0;0.0;0.0
0.0;0.0;0.0;0.0
0.0;0.0;0.0;0.0
0.0;0.0;0.0;0.0
0.0;0.0;0.0;0.0
0.0;0.0;0.0;0.0
0.0;0.0;0.0;0.0
0.0;0.0;0.0;0.0
0.0;0.0;0.0;0.0
0.0;0.0;0.0;0.0
0.0;0.0;0.0;0.0
0.0;0.0;0.0;0.0
0.0;0.0;0.0;0.0
0.0;0.0;0.0;0.0
0.0;0.0;0.0;0.0
0.0;0.0;0.0;0.0
0.0;0.0;0.0;0.0
0.0;0.0;0.0;0.0
0.0;0.0;0.0;0.0
0.0;0.0;0.0;0.0
0.0;0.0;0.0;0.0
