6.7;38.1;22.2;0.0
7.5;49.6;24.5;0.0
9.1;57.1;18.0;0.0
5.8;66.7;20.5;0.0
8.3;75.8;22.3;0.0
8.3;79.1;15.4;0.0
7.5;88.1;33.4;0.0
7.5;96.6;35.4;0.0
8.3;103.7;30.0;0.0
43.6;117.0;9.7;0.0
64.0;129.3;33.2;0.0
8.3;134.5;6.6;0.0
7.5;144.2;33.9;0.0
8.3;150.4;9.8;0.0
8.3;150.8;0.1;0.0
8.3;150.9;0.8;0.0
8.3;151.4;0.8;0.0
8.3;153.9;0.3;4.0
8.3;185.9;250.3;0.0
8.3;185.9;229.3;0.0
7.5;217.3;130.1;0.0
8.3;217.3;0.0;0.0
8.3;217.6;0.2;68.0
8.3;217.6;0.4;128.0
8.3;217.6;0.2;64.0
8.3;217.6;0.2;64.0
8.3;187.1;0.3;44.0
8.3;187.2;0.0;0.0
8.3;155.4;0.0;0.0
1.7;0.0;0.0;0.0
0.0;0.0;0.0;0.0
0.0;0.0;0.0;0.0
0.0;0.0;0.0;0.0
0.0;0.0;0.0;0.0
0.0;0.0;0.0;0.0
0.0;0.0;0.0;0.0
0.0;0.0;0.0;0.0
0.0;0.0;0.0;0.0
0.0;0.0;0.0;0.0
0.0;0.0;0.0;0.0
0.0;0.0;0.0;0.0
0.0;0.0;0.0;0.0
0.0;0.0;0.0;0.0
0.0;0.0;0.0;0.0
0.0;0.0;0.0;0.0
0.0;0.0;0.0;0.0
0.0;0.0;0.0;0.0
0.0;0.0;0.0;0.0
0.0;0.0;0.0;0.0
0.0;0.0;0.0;0.0
0.0;0.0;0.0;0.0
0.0;0.0;0.0;0.0
0.0;0.0;0.0;0.0
0.0;0.0;0.0;0.0
0.0;0.0;0.0;0.0
0.0;0.0;0.0;0.0
0.0;0.0;0.0;0.0
0.0;0.0;0.0;0.0
0.0;0.0;0.0;0.0
0.0;0.0;0.0;0.0
