8.3;50.6;22.1;0.0
8.3;58.5;13.8;0.0
8.3;64.2;14.1;0.0
6.6;69.9;18.3;0.0
9.1;78.8;10.0;0.0
6.6;85.1;20.1;0.0
7.5;91.8;29.5;0.0
8.3;98.2;26.0;0.0
7.5;105.3;30.0;0.0
8.3;112.6;26.7;0.0
50.1;128.5;11.4;0.0
57.3;138.9;30.2;0.0
8.3;143.4;5.8;0.0
7.5;149.7;23.7;0.0
8.3;159.8;20.4;0.0
8.2;160.4;0.4;0.0
8.3;160.8;0.1;0.0
8.3;160.9;1.6;0.0
7.5;161.4;0.0;0.0
7.5;161.8;0.3;4.0
8.3;193.4;212.1;0.0
8.3;193.8;156.2;0.0
8.3;193.8;163.4;0.0
8.3;224.9;75.0;0.0
8.3;225.3;0.6;0.0
8.3;225.3;0.2;68.0
8.3;225.6;0.2;64.0
8.3;225.6;0.4;128.0
8.3;225.6;0.2;64.0
8.3;195.2;0.3;40.0
8.3;195.3;0.0;0.0
5.0;0.0;0.0;0.0
0.0;0.0;0.0;0.0
0.0;0.0;0.0;0.0
0.0;0.0;0.0;0.0
0.0;0.0;0.0;0.0
0.0;0.0;0.0;0.0
0.0;0.0;0.0;0.0
0.0;0.0;0.0;0.0
0.0;0.0;0.0;0.0
0.0;0.0;0.0;0.0
0.0;0.0;0.0;0.0
0.0;0.0;0.0;0.0
0.0;0.0;0.0;0.0
0.0;0.0;0.0;0.0
0.0;0.0;0.0;0.0
0.0;0.0;0.0;0.0
0.0;0.0;0.0;0.0
0.0;0.0;0.0;0.0
0.0;0.0;0.0;0.0
0.0;0.0;0.0;0.0
0.0;0.0;0.0;0.0
0.0;0.0;0.0;0.0
0.0;0.0;0.0;0.0
0.0;0.0;0.0;0.0
0.0;0.0;0.0;0.0
0.0;0.0;0.0;0.0
0.0;0.0;0.0;0.0
0.0;0.0;0.0;0.0
0.0;0.0;0.0;0.0
