7.5;56.1;28.3;0.0
7.5;66.3;21.4;0.0
7.5;65.1;21.1;0.0
8.3;75.4;18.7;0.0
7.5;82.0;26.3;0.0
6.6;91.2;34.6;0.0
7.5;99.5;34.6;0.0
7.5;107.2;27.9;0.0
56.6;119.2;1.2;0.0
54.0;131.4;33.6;0.0
9.2;139.1;9.6;0.0
7.5;146.5;28.1;0.0
8.3;156.8;19.4;0.0
8.3;157.2;0.1;0.0
8.3;157.2;0.0;0.0
9.1;157.3;1.6;0.0
7.5;158.2;0.3;4.0
8.3;189.6;187.7;0.0
8.3;190.2;190.6;0.0
7.5;211.0;228.6;0.0
8.3;221.9;1.6;0.0
8.3;221.9;0.0;0.0
9.1;221.9;0.4;132.0
8.3;221.9;0.2;64.0
8.3;221.9;0.4;128.0
8.3;221.9;0.0;0.0
8.3;191.7;0.3;44.0
8.3;191.7;0.0;0.0
5.0;0.0;0.0;0.0
0.0;0.0;0.0;0.0
0.0;0.0;0.0;0.0
0.0;0.0;0.0;0.0
0.0;0.0;0.0;0.0
0.0;0.0;0.0;0.0
0.0;0.0;0.0;0.0
0.0;0.0;0.0;0.0
0.0;0.0;0.0;0.0
0.0;0.0;0.0;0.0
0.0;0.0;0.0;0.0
0.0;0.0;0.0;0.0
0.0;0.0;0.0;0.0
0.0;0.0;0.0;0.0
0.0;0.0;0.0;0.0
0.0;0.0;0.0;0.0
0.0;0.0;0.0;0.0
0.0;0.0;0.0;0.0
0.0;0.0;0.0;0.0
0.0;0.0;0.0;0.0
0.0;0.0;0.0;0.0
0.0;0.0;0.0;0.0
0.0;0.0;0.0;0.0
0.0;0.0;0.0;0.0
0.0;0.0;0.0;0.0
0.0;0.0;0.0;0.0
0.0;0.0;0.0;0.0
0.0;0.0;0.0;0.0
0.0;0.0;0.0;0.0
0.0;0.0;0.0;0.0
0.0;0.0;0.0;0.0
0.0;0.0;0.0;0.0
