6.6;49.8;17.1;0.0
7.5;63.1;24.1;0.0
7.5;70.8;14.9;0.0
7.5;77.0;17.2;0.0
7.5;83.9;14.2;0.0
8.3;91.7;21.3;0.0
8.3;95.1;16.2;0.0
6.6;103.2;28.8;0.0
8.3;108.9;25.2;0.0
7.5;117.3;33.9;0.0
22.3;130.4;11.8;0.0
83.1;138.9;19.8;0.0
10.0;147.9;21.4;0.0
8.3;150.4;1.8;0.0
7.5;154.0;15.6;0.0
10.0;168.2;32.9;0.0
7.5;168.5;0.0;0.0
8.3;168.8;0.1;0.0
8.3;168.8;0.0;0.0
8.3;168.9;1.6;0.0
7.5;169.5;0.0;0.0
8.3;172.5;0.3;4.0
7.5;203.2;176.3;0.0
9.2;203.8;114.0;0.0
8.3;204.0;242.0;0.0
8.3;235.3;75.6;0.0
8.3;235.5;0.0;0.0
8.3;235.5;0.0;0.0
7.5;235.5;0.2;68.0
8.3;235.5;0.4;128.0
8.3;235.5;0.2;64.0
8.3;235.5;0.2;64.0
8.3;205.2;0.3;44.0
8.3;205.2;0.0;0.0
8.3;174.2;0.0;0.0
3.3;0.0;0.0;0.0
0.0;0.0;0.0;0.0
0.0;0.0;0.0;0.0
0.0;0.0;0.0;0.0
0.0;0.0;0.0;0.0
0.0;0.0;0.0;0.0
0.0;0.0;0.0;0.0
0.0;0.0;0.0;0.0
0.0;0.0;0.0;0.0
0.0;0.0;0.0;0.0
0.0;0.0;0.0;0.0
0.0;0.0;0.0;0.0
0.0;0.0;0.0;0.0
0.0;0.0;0.0;0.0
0.0;0.0;0.0;0.0
0.0;0.0;0.0;0.0
0.0;0.0;0.0;0.0
0.0;0.0;0.0;0.0
0.0;0.0;0.0;0.0
0.0;0.0;0.0;0.0
0.0;0.0;0.0;0.0
0.0;0.0;0.0;0.0
0.0;0.0;0.0;0.0
0.0;0.0;0.0;0.0
0.0;0.0;0.0;0.0
