7.5;43.5;24.8;0.0
7.5;55.3;21.6;0.0
6.6;63.0;22.7;0.0
8.3;73.9;17.9;0.0
8.3;79.8;24.2;0.0
6.6;89.0;36.1;0.0
8.3;96.0;31.4;0.0
7.5;106.1;35.7;0.0
45.7;123.9;11.4;0.0
59.8;134.2;30.2;0.0
7.5;139.4;6.6;0.0
8.3;150.2;35.7;0.0
8.3;155.5;8.0;0.0
9.1;155.8;0.1;0.0
8.3;158.1;1.6;0.0
7.5;158.4;0.0;0.0
8.3;169.8;0.3;4.0
8.3;188.7;305.7;0.0
8.3;189.0;236.4;0.0
8.3;220.5;68.8;0.0
8.3;220.5;0.0;0.0
8.3;220.5;0.4;132.0
8.3;220.5;0.4;128.0
8.3;220.5;0.2;64.0
8.3;220.5;0.0;0.0
8.3;190.2;0.3;44.0
8.3;190.2;0.0;0.0
4.2;0.0;0.0;0.0
0.0;0.0;0.0;0.0
0.0;0.0;0.0;0.0
0.0;0.0;0.0;0.0
0.0;0.0;0.0;0.0
0.0;0.0;0.0;0.0
0.0;0.0;0.0;0.0
0.0;0.0;0.0;0.0
0.0;0.0;0.0;0.0
0.0;0.0;0.0;0.0
0.0;0.0;0.0;0.0
0.0;0.0;0.0;0.0
0.0;0.0;0.0;0.0
0.0;0.0;0.0;0.0
0.0;0.0;0.0;0.0
0.0;0.0;0.0;0.0
0.0;0.0;0.0;0.0
0.0;0.0;0.0;0.0
0.0;0.0;0.0;0.0
0.0;0.0;0.0;0.0
0.0;0.0;0.0;0.0
0.0;0.0;0.0;0.0
0.0;0.0;0.0;0.0
0.0;0.0;0.0;0.0
0.0;0.0;0.0;0.0
0.0;0.0;0.0;0.0
0.0;0.0;0.0;0.0
0.0;0.0;0.0;0.0
0.0;0.0;0.0;0.0
0.0;0.0;0.0;0.0
0.0;0.0;0.0;0.0
0.0;0.0;0.0;0.0
0.0;0.0;0.0;0.0
