6.6;41.3;27.3;0.0
7.5;51.0;18.9;0.0
8.3;59.7;20.3;0.0
7.5;66.8;18.4;0.0
8.3;76.2;22.3;0.0
7.5;81.4;22.6;0.0
8.3;90.3;33.8;0.0
7.5;98.4;33.6;0.0
8.3;105.7;25.9;0.0
77.4;125.7;11.4;0.0
32.4;136.7;30.2;0.0
8.3;142.3;9.8;0.0
7.5;155.0;40.2;0.0
9.2;157.2;0.4;0.0
7.5;157.5;0.1;0.0
8.3;157.5;0.0;0.0
8.3;157.6;1.5;0.0
8.3;158.1;0.0;0.0
7.5;191.9;48.6;4.0
8.3;192.7;293.0;0.0
8.3;192.8;202.2;0.0
8.3;224.0;65.6;0.0
8.3;224.3;0.0;0.0
8.3;224.3;0.2;68.0
9.2;224.3;0.2;64.0
8.3;224.3;0.4;128.0
8.3;224.3;0.2;64.0
8.3;194.0;0.3;44.0
8.3;194.0;0.0;0.0
5.0;0.0;0.0;0.0
0.0;0.0;0.0;0.0
0.0;0.0;0.0;0.0
0.0;0.0;0.0;0.0
0.0;0.0;0.0;0.0
0.0;0.0;0.0;0.0
0.0;0.0;0.0;0.0
0.0;0.0;0.0;0.0
0.0;0.0;0.0;0.0
0.0;0.0;0.0;0.0
0.0;0.0;0.0;0.0
0.0;0.0;0.0;0.0
0.0;0.0;0.0;0.0
0.0;0.0;0.0;0.0
0.0;0.0;0.0;0.0
0.0;0.0;0.0;0.0
0.0;0.0;0.0;0.0
0.0;0.0;0.0;0.0
0.0;0.0;0.0;0.0
0.0;0.0;0.0;0.0
0.0;0.0;0.0;0.0
0.0;0.0;0.0;0.0
0.0;0.0;0.0;0.0
0.0;0.0;0.0;0.0
0.0;0.0;0.0;0.0
0.0;0.0;0.0;0.0
0.0;0.0;0.0;0.0
0.0;0.0;0.0;0.0
0.0;0.0;0.0;0.0
0.0;0.0;0.0;0.0
0.0;0.0;0.0;0.0
