7.5;48.3;19.0;0.0
7.5;57.4;16.5;0.0
8.3;64.9;16.7;0.0
7.5;70.1;18.0;0.0
7.5;82.0;25.2;0.0
8.3;85.1;12.3;0.0
6.6;92.5;26.3;0.0
8.3;97.3;22.4;0.0
7.5;103.5;26.2;0.0
8.3;109.0;19.1;0.0
12.2;114.8;10.0;0.0
88.2;128.5;9.6;0.0
15.0;139.7;31.6;0.0
8.3;142.9;1.8;0.0
7.5;147.7;18.8;0.0
8.3;159.2;29.4;0.0
8.3;161.2;0.4;0.0
8.3;161.6;0.1;0.0
8.3;161.6;0.0;0.0
8.3;161.6;0.0;0.0
8.3;161.7;1.5;0.0
8.3;162.2;0.0;0.0
7.5;194.0;22.2;4.0
8.3;194.7;268.2;0.0
8.3;194.7;202.4;0.0
8.3;226.0;114.8;0.0
8.3;226.3;0.0;0.0
8.3;226.3;0.0;0.0
8.3;226.3;0.2;68.0
8.3;226.3;0.2;64.0
8.3;226.3;0.4;128.0
8.3;226.3;0.2;64.0
8.3;226.3;0.0;0.0
9.1;226.3;0.0;0.0
8.3;196.0;0.3;40.0
8.3;196.1;0.0;0.0
8.3;196.1;0.0;0.0
8.3;0.0;0.0;0.0
1.7;0.0;0.0;0.0
0.0;0.0;0.0;0.0
0.0;0.0;0.0;0.0
0.0;0.0;0.0;0.0
0.0;0.0;0.0;0.0
0.0;0.0;0.0;0.0
0.0;0.0;0.0;0.0
0.0;0.0;0.0;0.0
0.0;0.0;0.0;0.0
0.0;0.0;0.0;0.0
0.0;0.0;0.0;0.0
0.0;0.0;0.0;0.0
0.0;0.0;0.0;0.0
0.0;0.0;0.0;0.0
0.0;0.0;0.0;0.0
0.0;0.0;0.0;0.0
0.0;0.0;0.0;0.0
0.0;0.0;0.0;0.0
0.0;0.0;0.0;0.0
0.0;0.0;0.0;0.0
0.0;0.0;0.0;0.0
0.0;0.0;0.0;0.0
