15.8;45.3;24.8;0.0
6.6;58.5;28.3;0.0
7.5;65.9;29.1;0.0
8.3;78.3;24.4;0.0
6.6;84.1;25.0;0.0
6.6;94.8;38.8;0.0
6.6;104.2;42.0;0.0
51.6;125.6;36.2;0.0
58.2;135.3;20.7;0.0
7.5;142.6;24.8;0.0
8.3;155.5;26.2;0.0
8.3;155.5;0.0;0.0
8.3;155.7;0.0;0.0
7.5;158.2;0.0;0.0
97.3;169.0;2.3;0.0
49.9;170.0;5.2;0.0
8.3;170.2;0.0;0.0
8.3;170.4;0.0;0.0
8.3;170.4;0.0;0.0
8.3;170.4;0.0;0.0
8.3;170.4;0.0;0.0
9.1;170.4;0.0;0.0
7.5;170.4;0.0;0.0
8.3;170.4;0.0;0.0
8.3;170.4;0.0;0.0
8.3;170.4;0.0;0.0
8.3;170.4;0.0;0.0
8.3;170.4;0.0;0.0
8.3;170.4;0.0;0.0
8.3;170.4;0.0;0.0
8.3;170.4;0.0;0.0
9.1;170.4;0.0;0.0
8.3;170.4;0.0;0.0
9.2;170.4;0.0;0.0
7.5;170.4;0.0;0.0
8.3;170.4;0.0;0.0
8.3;170.4;0.0;0.0
8.3;170.4;0.0;0.0
8.3;170.4;0.0;0.0
8.3;170.4;0.0;0.0
8.3;170.4;0.0;0.0
8.3;170.4;0.0;0.0
8.3;170.4;0.0;0.0
8.3;170.4;0.0;0.0
8.3;170.4;0.0;0.0
8.3;170.4;0.0;0.0
8.3;170.4;0.0;0.0
8.3;170.4;0.0;0.0
9.1;170.4;0.0;0.0
8.3;170.4;0.0;0.0
8.3;170.4;0.0;0.0
9.1;170.5;0.0;0.0
8.3;170.5;0.0;0.0
7.5;170.5;0.0;0.0
8.3;170.5;0.0;0.0
8.3;170.5;0.0;0.0
8.3;170.5;0.0;0.0
8.3;170.5;0.0;0.0
8.3;170.5;0.0;0.0
8.3;170.5;0.0;0.0
