6.7;49.0;34.0;0.0
8.3;63.7;29.0;0.0
5.8;72.2;23.7;0.0
8.3;82.2;25.0;0.0
6.6;91.3;39.3;0.0
6.6;101.8;44.4;0.0
13.9;119.6;33.8;0.0
95.6;134.5;36.3;0.0
6.6;140.7;13.0;0.0
8.3;155.6;38.2;0.0
8.3;156.1;0.0;0.0
8.3;156.1;0.0;0.0
8.3;156.2;0.0;0.0
70.7;169.6;4.1;0.0
50.7;170.7;8.6;0.0
8.3;170.9;0.0;0.0
8.3;170.9;0.0;0.0
8.3;170.9;0.0;0.0
8.3;170.9;0.0;0.0
8.3;170.9;0.0;0.0
8.3;170.9;0.0;0.0
8.3;170.9;0.0;0.0
8.3;170.9;0.0;0.0
8.3;170.9;0.0;0.0
8.3;170.9;0.0;0.0
8.3;170.9;0.0;0.0
8.3;170.9;0.0;0.0
8.3;170.9;0.0;0.0
8.3;170.9;0.0;0.0
8.3;171.0;0.0;0.0
8.3;171.0;0.0;0.0
8.3;171.0;0.0;0.0
8.3;171.0;0.0;0.0
8.3;171.0;0.0;0.0
8.3;171.0;0.0;0.0
8.3;171.0;0.0;0.0
8.3;171.0;0.0;0.0
8.3;171.0;0.0;0.0
8.3;171.0;0.0;0.0
8.3;171.0;0.0;0.0
8.3;171.0;0.0;0.0
9.1;171.0;0.0;0.0
8.3;171.0;0.0;0.0
8.3;171.0;0.0;0.0
8.3;171.0;0.0;0.0
8.3;171.0;0.0;0.0
8.3;171.0;0.0;0.0
8.3;171.0;0.0;0.0
8.3;171.0;0.0;0.0
8.3;171.2;0.0;0.0
8.3;171.2;0.0;0.0
8.3;171.2;0.0;0.0
8.3;171.2;0.0;0.0
8.3;171.2;0.0;0.0
9.1;171.2;0.0;0.0
7.5;171.2;0.0;0.0
8.3;171.2;0.0;0.0
8.3;171.2;0.0;0.0
9.1;171.2;0.0;0.0
8.3;171.2;0.0;0.0
