6.6;46.6;27.0;0.0
8.3;60.3;26.7;0.0
6.6;66.1;31.1;0.0
8.3;79.7;26.8;0.0
6.7;86.9;27.4;0.0
6.6;96.8;40.6;0.0
6.6;109.0;47.5;0.0
79.0;125.5;29.7;0.0
29.1;133.4;13.0;0.0
8.3;142.3;31.1;0.0
8.3;153.1;19.1;0.0
8.3;153.1;0.0;0.0
8.3;153.2;0.0;0.0
15.0;165.9;0.0;0.0
94.9;166.6;5.3;0.0
31.6;167.7;2.0;0.0
8.3;167.9;0.0;0.0
8.3;167.9;0.0;0.0
8.3;167.9;0.0;0.0
8.3;167.9;0.0;0.0
9.1;167.9;0.0;0.0
7.5;167.9;0.0;0.0
8.3;167.9;0.0;0.0
8.3;167.9;0.0;0.0
8.3;167.9;0.0;0.0
8.3;167.9;0.0;0.0
8.3;167.9;0.0;0.0
8.3;167.9;0.0;0.0
8.3;167.9;0.0;0.0
9.1;167.9;0.0;0.0
8.3;167.9;0.0;0.0
8.3;167.9;0.0;0.0
8.3;168.0;0.0;0.0
8.3;168.0;0.0;0.0
9.1;168.0;0.0;0.0
8.3;168.0;0.0;0.0
7.5;168.0;0.0;0.0
8.3;168.0;0.0;0.0
8.3;168.0;0.0;0.0
8.3;168.0;0.0;0.0
8.3;168.0;0.0;0.0
8.3;168.0;0.0;0.0
8.3;168.0;0.0;0.0
8.3;168.0;0.0;0.0
8.3;168.0;0.0;0.0
8.3;168.0;0.0;0.0
8.3;168.0;0.0;0.0
8.3;168.0;0.0;0.0
9.1;168.0;0.0;0.0
8.3;168.0;0.0;0.0
8.3;168.1;0.0;0.0
8.3;168.1;0.0;0.0
8.3;168.1;0.0;0.0
8.3;168.1;0.0;0.0
8.3;168.1;0.0;0.0
8.3;168.1;0.0;0.0
8.3;168.1;0.0;0.0
8.3;168.1;0.0;0.0
9.2;168.1;0.0;0.0
8.3;168.1;0.0;0.0
