18.3;46.5;25.0;0.0
6.6;60.2;25.5;0.0
7.5;68.4;29.2;0.0
8.3;82.3;29.4;0.0
6.6;88.4;25.2;0.0
7.5;98.8;40.2;0.0
6.6;111.8;50.5;0.0
73.3;132.4;28.7;0.0
35.7;140.4;13.9;0.0
7.5;147.5;24.9;0.0
8.3;160.0;25.3;0.0
8.3;160.0;0.0;0.0
8.3;160.1;0.0;0.0
8.3;160.6;0.0;0.0
91.5;173.5;2.3;0.0
50.7;174.7;7.0;0.0
8.3;174.9;0.0;0.0
8.3;175.1;0.0;0.0
8.3;175.1;0.0;0.0
9.1;175.1;0.0;0.0
8.3;175.1;0.0;0.0
8.3;175.1;0.0;0.0
8.3;175.1;0.0;0.0
8.3;175.1;0.0;0.0
8.3;175.1;0.0;0.0
8.3;175.1;0.0;0.0
8.3;175.1;0.0;0.0
8.3;175.1;0.0;0.0
8.3;175.1;0.0;0.0
8.3;175.1;0.0;0.0
8.3;175.1;0.0;0.0
8.3;175.1;0.0;0.0
8.3;175.1;0.0;0.0
8.3;175.1;0.0;0.0
8.3;175.1;0.0;0.0
8.3;175.1;0.0;0.0
9.2;175.1;0.0;0.0
8.3;175.1;0.0;0.0
8.3;175.1;0.0;0.0
8.3;175.1;0.0;0.0
8.3;175.1;0.0;0.0
8.3;175.1;0.0;0.0
8.3;175.1;0.0;0.0
8.3;175.1;0.0;0.0
8.3;175.1;0.0;0.0
8.3;175.1;0.0;0.0
8.3;175.1;0.0;0.0
8.3;175.1;0.0;0.0
8.3;175.1;0.0;0.0
8.3;175.1;0.0;0.0
8.3;175.1;0.0;0.0
8.3;175.2;0.0;0.0
8.3;175.2;0.0;0.0
9.1;175.2;0.0;0.0
8.3;175.2;0.0;0.0
8.3;175.2;0.0;0.0
8.3;175.2;0.0;0.0
8.3;175.2;0.0;0.0
8.3;175.2;0.0;0.0
8.3;175.2;0.0;0.0
