6.6;56.6;33.7;0.0
8.3;69.3;25.6;0.0
5.8;72.6;22.8;0.0
9.1;81.9;28.4;0.0
5.8;92.1;43.3;0.0
6.6;102.0;43.0;0.0
38.3;124.1;32.1;0.0
71.5;135.3;30.0;0.0
8.3;142.4;20.6;0.0
8.3;156.4;30.6;0.0
8.3;156.4;0.0;0.0
8.3;156.6;0.0;0.0
9.2;161.0;0.0;0.0
94.7;165.9;2.3;0.0
37.4;166.9;7.3;0.0
8.3;167.1;0.0;0.0
8.3;167.1;0.0;0.0
8.3;167.1;0.0;0.0
8.3;167.1;0.0;0.0
8.3;167.1;0.0;0.0
8.3;167.1;0.0;0.0
8.3;167.1;0.0;0.0
8.3;167.1;0.0;0.0
8.3;167.1;0.0;0.0
9.1;167.1;0.0;0.0
8.3;167.1;0.0;0.0
8.3;167.1;0.0;0.0
8.3;167.1;0.0;0.0
8.3;167.1;0.0;0.0
8.3;167.2;0.0;0.0
8.3;167.2;0.0;0.0
8.3;167.2;0.0;0.0
8.3;167.2;0.0;0.0
8.3;167.2;0.0;0.0
8.3;167.2;0.0;0.0
8.3;167.2;0.0;0.0
8.3;167.2;0.0;0.0
8.3;167.2;0.0;0.0
8.3;167.2;0.0;0.0
8.3;167.2;0.0;0.0
9.1;167.2;0.0;0.0
8.3;167.2;0.0;0.0
8.3;167.2;0.0;0.0
8.3;167.2;0.0;0.0
8.3;167.2;0.0;0.0
8.3;167.2;0.0;0.0
8.3;167.2;0.0;0.0
8.3;167.2;0.0;0.0
8.3;167.4;0.0;0.0
8.3;167.4;0.0;0.0
8.3;167.4;0.0;0.0
8.3;167.4;0.0;0.0
8.3;167.4;0.0;0.0
8.3;167.4;0.0;0.0
8.3;167.4;0.0;0.0
8.3;167.4;0.0;0.0
8.3;167.4;0.0;0.0
9.1;167.4;0.0;0.0
8.3;167.4;0.0;0.0
8.3;167.4;0.0;0.0
