7.5;52.6;26.5;0.0
7.5;66.0;26.2;0.0
6.6;62.3;27.5;0.0
8.3;75.6;25.6;0.0
6.6;81.9;25.8;0.0
5.8;92.0;37.8;0.0
8.3;100.8;39.2;0.0
44.9;122.0;34.3;0.0
63.2;132.4;24.8;0.0
7.5;139.5;22.8;0.0
8.3;152.8;28.5;0.0
8.3;152.8;0.0;0.0
8.3;153.0;0.0;0.0
8.3;155.4;0.0;0.0
82.3;180.3;4.1;0.0
30.8;181.3;5.2;0.0
9.1;181.5;0.0;0.0
8.3;181.5;0.0;0.0
8.3;181.5;0.0;0.0
8.3;181.5;0.0;0.0
8.3;181.5;0.0;0.0
8.3;181.5;0.0;0.0
8.3;181.5;0.0;0.0
8.3;181.5;0.0;0.0
8.3;181.5;0.0;0.0
8.3;181.5;0.0;0.0
8.3;181.5;0.0;0.0
8.3;181.5;0.0;0.0
8.3;181.5;0.0;0.0
8.3;181.5;0.0;0.0
8.3;181.5;0.0;0.0
8.3;181.5;0.0;0.0
8.3;181.5;0.0;0.0
8.3;181.6;0.0;0.0
9.2;181.6;0.0;0.0
8.3;181.6;0.0;0.0
9.1;181.6;0.0;0.0
8.3;181.6;0.0;0.0
8.3;181.6;0.0;0.0
8.3;181.6;0.0;0.0
8.3;181.6;0.0;0.0
8.3;181.6;0.0;0.0
8.3;181.6;0.0;0.0
8.3;181.6;0.0;0.0
8.3;181.6;0.0;0.0
8.3;181.6;0.0;0.0
8.3;181.6;0.0;0.0
8.3;181.6;0.0;0.0
8.3;181.6;0.0;0.0
8.3;181.6;0.0;0.0
8.3;181.8;0.0;0.0
8.3;181.8;0.0;0.0
8.3;181.8;0.0;0.0
8.3;181.8;0.0;0.0
8.3;181.8;0.0;0.0
8.3;181.8;0.0;0.0
8.3;181.8;0.0;0.0
8.3;181.8;0.0;0.0
8.3;181.8;0.0;0.0
8.3;181.8;0.0;0.0
