14.1;44.7;24.3;0.0
8.3;57.0;25.2;0.0
6.6;63.8;25.2;0.0
7.5;74.7;19.6;0.0
7.5;82.2;34.0;0.0
7.5;93.5;41.8;0.0
6.7;105.1;46.1;0.0
59.9;123.1;35.2;0.0
50.7;131.8;15.0;0.0
7.5;140.6;30.5;0.0
7.5;151.4;20.1;0.0
8.3;151.4;0.0;0.0
8.3;151.6;0.0;0.0
8.3;152.0;0.0;0.0
89.5;166.9;4.1;0.0
35.7;167.9;5.4;0.0
9.2;168.1;0.0;0.0
8.3;168.3;0.0;0.0
8.3;168.3;0.0;0.0
8.3;168.3;0.0;0.0
8.3;168.3;0.0;0.0
7.5;168.3;0.0;0.0
8.3;168.3;0.0;0.0
8.3;168.3;0.0;0.0
8.3;168.3;0.0;0.0
8.3;168.3;0.0;0.0
8.3;168.3;0.0;0.0
8.3;168.3;0.0;0.0
8.3;168.3;0.0;0.0
8.3;168.3;0.0;0.0
8.3;168.3;0.0;0.0
8.3;168.3;0.0;0.0
8.3;168.3;0.0;0.0
8.3;168.3;0.0;0.0
9.1;168.3;0.0;0.0
8.3;168.3;0.0;0.0
8.3;168.3;0.0;0.0
8.3;168.3;0.0;0.0
8.3;168.3;0.0;0.0
8.3;168.3;0.0;0.0
8.3;168.3;0.0;0.0
8.3;168.3;0.0;0.0
8.3;168.3;0.0;0.0
8.3;168.3;0.0;0.0
8.3;168.3;0.0;0.0
8.3;168.3;0.0;0.0
8.3;168.3;0.0;0.0
8.3;168.3;0.0;0.0
8.3;168.3;0.0;0.0
8.3;168.3;0.0;0.0
9.2;168.3;0.0;0.0
8.3;168.3;0.0;0.0
8.3;168.3;0.0;0.0
8.3;168.3;0.0;0.0
8.3;168.3;0.0;0.0
8.3;168.3;0.0;0.0
8.3;168.3;0.0;0.0
8.3;168.3;0.0;0.0
8.3;168.3;0.0;0.0
8.3;168.3;0.0;0.0
