22.4;45.5;24.0;0.0
8.3;57.5;26.9;0.0
5.8;67.9;26.6;0.0
7.5;79.4;22.8;0.0
8.3;87.1;33.5;0.0
5.8;97.3;38.2;0.0
7.5;109.1;46.3;0.0
58.9;128.6;25.2;0.0
49.0;138.6;24.8;0.0
8.3;144.6;18.6;0.0
8.3;159.2;32.7;0.0
8.3;159.5;0.0;0.0
8.3;159.6;0.0;0.0
7.5;159.6;0.0;0.0
78.2;172.9;4.1;0.0
49.1;174.2;5.6;0.0
8.3;174.4;0.0;0.0
8.3;174.6;0.0;0.0
9.1;174.6;0.0;0.0
8.3;174.6;0.0;0.0
8.3;174.6;0.0;0.0
8.3;174.6;0.0;0.0
8.3;174.6;0.0;0.0
8.3;174.6;0.0;0.0
8.3;174.6;0.0;0.0
8.3;174.6;0.0;0.0
8.3;174.6;0.0;0.0
8.3;174.6;0.0;0.0
8.3;174.6;0.0;0.0
8.3;174.6;0.0;0.0
7.5;174.6;0.0;0.0
8.3;174.6;0.0;0.0
8.3;174.6;0.0;0.0
8.3;174.6;0.0;0.0
9.1;174.6;0.0;0.0
8.3;174.6;0.0;0.0
9.1;174.6;0.0;0.0
8.3;174.6;0.0;0.0
8.3;174.6;0.0;0.0
8.3;174.6;0.0;0.0
8.3;174.6;0.0;0.0
8.3;174.6;0.0;0.0
8.3;174.6;0.0;0.0
8.3;174.6;0.0;0.0
8.3;174.6;0.0;0.0
8.3;174.6;0.0;0.0
8.3;174.6;0.0;0.0
8.3;174.6;0.0;0.0
8.3;174.6;0.0;0.0
8.3;174.6;0.0;0.0
8.3;174.6;0.0;0.0
9.1;174.6;0.0;0.0
8.3;174.6;0.0;0.0
8.3;174.6;0.0;0.0
8.3;174.6;0.0;0.0
8.3;174.6;0.0;0.0
8.3;174.6;0.0;0.0
8.3;174.6;0.0;0.0
8.3;174.6;0.0;0.0
8.3;174.6;0.0;0.0
