27.4;47.7;21.6;0.0
6.6;64.6;30.4;0.0
7.5;76.2;23.5;0.0
7.5;69.6;21.5;0.0
7.5;78.3;27.4;0.0
6.6;87.9;39.5;0.0
6.6;98.0;43.3;0.0
26.6;119.0;36.4;0.0
82.3;129.9;30.2;0.0
7.5;135.9;12.4;0.0
7.5;150.7;38.5;0.0
8.3;151.4;0.4;0.0
8.3;151.4;0.0;0.0
8.3;151.6;0.0;0.0
60.7;176.8;2.0;0.0
73.8;177.8;6.2;0.0
8.3;178.0;0.0;0.0
9.1;178.0;0.0;0.0
8.3;178.0;0.0;0.0
8.3;178.0;0.0;0.0
8.3;178.0;0.0;0.0
8.3;178.0;0.0;0.0
8.3;178.0;0.0;0.0
8.3;178.0;0.0;0.0
8.3;178.0;0.0;0.0
8.3;178.0;0.0;0.0
8.3;178.0;0.0;0.0
8.3;178.0;0.0;0.0
8.3;178.0;0.0;0.0
8.3;178.0;0.0;0.0
8.3;178.0;0.0;0.0
8.3;178.1;0.0;0.0
8.3;178.1;0.0;0.0
8.3;178.1;0.0;0.0
9.1;178.1;0.0;0.0
8.3;178.1;0.0;0.0
8.3;178.1;0.0;0.0
8.3;178.1;0.0;0.0
8.3;178.1;0.0;0.0
8.3;178.1;0.0;0.0
8.3;178.1;0.0;0.0
8.3;178.1;0.0;0.0
8.3;178.1;0.0;0.0
8.3;178.1;0.0;0.0
8.3;178.1;0.0;0.0
8.3;178.1;0.0;0.0
8.3;178.1;0.0;0.0
8.3;178.1;0.0;0.0
8.3;178.1;0.0;0.0
8.3;178.1;0.0;0.0
8.3;178.1;0.0;0.0
8.3;178.3;0.0;0.0
8.3;178.3;0.0;0.0
8.3;178.3;0.0;0.0
8.3;178.3;0.0;0.0
8.3;178.3;0.0;0.0
8.3;178.3;0.0;0.0
8.3;178.3;0.0;0.0
8.3;178.3;0.0;0.0
8.3;178.3;0.0;0.0
