5.8;50.2;25.0;0.0
7.5;62.4;25.3;0.0
8.3;60.1;27.9;0.0
7.5;73.7;25.6;0.0
6.6;80.8;29.0;0.0
6.6;91.0;38.4;0.0
7.5;103.1;49.0;0.0
65.7;121.7;35.1;0.0
44.1;130.1;12.6;0.0
7.5;141.3;38.1;0.0
8.3;149.0;11.5;0.0
8.3;149.0;0.0;0.0
8.3;149.2;0.0;0.0
20.0;181.8;0.0;0.0
97.3;182.4;2.3;0.0
40.7;183.6;6.0;0.0
9.1;183.8;0.0;0.0
8.3;184.0;0.0;0.0
8.3;184.0;0.0;0.0
8.3;184.0;0.0;0.0
8.3;184.0;0.0;0.0
7.5;184.0;0.0;0.0
8.3;184.0;0.0;0.0
8.3;184.0;0.0;0.0
8.3;184.0;0.0;0.0
8.3;184.0;0.0;0.0
8.3;184.0;0.0;0.0
8.3;184.0;0.0;0.0
8.3;184.0;0.0;0.0
8.3;184.0;0.0;0.0
8.3;184.0;0.0;0.0
9.1;184.0;0.0;0.0
8.3;184.0;0.0;0.0
8.3;184.0;0.0;0.0
8.3;184.0;0.0;0.0
8.3;184.0;0.0;0.0
8.3;184.0;0.0;0.0
8.3;184.0;0.0;0.0
8.3;184.0;0.0;0.0
8.3;184.0;0.0;0.0
8.3;184.0;0.0;0.0
8.3;184.0;0.0;0.0
8.3;184.0;0.0;0.0
8.3;184.0;0.0;0.0
8.3;184.0;0.0;0.0
8.3;184.0;0.0;0.0
8.3;184.0;0.0;0.0
8.3;184.0;0.0;0.0
8.3;184.0;0.0;0.0
8.3;184.0;0.0;0.0
9.1;184.0;0.0;0.0
8.3;184.1;0.0;0.0
8.3;184.1;0.0;0.0
8.3;184.1;0.0;0.0
8.3;184.1;0.0;0.0
8.3;184.1;0.0;0.0
8.3;184.1;0.0;0.0
8.3;184.1;0.0;0.0
8.3;184.1;0.0;0.0
8.3;184.1;0.0;0.0
