11.6;47.5;24.8;0.0
7.5;63.2;30.3;0.0
7.5;73.1;24.8;0.0
6.6;77.6;19.3;0.0
7.5;85.8;34.2;0.0
6.6;96.0;38.6;0.0
6.6;105.2;39.8;0.0
40.8;126.2;34.0;0.0
69.8;137.0;27.4;0.0
7.5;144.3;22.8;0.0
8.3;157.6;28.4;0.0
8.3;157.6;0.0;0.0
8.3;157.8;0.0;0.0
12.5;164.4;0.0;0.0
94.0;165.1;4.9;0.0
23.3;166.2;2.0;0.0
9.1;166.4;0.0;0.0
8.3;166.4;0.0;0.0
8.3;166.4;0.0;0.0
8.3;166.4;0.0;0.0
8.3;166.4;0.0;0.0
8.3;166.4;0.0;0.0
8.3;166.4;0.0;0.0
8.3;166.4;0.0;0.0
8.3;166.4;0.0;0.0
8.3;166.4;0.0;0.0
8.3;166.4;0.0;0.0
8.3;166.4;0.0;0.0
8.3;166.4;0.0;0.0
8.3;166.5;0.0;0.0
8.3;166.5;0.0;0.0
8.3;166.5;0.0;0.0
8.3;166.5;0.0;0.0
9.1;166.5;0.0;0.0
8.3;166.5;0.0;0.0
8.3;166.5;0.0;0.0
8.3;166.5;0.0;0.0
8.3;166.5;0.0;0.0
8.3;166.5;0.0;0.0
8.3;166.5;0.0;0.0
8.3;166.5;0.0;0.0
8.3;166.5;0.0;0.0
8.3;166.5;0.0;0.0
8.3;166.5;0.0;0.0
8.3;166.5;0.0;0.0
8.3;166.5;0.0;0.0
8.3;166.5;0.0;0.0
8.3;166.5;0.0;0.0
8.3;166.5;0.0;0.0
8.3;166.5;0.0;0.0
9.1;166.7;0.0;0.0
8.3;166.7;0.0;0.0
8.3;166.7;0.0;0.0
8.3;166.7;0.0;0.0
8.3;166.7;0.0;0.0
8.3;166.7;0.0;0.0
8.3;166.7;0.0;0.0
8.3;166.7;0.0;0.0
8.3;166.7;0.0;0.0
8.3;166.7;0.0;0.0
