11.6;51.0;24.8;0.0
8.3;62.8;22.9;0.0
8.3;65.9;29.0;0.0
7.5;78.7;22.0;0.0
7.5;85.4;29.0;0.0
5.8;95.9;38.2;0.0
6.6;105.4;41.4;0.0
52.4;123.4;39.0;0.0
58.1;132.4;18.7;0.0
7.5;140.7;26.9;0.0
8.3;152.7;24.3;0.0
8.3;152.7;0.0;0.0
8.3;152.9;0.0;0.0
8.3;153.3;0.0;0.0
91.5;162.3;4.1;0.0
35.8;163.3;4.8;0.0
8.3;163.5;0.0;0.0
8.3;163.8;0.0;0.0
8.3;163.8;0.0;0.0
8.3;163.8;0.0;0.0
8.3;163.8;0.0;0.0
8.3;163.8;0.0;0.0
8.3;163.8;0.0;0.0
8.3;163.8;0.0;0.0
8.3;163.8;0.0;0.0
8.3;163.8;0.0;0.0
8.3;163.8;0.0;0.0
8.3;163.8;0.0;0.0
8.3;163.8;0.0;0.0
8.3;163.8;0.0;0.0
8.3;163.8;0.0;0.0
8.3;163.8;0.0;0.0
8.3;163.8;0.0;0.0
8.3;163.8;0.0;0.0
8.3;163.8;0.0;0.0
8.3;163.8;0.0;0.0
9.1;163.8;0.0;0.0
8.3;163.8;0.0;0.0
8.3;163.8;0.0;0.0
8.3;163.8;0.0;0.0
8.3;163.8;0.0;0.0
8.3;163.8;0.0;0.0
8.3;163.8;0.0;0.0
8.3;163.8;0.0;0.0
8.3;163.8;0.0;0.0
8.3;163.8;0.0;0.0
8.3;163.8;0.0;0.0
8.3;163.8;0.0;0.0
8.3;163.8;0.0;0.0
8.3;163.8;0.0;0.0
8.3;163.8;0.0;0.0
8.3;163.8;0.0;0.0
8.3;163.8;0.0;0.0
8.3;163.8;0.0;0.0
8.3;163.8;0.0;0.0
8.3;163.8;0.0;0.0
8.3;163.8;0.0;0.0
8.3;163.8;0.0;0.0
8.3;163.8;0.0;0.0
8.3;163.8;0.0;0.0
