19.1;49.4;31.7;0.0
9.1;64.3;29.8;0.0
5.8;70.6;25.4;0.0
8.3;82.9;26.9;0.0
5.8;92.0;36.7;0.0
7.5;102.7;46.2;0.0
11.7;121.3;32.9;0.0
97.9;137.0;39.4;0.0
7.5;143.6;9.8;0.0
8.3;158.3;41.5;0.0
7.5;159.0;0.0;0.0
8.3;159.1;0.0;0.0
8.3;159.1;0.0;0.0
61.6;183.9;0.0;0.0
73.2;185.1;10.3;0.0
6.6;185.8;0.0;0.0
8.3;185.8;0.0;0.0
8.3;185.8;0.0;0.0
8.3;185.8;0.0;0.0
8.3;185.8;0.0;0.0
8.3;185.8;0.0;0.0
8.3;185.8;0.0;0.0
8.3;185.8;0.0;0.0
8.3;185.8;0.0;0.0
8.3;185.8;0.0;0.0
7.5;185.8;0.0;0.0
8.3;185.8;0.0;0.0
8.3;185.8;0.0;0.0
8.3;185.8;0.0;0.0
8.3;185.8;0.0;0.0
8.3;185.9;0.0;0.0
8.3;185.9;0.0;0.0
8.3;185.9;0.0;0.0
8.3;185.9;0.0;0.0
8.3;185.9;0.0;0.0
8.3;185.9;0.0;0.0
8.3;185.9;0.0;0.0
9.1;185.9;0.0;0.0
8.3;185.9;0.0;0.0
8.3;185.9;0.0;0.0
8.3;185.9;0.0;0.0
8.3;185.9;0.0;0.0
8.3;185.9;0.0;0.0
8.3;185.9;0.0;0.0
8.3;185.9;0.0;0.0
8.3;185.9;0.0;0.0
8.3;185.9;0.0;0.0
8.3;185.9;0.0;0.0
8.3;185.9;0.0;0.0
8.3;186.0;0.0;0.0
7.5;186.0;0.0;0.0
8.3;186.0;0.0;0.0
8.3;186.0;0.0;0.0
9.1;186.0;0.0;0.0
8.3;186.0;0.0;0.0
8.3;186.0;0.0;0.0
8.3;186.0;0.0;0.0
8.3;186.0;0.0;0.0
8.3;186.0;0.0;0.0
8.3;186.0;0.0;0.0
