10.8;44.5;24.6;0.0
7.5;58.1;26.7;0.0
6.6;63.7;28.4;0.0
8.3;77.4;29.4;0.0
6.6;84.9;26.4;0.0
7.5;94.5;41.4;0.0
6.6;106.9;48.1;0.0
74.0;132.4;26.0;0.0
36.6;140.8;15.8;0.0
7.5;148.3;25.3;0.0
7.5;161.0;25.7;0.0
8.3;161.0;0.0;0.0
9.1;161.1;0.0;0.0
8.3;163.5;0.0;0.0
90.2;176.5;3.8;0.0
44.1;177.4;4.0;0.0
8.3;177.6;0.0;0.0
8.3;177.6;0.0;0.0
9.1;177.6;0.0;0.0
7.5;177.6;0.0;0.0
9.1;177.6;0.0;0.0
8.3;177.6;0.0;0.0
8.3;177.6;0.0;0.0
8.3;177.6;0.0;0.0
8.3;177.6;0.0;0.0
8.3;177.6;0.0;0.0
8.3;177.6;0.0;0.0
8.3;177.6;0.0;0.0
8.3;177.6;0.0;0.0
9.1;177.6;0.0;0.0
8.3;177.7;0.0;0.0
7.5;177.7;0.0;0.0
8.3;177.7;0.0;0.0
8.3;177.7;0.0;0.0
8.3;177.7;0.0;0.0
8.3;177.7;0.0;0.0
9.1;177.7;0.0;0.0
8.3;177.7;0.0;0.0
8.3;177.7;0.0;0.0
8.3;177.7;0.0;0.0
8.3;177.7;0.0;0.0
8.3;177.7;0.0;0.0
8.3;177.7;0.0;0.0
8.3;177.7;0.0;0.0
8.3;177.7;0.0;0.0
8.3;177.7;0.0;0.0
9.1;177.7;0.0;0.0
8.3;177.7;0.0;0.0
8.3;177.7;0.0;0.0
7.5;177.7;0.0;0.0
8.3;177.7;0.0;0.0
8.3;177.9;0.0;0.0
8.3;177.9;0.0;0.0
8.3;177.9;0.0;0.0
9.1;177.9;0.0;0.0
8.3;177.9;0.0;0.0
8.3;177.9;0.0;0.0
8.3;177.9;0.0;0.0
8.3;177.9;0.0;0.0
8.3;177.9;0.0;0.0
