7.5;56.2;24.2;0.0
7.5;68.9;26.1;0.0
6.7;61.8;29.1;0.0
7.5;75.4;27.2;0.0
6.6;82.2;27.8;0.0
7.5;92.7;38.8;0.0
6.6;104.1;47.8;0.0
63.2;123.9;32.6;0.0
46.6;132.1;13.5;0.0
8.3;140.2;27.7;0.0
8.3;152.0;22.9;0.0
8.3;152.0;0.0;0.0
8.3;152.2;0.0;0.0
13.3;176.7;0.0;0.0
94.8;177.5;2.3;0.0
44.1;178.5;7.4;0.0
8.3;178.7;0.0;0.0
9.1;179.0;0.0;0.0
8.3;179.0;0.0;0.0
8.3;179.0;0.0;0.0
8.3;179.0;0.0;0.0
8.3;179.0;0.0;0.0
8.3;179.0;0.0;0.0
8.3;179.0;0.0;0.0
8.3;179.0;0.0;0.0
8.3;179.0;0.0;0.0
8.3;179.0;0.0;0.0
8.3;179.0;0.0;0.0
8.3;179.0;0.0;0.0
8.3;179.0;0.0;0.0
8.3;179.0;0.0;0.0
8.3;179.0;0.0;0.0
8.3;179.0;0.0;0.0
9.2;179.0;0.0;0.0
8.3;179.0;0.0;0.0
8.3;179.0;0.0;0.0
8.3;179.0;0.0;0.0
8.3;179.0;0.0;0.0
8.3;179.0;0.0;0.0
8.3;179.0;0.0;0.0
8.3;179.0;0.0;0.0
8.3;179.0;0.0;0.0
8.3;179.0;0.0;0.0
8.3;179.0;0.0;0.0
8.3;179.0;0.0;0.0
8.3;179.0;0.0;0.0
8.3;179.0;0.0;0.0
8.3;179.0;0.0;0.0
8.3;179.0;0.0;0.0
8.3;179.0;0.0;0.0
8.3;179.0;0.0;0.0
8.3;179.0;0.0;0.0
8.3;179.0;0.0;0.0
8.3;179.0;0.0;0.0
8.3;179.0;0.0;0.0
8.3;179.0;0.0;0.0
8.3;179.0;0.0;0.0
8.3;179.0;0.0;0.0
8.3;179.0;0.0;0.0
8.3;179.0;0.0;0.0
