8.3;35.8;16.4;0.0
6.6;50.6;26.5;0.0
8.3;60.2;18.0;0.0
7.5;65.5;20.7;0.0
7.5;75.7;14.0;0.0
8.3;82.0;23.3;0.0
6.6;91.5;38.9;0.0
8.3;96.7;21.4;0.0
7.5;102.9;28.8;0.0
16.6;116.8;23.8;0.0
92.2;123.9;19.2;0.0
8.3;133.1;18.1;0.0
8.3;139.1;21.2;0.0
8.3;152.2;28.0;0.0
5.8;153.3;2.0;0.0
0.0;153.3;0.3;0.0
0.0;153.3;0.0;0.0
0.0;153.3;0.0;0.0
0.0;153.3;0.0;0.0
0.0;153.3;0.0;0.0
0.0;153.3;0.0;0.0
0.0;153.3;0.0;0.0
0.0;153.5;1.8;0.0
0.0;153.5;0.0;0.0
0.0;153.5;0.2;0.0
0.0;153.5;0.0;0.0
0.0;153.5;0.0;0.0
0.0;153.5;0.2;0.0
0.0;153.5;0.0;0.0
0.0;153.5;0.0;0.0
0.0;153.5;0.0;0.0
0.0;153.5;0.0;0.0
0.0;153.5;0.0;0.0
0.0;153.5;0.0;0.0
0.0;153.5;0.0;0.0
0.0;153.5;0.0;0.0
0.0;153.5;0.0;0.0
0.0;153.5;0.0;0.0
0.0;153.5;0.0;0.0
0.0;153.5;0.0;0.0
0.0;153.5;0.0;0.0
0.0;153.5;0.0;0.0
0.0;153.5;0.0;0.0
0.0;153.5;0.0;0.0
0.0;153.5;0.0;0.0
0.0;153.5;0.0;0.0
0.0;153.5;0.0;0.0
3.3;153.7;0.4;0.0
8.3;153.7;0.0;0.0
8.3;153.7;0.0;0.0
8.3;153.9;0.0;0.0
8.3;153.9;0.0;0.0
8.3;153.9;1.4;0.0
1.7;154.3;0.0;0.0
0.0;154.3;0.0;0.0
0.0;154.3;0.0;0.0
0.0;154.3;0.0;0.0
0.0;154.3;0.0;0.0
0.0;154.3;0.0;0.0
0.0;154.3;0.0;0.0
