7.5;47.5;19.7;0.0
7.5;57.2;18.4;0.0
8.3;66.8;24.4;0.0
7.5;75.3;15.1;0.0
8.3;84.1;22.7;0.0
7.5;91.5;33.3;0.0
7.5;98.4;27.1;0.0
7.5;105.8;33.4;0.0
8.3;112.2;20.1;0.0
62.4;124.8;6.8;0.0
43.2;135.8;31.0;0.0
8.3;140.9;4.4;0.0
8.3;145.8;18.6;0.0
8.3;159.6;30.6;0.0
7.5;160.9;2.0;0.0
0.0;160.9;0.0;0.0
0.0;160.9;0.3;0.0
0.0;160.9;0.0;0.0
0.0;160.9;0.0;0.0
0.0;160.9;0.0;0.0
0.0;160.9;0.0;0.0
0.0;160.9;0.0;0.0
0.0;160.9;0.0;0.0
0.0;160.9;0.0;0.0
0.0;160.9;0.0;0.0
0.0;160.9;0.0;0.0
0.0;160.9;0.0;0.0
0.0;160.9;0.0;0.0
0.0;160.9;0.0;0.0
0.0;160.9;0.0;0.0
0.0;160.9;0.0;0.0
0.0;160.9;0.0;0.0
0.0;161.1;1.8;0.0
0.0;161.1;0.0;0.0
0.0;161.1;0.0;0.0
0.0;161.1;0.0;0.0
0.0;161.1;0.0;0.0
6.6;161.3;0.8;0.0
8.3;161.3;0.0;0.0
8.3;161.4;0.0;0.0
8.3;161.4;0.0;0.0
8.3;161.4;0.0;0.0
8.3;163.4;1.4;0.0
3.3;164.0;0.0;0.0
0.0;164.0;0.0;0.0
0.0;164.0;0.0;0.0
0.0;164.0;0.0;0.0
0.0;164.0;0.0;0.0
0.0;164.0;0.0;0.0
0.0;164.0;0.0;0.0
0.0;164.0;0.0;0.0
0.0;164.0;1.9;0.0
0.0;164.0;0.0;0.0
0.0;164.0;0.4;0.0
0.0;164.0;0.0;0.0
0.0;164.0;0.0;0.0
0.0;164.0;0.0;0.0
0.0;164.0;0.0;0.0
0.0;164.0;0.0;0.0
0.0;164.0;0.0;0.0
