6.6;57.6;21.7;0.0
8.3;67.3;18.4;0.0
7.5;74.2;15.5;0.0
6.6;69.2;15.5;0.0
8.3;75.3;8.3;0.0
8.3;82.9;20.9;0.0
8.3;87.6;21.8;0.0
6.6;96.0;31.0;0.0
8.3;101.1;23.2;0.0
7.5;105.9;19.6;0.0
8.3;112.3;20.7;0.0
87.4;129.0;13.8;0.0
25.8;138.7;27.4;0.0
8.3;141.5;1.6;0.0
7.5;146.6;19.8;0.0
8.3;159.7;28.4;0.0
7.5;161.0;2.0;0.0
0.0;161.0;0.3;0.0
0.0;161.0;0.0;0.0
0.0;161.0;0.0;0.0
0.0;161.0;0.0;0.0
0.0;161.0;0.0;0.0
0.0;161.0;0.0;0.0
0.0;161.0;0.0;0.0
0.0;161.0;0.0;0.0
0.0;161.0;0.0;0.0
0.0;161.0;0.8;0.0
0.0;161.0;0.0;0.0
0.0;161.0;0.0;0.0
0.0;161.0;0.0;0.0
0.0;161.0;0.0;0.0
0.0;161.0;0.2;0.0
0.0;161.0;0.0;0.0
0.8;161.3;1.0;0.0
0.0;161.3;0.0;0.0
0.0;161.3;0.0;0.0
0.0;161.3;0.0;0.0
0.0;161.3;0.4;0.0
0.0;161.3;0.0;0.0
0.0;161.3;0.0;0.0
0.0;161.3;0.0;0.0
0.0;161.3;0.0;0.0
0.0;161.3;0.0;0.0
0.0;161.3;0.0;0.0
0.0;161.3;0.0;0.0
0.0;161.3;0.0;0.0
0.0;161.3;0.0;0.0
0.0;161.3;0.0;0.0
0.0;161.3;0.0;0.0
0.0;161.5;0.5;0.0
8.3;161.5;0.0;0.0
8.3;161.5;0.0;0.0
8.3;161.5;0.0;0.0
8.3;161.7;0.0;0.0
8.3;161.7;0.0;0.0
8.3;161.7;0.0;0.0
8.3;163.7;1.4;0.0
5.8;164.2;0.0;0.0
0.0;164.2;0.0;0.0
0.0;164.2;0.0;0.0
