7.5;51.6;23.9;0.0
8.3;61.2;18.5;0.0
6.6;63.8;22.9;0.0
8.3;74.0;14.6;0.0
8.3;80.2;22.9;0.0
5.8;89.2;37.9;0.0
7.5;95.8;30.2;0.0
8.3;101.7;24.2;0.0
9.1;106.9;15.5;0.0
81.3;120.0;9.7;0.0
31.6;131.2;32.0;0.0
8.3;135.7;6.2;0.0
8.3;144.8;30.9;0.0
7.5;152.4;12.7;0.0
9.1;152.4;0.0;0.0
6.6;153.6;2.0;0.0
0.0;153.6;0.3;0.0
0.0;153.6;0.0;0.0
0.0;153.6;0.0;0.0
0.0;153.6;0.0;0.0
0.0;153.6;0.0;0.0
0.0;153.6;0.0;0.0
0.0;153.9;1.9;0.0
0.0;153.9;0.0;0.0
0.0;153.9;0.0;0.0
2.5;154.1;0.8;0.0
8.3;154.1;0.0;0.0
8.3;154.1;0.0;0.0
8.3;154.1;0.0;0.0
8.3;154.1;0.0;0.0
8.3;154.1;0.0;0.0
8.3;154.1;0.0;0.0
9.1;154.2;0.0;0.0
8.3;154.2;0.0;0.0
8.3;154.2;0.0;0.0
8.3;154.2;0.0;0.0
7.5;154.2;1.4;0.0
4.1;154.7;0.0;0.0
0.0;154.7;0.0;0.0
0.0;154.7;0.0;0.0
0.0;154.7;0.0;0.0
0.0;154.7;0.0;0.0
0.0;154.7;0.0;0.0
0.0;154.7;0.0;0.0
0.0;154.7;1.2;0.0
0.0;154.7;0.6;0.0
0.0;154.7;0.0;0.0
0.8;154.7;0.6;0.0
0.0;154.7;0.0;0.0
0.0;154.7;0.0;0.0
0.0;154.7;0.0;0.0
0.0;154.7;0.0;0.0
0.0;154.7;0.0;0.0
0.0;154.7;0.0;0.0
0.0;154.7;0.0;0.0
0.0;154.7;0.0;0.0
0.0;154.7;0.0;0.0
0.0;154.7;0.0;0.0
0.0;154.7;0.0;0.0
0.0;154.7;0.0;0.0
