7.5;39.7;9.9;0.0
7.5;49.7;19.0;0.0
8.3;52.5;5.8;0.0
8.3;61.0;13.0;0.0
6.6;61.3;24.9;0.0
8.3;72.0;13.6;0.0
7.5;78.3;20.1;0.0
7.5;85.2;30.0;0.0
6.6;88.7;15.1;0.0
8.3;92.0;12.6;0.0
6.6;94.3;12.2;0.0
8.3;98.9;17.9;0.0
14.7;111.9;25.4;0.0
98.2;116.6;7.7;0.0
12.5;129.3;32.9;0.0
9.1;132.8;6.2;0.0
7.5;135.0;9.6;0.0
8.3;146.3;30.1;0.0
8.3;149.3;3.9;0.0
4.2;150.5;2.3;0.0
0.0;150.5;0.0;0.0
0.0;150.5;0.0;0.0
0.0;150.5;0.0;0.0
0.0;150.5;0.0;0.0
0.0;150.5;0.0;0.0
0.0;150.5;0.0;0.0
0.0;150.5;0.0;0.0
0.0;150.7;1.8;0.0
0.0;150.7;0.0;0.0
0.0;150.7;0.0;0.0
0.0;150.7;0.4;0.0
0.0;150.7;0.0;0.0
0.0;150.7;0.0;0.0
0.0;150.7;0.0;0.0
1.7;150.9;0.4;0.0
8.3;150.9;0.0;0.0
9.2;150.9;0.0;0.0
8.3;151.0;0.0;0.0
8.3;151.0;0.0;0.0
8.3;151.0;0.0;0.0
8.3;151.0;0.0;0.0
9.1;151.2;1.4;0.0
2.5;151.7;0.0;0.0
0.0;151.7;0.0;0.0
0.0;151.7;0.0;0.0
0.0;151.7;0.0;0.0
0.0;151.7;0.0;0.0
0.0;151.7;0.0;0.0
0.0;151.7;0.0;0.0
0.0;151.7;0.0;0.0
0.0;151.7;0.0;0.0
0.0;151.7;0.0;0.0
0.0;151.7;0.0;0.0
0.0;151.7;0.0;0.0
0.0;151.7;0.0;0.0
0.0;151.7;0.0;0.0
0.0;151.7;0.8;0.0
0.0;151.7;0.0;0.0
0.0;151.7;1.0;0.0
0.0;151.7;0.0;0.0
