6.6;43.4;25.8;0.0
6.6;57.3;27.4;0.0
9.2;65.5;18.7;0.0
6.7;68.5;19.8;0.0
7.5;78.0;22.5;0.0
8.3;82.9;23.6;0.0
6.6;90.6;29.0;0.0
9.2;98.4;28.8;0.0
7.5;104.6;26.1;0.0
33.3;112.8;9.2;0.0
80.6;122.9;27.5;0.0
8.3;131.2;13.5;0.0
9.1;137.3;21.6;0.0
7.5;150.4;27.6;0.0
6.6;151.6;2.3;0.0
0.0;151.6;0.0;0.0
0.0;151.6;0.0;0.0
0.0;151.6;0.0;0.0
0.0;151.6;0.0;0.0
0.0;151.6;0.0;0.0
0.0;151.6;0.0;0.0
0.0;151.8;1.6;0.0
0.0;151.8;0.0;0.0
0.0;151.8;0.4;0.0
0.0;151.8;0.0;0.0
5.8;152.0;0.4;0.0
8.3;152.1;0.0;0.0
8.3;152.1;0.0;0.0
8.3;152.1;0.0;0.0
7.5;152.1;0.0;0.0
9.2;152.3;1.4;0.0
4.2;152.8;0.0;0.0
0.0;152.8;0.0;0.0
0.0;152.8;0.0;0.0
0.0;152.8;0.0;0.0
0.8;152.8;1.6;0.0
0.0;152.8;0.0;0.0
0.0;152.8;0.4;0.0
0.0;152.8;0.0;0.0
0.0;152.8;0.0;0.0
0.0;152.8;0.0;0.0
0.0;152.8;0.0;0.0
0.0;152.8;0.0;0.0
0.0;152.8;0.0;0.0
0.0;152.8;0.3;0.0
0.0;152.8;0.0;0.0
0.0;152.8;0.0;0.0
0.0;152.8;0.0;0.0
0.0;152.8;0.0;0.0
0.0;152.8;0.0;0.0
1.7;152.8;0.3;0.0
8.3;153.2;0.3;4.0
8.3;185.0;171.1;0.0
8.3;185.3;467.1;0.0
8.3;185.7;294.4;0.0
8.3;185.7;191.3;0.0
8.3;185.7;205.9;0.0
8.3;185.7;173.6;0.0
8.3;185.7;246.5;0.0
8.3;185.7;219.8;0.0
