7.5;54.3;26.9;0.0
8.3;63.0;15.9;0.0
5.8;62.5;22.2;0.0
8.3;71.3;10.7;0.0
8.3;78.7;21.3;0.0
8.3;85.3;26.2;0.0
7.5;92.7;32.0;0.0
6.6;100.3;33.5;0.0
12.9;116.6;22.6;0.0
94.0;128.8;18.0;0.0
13.3;138.5;23.2;0.0
8.3;143.8;13.0;0.0
7.5;156.5;36.5;0.0
8.3;158.6;0.4;0.0
1.7;159.5;2.3;0.0
0.0;159.5;0.0;0.0
0.0;159.5;0.0;0.0
0.0;159.5;0.0;0.0
0.0;159.6;1.8;0.0
0.0;159.6;0.0;0.0
0.0;159.6;0.2;0.0
0.0;159.6;0.0;0.0
0.0;159.8;0.6;0.0
8.3;159.8;0.0;0.0
8.3;159.8;0.0;0.0
8.3;159.8;0.0;0.0
8.3;160.0;0.0;0.0
8.3;160.0;0.0;0.0
9.1;162.0;1.4;0.0
1.7;162.5;0.0;0.0
0.0;162.5;0.0;0.0
0.0;162.5;0.0;0.0
0.0;162.5;0.0;0.0
0.0;162.5;0.0;0.0
0.0;162.5;0.0;0.0
0.0;162.5;1.6;0.0
0.0;162.5;0.0;0.0
0.0;162.5;0.0;0.0
0.0;162.5;0.0;0.0
0.0;162.5;0.0;0.0
0.0;162.5;0.0;0.0
0.0;162.5;0.6;0.0
0.0;162.5;0.0;0.0
0.0;162.5;0.0;0.0
0.0;162.5;0.0;0.0
0.0;162.5;0.0;0.0
0.0;162.5;0.0;0.0
0.0;162.5;0.0;0.0
0.0;162.5;0.0;0.0
0.0;162.5;0.0;0.0
5.0;162.5;0.2;0.0
8.3;164.0;0.3;4.0
8.3;194.9;409.3;0.0
8.3;195.1;473.6;0.0
7.5;195.4;111.8;0.0
9.2;195.4;104.4;0.0
8.3;195.4;236.8;0.0
8.3;195.4;223.6;0.0
8.3;195.4;210.2;0.0
8.3;195.4;215.0;0.0
