5.8;45.5;19.4;0.0
7.5;57.6;24.5;0.0
9.2;67.2;20.3;0.0
6.6;66.8;20.6;0.0
7.5;76.7;23.0;0.0
8.3;81.4;22.2;0.0
7.5;89.6;30.6;0.0
6.6;94.8;23.0;0.0
8.3;104.5;39.0;0.0
51.6;115.5;12.1;0.0
60.7;124.2;28.2;0.0
9.2;127.6;2.2;0.0
8.3;132.5;9.6;0.0
8.3;145.8;39.6;0.0
8.3;148.3;2.4;0.0
0.0;148.3;0.0;0.0
0.0;148.3;0.3;0.0
0.0;148.3;0.0;0.0
0.0;148.3;0.0;0.0
0.0;148.3;0.0;0.0
0.0;148.3;0.0;0.0
0.0;148.3;0.0;0.0
0.0;148.3;0.8;0.0
0.0;148.4;1.0;0.0
0.0;148.4;0.0;0.0
0.0;148.4;0.0;0.0
0.0;148.4;0.2;0.0
0.0;148.4;0.0;0.0
0.0;148.4;0.0;0.0
0.0;148.4;0.0;0.0
0.0;148.4;0.0;0.0
0.0;148.4;0.0;0.0
0.0;148.4;0.0;0.0
0.0;148.4;0.0;0.0
5.8;148.6;0.6;0.0
8.3;148.6;0.0;0.0
8.3;148.7;0.0;0.0
8.3;148.7;0.0;0.0
8.3;148.7;0.0;0.0
9.1;148.7;1.4;0.0
0.0;149.3;0.0;0.0
0.0;149.3;0.0;0.0
0.0;149.3;0.0;0.0
0.0;149.3;0.0;0.0
0.0;149.3;1.8;0.0
0.0;149.3;0.0;0.0
0.0;149.3;0.2;0.0
0.0;149.3;0.0;0.0
0.0;149.3;0.0;0.0
0.0;149.3;0.0;0.0
0.0;149.3;0.0;0.0
0.0;149.3;0.0;0.0
0.0;149.3;0.0;0.0
0.0;149.3;0.0;0.0
0.0;149.3;0.0;0.0
0.0;149.3;0.0;0.0
5.8;149.3;0.6;0.0
8.3;152.4;0.3;4.0
8.3;183.6;247.8;0.0
8.3;183.9;283.6;0.0
