6.6;40.7;26.1;0.0
7.5;53.2;25.8;0.0
8.3;59.0;11.4;0.0
7.3;60.6;22.4;0.0
8.3;69.4;10.7;0.0
8.3;77.4;23.0;0.0
5.8;85.8;34.5;0.0
8.3;92.2;28.8;0.0
8.3;98.5;28.4;0.0
20.8;111.3;27.1;0.0
92.3;120.2;25.6;0.0
7.5;127.8;10.4;0.0
7.4;131.8;12.0;0.0
8.3;140.4;27.9;0.0
7.5;146.1;9.0;0.0
7.5;147.2;2.2;0.0
0.0;147.2;0.1;0.0
0.0;147.2;0.0;0.0
0.0;147.2;0.0;0.0
0.0;147.2;0.0;0.0
0.0;147.2;0.0;0.0
0.0;147.2;0.0;0.0
0.0;147.2;0.0;0.0
0.0;147.2;0.0;0.0
0.0;147.2;0.0;0.0
0.0;147.2;0.0;0.0
0.0;147.2;0.0;0.0
0.0;147.2;0.0;0.0
0.0;147.2;0.0;0.0
0.0;147.2;0.0;0.0
0.0;147.6;1.8;0.0
0.0;147.6;0.0;0.0
0.0;147.6;0.4;0.0
0.0;147.6;0.0;0.0
0.0;147.6;0.0;0.0
0.0;147.6;0.0;0.0
0.0;147.6;0.0;0.0
0.0;147.6;0.2;0.0
0.0;147.6;0.0;0.0
0.0;147.6;0.0;0.0
0.0;147.6;0.0;0.0
0.0;147.6;0.0;0.0
3.3;147.8;0.4;0.0
8.3;147.8;0.0;0.0
8.3;148.0;0.0;0.0
8.3;148.0;0.0;0.0
8.3;148.0;0.0;0.0
7.5;148.1;1.4;0.0
2.5;148.6;0.0;0.0
0.0;148.6;0.0;0.0
0.0;148.6;0.0;0.0
0.0;148.6;0.0;0.0
0.0;148.6;0.0;0.0
0.0;148.6;0.0;0.0
0.0;148.6;0.0;0.0
0.0;148.6;0.0;0.0
0.0;148.6;0.0;0.0
0.0;148.6;0.0;0.0
0.0;148.6;0.0;0.0
0.0;148.6;0.0;0.0
