7.5;44.8;23.0;0.0
7.5;54.7;15.9;0.0
9.2;61.1;15.6;0.0
7.5;66.2;20.2;0.0
7.5;74.8;19.6;0.0
8.3;79.2;16.7;0.0
7.5;87.7;32.7;0.0
8.3;93.1;22.4;0.0
6.6;100.4;32.9;0.0
45.0;115.3;26.0;0.0
41.6;117.1;7.0;0.0
7.5;125.9;23.2;0.0
8.3;128.4;1.2;0.0
7.5;132.1;13.2;0.0
8.3;144.8;35.1;0.0
8.3;146.8;0.4;0.0
3.3;147.8;2.3;0.0
0.0;147.8;0.0;0.0
0.0;147.8;0.0;0.0
0.0;147.8;0.0;0.0
0.0;147.8;0.0;0.0
0.0;147.8;0.0;0.0
0.0;147.8;0.0;0.0
0.0;147.8;0.0;0.0
0.0;147.8;0.0;0.0
0.0;147.8;0.8;0.0
0.0;147.8;0.0;0.0
0.0;147.8;0.0;0.0
0.0;147.8;0.0;0.0
0.0;147.8;0.0;0.0
0.0;147.9;1.1;0.0
0.0;147.9;0.0;0.0
0.0;147.9;0.0;0.0
0.0;147.9;0.0;0.0
0.0;148.2;1.0;0.0
9.1;148.2;0.0;0.0
8.3;148.2;0.0;0.0
8.3;148.2;0.0;0.0
8.3;148.3;0.0;0.0
8.3;148.3;0.0;0.0
8.3;148.3;0.0;0.0
8.3;148.3;1.4;0.0
2.5;148.8;0.0;0.0
0.0;148.8;0.0;0.0
0.0;148.8;0.0;0.0
0.0;148.8;0.0;0.0
0.0;148.8;0.0;0.0
0.0;148.8;0.0;0.0
0.8;148.8;1.6;0.0
0.0;148.8;0.0;0.0
0.0;148.8;0.0;0.0
0.0;148.8;0.0;0.0
0.0;148.8;0.0;0.0
0.0;148.8;0.0;0.0
5.8;149.2;1.2;4.0
9.2;152.3;0.0;0.0
8.3;183.3;372.7;0.0
8.3;183.3;464.8;0.0
8.3;183.8;185.4;0.0
8.3;183.8;196.9;0.0
