5.8;49.0;27.1;0.0
7.5;58.4;16.2;0.0
7.5;63.6;25.7;0.0
9.2;73.0;12.1;0.0
7.5;80.3;21.6;0.0
7.5;87.4;32.1;0.0
7.5;93.9;26.6;0.0
7.5;101.1;31.9;0.0
8.3;107.7;21.6;0.0
56.6;119.8;11.4;0.0
54.9;130.1;30.2;0.0
8.3;134.2;4.4;0.0
7.5;140.9;25.7;0.0
8.3;151.2;19.7;0.0
9.1;151.4;0.0;0.0
4.2;152.5;2.3;0.0
0.0;152.5;0.0;0.0
0.0;152.5;0.0;0.0
0.0;152.5;0.0;0.0
0.0;152.7;1.8;0.0
0.0;152.7;0.0;0.0
0.0;152.7;0.4;0.0
0.0;152.7;0.0;0.0
0.0;152.7;0.0;0.0
6.6;153.0;0.4;0.0
8.3;153.0;0.0;0.0
8.3;153.0;0.0;0.0
8.3;153.1;0.0;0.0
8.3;153.1;0.0;0.0
8.3;153.1;0.0;0.0
8.3;153.1;1.4;0.0
5.8;153.6;0.0;0.0
0.0;153.6;0.0;0.0
0.0;153.6;0.0;0.0
0.0;153.6;0.0;0.0
0.0;153.6;0.0;0.0
0.0;153.6;0.0;0.0
0.0;153.6;0.0;0.0
0.0;153.6;0.0;0.0
0.0;153.6;0.0;0.0
0.0;153.6;0.0;0.0
0.0;153.6;0.0;0.0
0.0;153.6;0.0;0.0
0.0;153.6;0.0;0.0
0.0;153.6;0.0;0.0
0.0;153.6;0.0;0.0
0.0;153.6;0.0;0.0
0.0;153.6;0.0;0.0
0.0;153.6;0.0;0.0
0.0;153.6;0.0;0.0
0.0;153.6;0.0;0.0
0.0;153.6;0.0;0.0
0.0;153.6;0.0;0.0
0.0;153.6;0.0;0.0
0.0;153.6;0.0;0.0
0.0;153.6;0.0;0.0
0.0;153.6;0.0;0.0
0.0;153.6;0.0;0.0
0.0;153.6;1.6;0.0
0.0;153.6;0.0;0.0
