7.5;49.5;25.9;0.0
8.3;56.2;10.9;0.0
7.5;63.5;24.5;0.0
8.3;71.4;10.1;0.0
8.3;79.3;21.3;0.0
7.5;83.6;21.0;0.0
7.5;91.9;30.6;0.0
7.5;99.7;30.6;0.0
7.5;108.1;33.3;0.0
57.6;127.8;11.4;0.0
46.5;138.5;30.2;0.0
7.5;140.3;0.2;0.0
8.3;144.5;9.4;0.0
6.6;145.3;8.0;0.0
8.3;150.0;15.3;0.0
9.1;154.6;9.6;0.0
8.3;157.7;6.4;0.0
8.3;159.8;1.0;0.0
8.3;160.0;0.0;0.0
3.3;161.1;2.3;0.0
0.0;161.1;0.0;0.0
0.0;161.1;0.0;0.0
0.0;161.1;0.0;0.0
0.0;161.4;1.6;0.0
0.0;161.4;0.0;0.0
0.0;161.4;0.0;0.0
0.0;161.4;0.0;0.0
0.0;161.4;0.8;0.0
0.0;161.4;0.0;0.0
0.0;161.4;0.0;0.0
0.0;161.4;0.0;0.0
0.0;161.4;0.0;0.0
0.0;161.4;0.0;0.0
0.0;161.4;0.0;0.0
0.0;161.4;0.0;0.0
0.0;161.4;0.0;0.0
0.0;161.4;0.0;0.0
0.0;161.4;0.0;0.0
0.0;161.4;0.0;0.0
0.0;161.4;0.0;0.0
0.0;161.4;0.0;0.0
0.0;161.4;0.0;0.0
0.0;161.4;0.0;0.0
0.0;161.4;0.0;0.0
0.0;161.4;0.0;0.0
0.0;161.4;0.0;0.0
0.8;161.4;0.1;0.0
0.0;161.4;0.0;0.0
0.0;161.4;0.0;0.0
0.0;161.4;0.0;0.0
4.2;161.6;0.2;0.0
8.3;161.6;0.0;0.0
8.3;161.6;0.0;0.0
8.3;161.7;0.0;0.0
8.3;161.7;0.0;0.0
8.3;161.7;0.0;0.0
9.1;161.7;1.4;0.0
5.0;162.2;0.0;0.0
0.0;162.2;0.0;0.0
0.0;162.2;0.0;0.0
