7.5;46.1;29.1;0.0
8.3;57.6;23.0;0.0
6.6;61.2;15.9;0.0
8.3;67.4;8.1;0.0
7.5;70.4;3.4;0.0
8.3;74.9;14.5;0.0
7.5;78.0;7.7;0.0
7.5;83.9;25.9;0.0
7.5;87.7;15.8;0.0
8.3;90.6;12.8;0.0
8.3;98.6;33.1;0.0
9.7;111.1;25.0;0.0
90.6;125.2;18.0;0.0
15.8;134.7;23.2;0.0
8.3;140.0;9.8;0.0
7.5;147.7;28.1;0.0
8.3;154.8;11.9;0.0
4.1;155.9;2.3;0.0
0.0;155.9;0.0;0.0
0.0;155.9;0.0;0.0
0.0;155.9;0.0;0.0
0.0;155.9;0.0;0.0
0.0;155.9;0.0;0.0
0.0;155.9;0.0;0.0
0.0;155.9;0.0;0.0
0.0;155.9;0.0;0.0
0.0;155.9;0.0;0.0
0.0;155.9;0.0;0.0
0.0;155.9;0.0;0.0
0.0;155.9;0.0;0.0
0.0;155.9;0.0;0.0
0.0;155.9;0.0;0.0
0.0;155.9;0.0;0.0
0.0;155.9;0.0;0.0
0.0;155.9;0.0;0.0
0.0;155.9;0.0;0.0
0.0;155.9;0.0;0.0
0.0;155.9;0.0;0.0
0.0;155.9;0.0;0.0
0.0;155.9;0.0;0.0
0.0;155.9;0.0;0.0
0.0;155.9;0.0;0.0
0.0;155.9;0.0;0.0
0.0;155.9;0.0;0.0
0.0;155.9;0.0;0.0
0.0;155.9;0.0;0.0
0.0;155.9;0.0;0.0
0.0;155.9;0.0;0.0
0.0;155.9;0.0;0.0
0.0;155.9;0.0;0.0
0.0;155.9;0.0;0.0
0.0;155.9;0.0;0.0
0.0;155.9;0.0;0.0
0.0;155.9;0.0;0.0
0.0;155.9;0.0;0.0
0.0;155.9;0.0;0.0
0.0;155.9;0.0;0.0
0.0;155.9;0.0;0.0
0.0;155.9;0.0;0.0
0.0;155.9;0.8;0.0
