7.5;35.1;19.4;0.0
7.5;44.8;15.4;0.0
7.5;54.9;20.8;0.0
8.3;62.1;16.6;0.0
6.6;65.2;15.0;0.0
8.3;71.8;8.5;0.0
7.5;74.9;4.5;0.0
8.3;80.7;18.2;0.0
7.5;87.9;24.2;0.0
6.6;93.3;29.8;0.0
8.3;100.6;29.4;0.0
7.5;106.9;23.8;0.0
29.1;117.2;13.0;0.0
84.0;125.1;22.2;0.0
8.3;132.2;13.3;0.0
8.3;135.8;6.4;0.0
7.5;139.9;16.4;0.0
8.3;151.6;26.7;0.0
7.5;152.3;0.4;0.0
9.2;153.5;2.0;0.0
0.8;153.5;0.3;0.0
0.0;153.5;0.0;0.0
0.0;153.5;0.0;0.0
0.0;153.5;0.0;0.0
0.0;153.5;0.0;0.0
0.0;153.5;0.0;0.0
0.0;153.5;0.0;0.0
0.0;153.5;1.9;0.0
0.0;153.5;0.0;0.0
5.0;153.8;0.9;0.0
8.3;153.8;0.0;0.0
8.3;153.8;0.0;0.0
8.3;153.8;0.0;0.0
8.3;153.9;0.0;0.0
8.3;153.9;0.0;0.0
9.2;153.9;1.4;0.0
6.6;154.4;0.0;0.0
0.0;154.4;0.0;0.0
0.0;154.4;0.0;0.0
0.0;154.4;0.0;0.0
0.0;154.4;0.0;0.0
0.0;154.4;0.0;0.0
0.0;154.4;0.0;0.0
0.8;154.4;1.7;0.0
0.0;154.4;0.0;0.0
0.0;154.4;0.2;0.0
0.0;154.4;0.0;0.0
0.0;154.4;0.0;0.0
5.8;154.4;0.7;0.0
7.5;186.8;45.9;4.0
8.3;187.0;498.4;0.0
8.3;187.4;375.4;0.0
9.2;187.4;202.1;0.0
7.5;187.4;216.5;0.0
8.3;187.4;221.5;0.0
8.3;187.4;209.8;0.0
8.3;187.4;203.2;0.0
8.3;187.4;205.1;0.0
9.1;187.8;180.3;0.0
8.3;187.8;238.6;0.0
