7.5;52.8;29.0;0.0
8.3;62.4;20.2;0.0
7.5;68.9;18.9;0.0
8.3;80.6;24.4;0.0
7.5;85.3;20.0;0.0
7.5;94.5;33.8;0.0
8.3;103.3;36.2;0.0
7.5;110.7;27.3;0.0
78.9;120.4;11.4;0.0
19.9;131.6;30.2;0.0
8.3;136.9;9.8;0.0
7.5;147.4;33.3;0.0
8.3;152.1;6.7;0.0
4.2;153.3;2.0;0.0
0.8;153.3;0.3;0.0
0.0;153.3;0.0;0.0
0.0;153.3;0.0;0.0
0.0;153.4;1.6;0.0
0.0;153.4;0.0;0.0
0.0;153.4;0.0;0.0
0.0;153.4;0.6;0.0
0.0;153.4;0.0;0.0
0.0;153.4;0.0;0.0
0.0;153.4;0.0;0.0
0.0;153.4;0.0;0.0
0.0;153.4;0.0;0.0
0.0;153.4;0.0;0.0
0.0;153.4;0.0;0.0
0.0;153.4;0.0;0.0
0.0;153.4;0.0;0.0
0.0;153.4;0.0;0.0
0.0;153.4;0.0;0.0
0.0;153.4;0.0;0.0
0.0;153.4;0.0;0.0
0.0;153.4;0.0;0.0
0.0;153.4;0.0;0.0
0.0;153.4;0.0;0.0
0.0;153.4;0.0;0.0
4.2;153.5;0.2;0.0
8.3;153.5;0.0;0.0
8.3;153.5;0.0;0.0
8.3;153.7;0.0;0.0
9.1;153.7;0.0;0.0
8.1;153.7;0.0;0.0
8.3;153.7;1.4;0.0
0.8;154.3;0.0;0.0
0.0;154.3;0.0;0.0
0.0;154.3;0.0;0.0
0.0;154.3;0.0;0.0
0.0;154.3;0.0;0.0
0.0;154.3;0.0;0.0
0.0;154.3;0.0;0.0
0.0;154.3;0.8;0.0
0.0;154.3;0.0;0.0
0.0;154.3;0.0;0.0
0.0;154.3;0.0;0.0
0.0;154.3;0.0;0.0
0.0;154.3;0.0;0.0
0.0;154.3;0.0;0.0
0.0;154.3;0.0;0.0
