7.5;52.5;25.7;0.0
8.3;63.4;22.2;0.0
7.5;63.4;20.4;0.0
8.3;74.0;20.8;0.0
8.3;79.2;18.3;0.0
5.8;87.9;32.9;0.0
9.1;93.1;21.8;0.0
6.6;99.3;29.0;0.0
19.1;112.8;19.3;0.0
93.9;119.5;12.5;0.0
10.0;130.6;28.7;0.0
7.5;136.0;9.8;0.0
7.5;145.4;32.7;0.0
8.3;150.7;7.3;0.0
2.5;151.8;2.0;0.0
0.8;151.8;0.3;0.0
0.0;151.8;0.0;0.0
0.0;151.8;0.0;0.0
0.0;151.8;0.0;0.0
0.0;151.8;0.0;0.0
0.0;151.8;0.0;0.0
0.0;151.8;0.0;0.0
0.0;151.8;0.0;0.0
0.0;151.8;0.0;0.0
0.0;151.8;0.0;0.0
0.0;151.8;0.0;0.0
0.0;151.8;0.0;0.0
0.0;151.8;0.0;0.0
0.0;151.8;0.0;0.0
0.0;151.8;0.0;0.0
0.0;151.8;0.0;0.0
0.0;152.1;1.9;0.0
0.0;152.1;0.0;0.0
0.0;152.1;0.2;0.0
0.0;152.1;0.0;0.0
0.0;152.1;0.0;0.0
0.0;152.1;0.4;0.0
0.0;152.1;0.0;0.0
0.0;152.1;0.0;0.0
0.0;152.1;0.0;0.0
0.0;152.1;0.0;0.0
0.0;152.1;0.0;0.0
0.0;152.1;0.0;0.0
0.8;152.3;0.2;0.0
8.3;152.3;0.0;0.0
8.3;152.3;0.0;0.0
8.3;152.5;0.0;0.0
8.3;152.5;0.0;0.0
9.2;154.5;1.3;0.0
5.8;155.0;0.1;0.0
0.0;155.0;0.0;0.0
0.0;155.0;0.0;0.0
0.0;155.0;0.0;0.0
0.0;155.0;0.0;0.0
0.0;155.0;0.0;0.0
0.0;155.0;0.0;0.0
0.0;155.0;0.0;0.0
0.0;155.0;0.0;0.0
0.0;155.0;0.0;0.0
0.0;155.0;0.0;0.0
