7.5;34.1;11.6;0.0
7.5;44.1;14.8;0.0
7.5;55.4;24.9;0.0
7.5;65.0;24.0;0.0
8.3;72.1;15.3;0.0
7.5;80.9;22.7;0.0
7.5;86.9;24.2;0.0
6.4;90.6;16.8;0.0
8.3;92.9;10.6;0.0
8.3;96.2;12.4;0.0
6.6;102.9;31.2;0.0
19.1;112.4;19.3;0.0
94.8;123.1;27.7;0.0
10.8;131.1;13.7;0.0
8.3;135.7;9.6;0.0
7.5;140.8;23.5;0.0
8.3;150.8;16.6;0.0
5.0;152.0;2.0;0.0
0.0;152.0;0.3;0.0
0.0;152.0;0.0;0.0
0.0;152.0;0.0;0.0
0.0;152.0;0.0;0.0
0.0;152.0;0.0;0.0
0.0;152.0;0.0;0.0
0.0;152.0;0.0;0.0
0.0;152.0;0.0;0.0
0.0;152.0;0.0;0.0
0.0;152.0;0.0;0.0
0.0;152.0;0.0;0.0
0.0;152.0;0.0;0.0
0.0;152.0;0.0;0.0
0.0;152.0;0.0;0.0
0.0;152.0;0.0;0.0
0.0;152.0;0.0;0.0
0.0;152.0;0.0;0.0
0.0;152.0;0.0;0.0
0.0;152.0;0.0;0.0
0.0;152.0;0.0;0.0
0.0;152.0;0.0;0.0
0.0;152.0;0.0;0.0
0.0;152.0;0.0;0.0
0.0;152.0;0.0;0.0
0.0;152.0;0.0;0.0
0.0;152.0;0.0;0.0
0.0;152.0;0.0;0.0
0.0;152.0;0.0;0.0
0.0;152.0;0.0;0.0
0.0;152.0;0.0;0.0
0.0;152.0;0.0;0.0
0.0;152.0;0.0;0.0
0.0;152.0;0.0;0.0
0.0;152.0;0.0;0.0
0.0;152.0;0.0;0.0
0.0;152.0;0.0;0.0
0.0;152.0;0.0;0.0
0.0;152.0;0.0;0.0
0.0;152.0;0.9;0.0
0.0;152.0;0.0;0.0
0.0;152.0;0.0;0.0
0.0;152.0;0.0;0.0
