7.5;55.6;23.9;0.0
8.3;65.6;21.8;0.0
7.5;71.0;19.3;0.0
7.5;80.4;12.0;0.0
8.3;85.8;21.5;0.0
5.8;95.0;36.1;0.0
9.1;101.5;30.0;0.0
7.5;111.2;35.8;0.0
37.7;125.2;15.1;0.0
72.3;132.4;23.2;0.0
8.3;139.6;10.6;0.0
7.5;145.4;20.4;0.0
8.3;158.5;28.8;0.0
7.5;159.8;2.0;0.0
0.0;159.8;0.3;0.0
0.0;159.8;0.0;0.0
0.0;159.8;0.0;0.0
0.0;159.8;0.0;0.0
0.0;159.8;0.0;0.0
0.0;159.8;0.0;0.0
0.0;159.8;0.0;0.0
0.0;159.8;0.0;0.0
0.0;159.8;0.0;0.0
0.0;159.8;0.0;0.0
0.0;159.8;0.0;0.0
0.0;159.8;0.8;0.0
0.0;159.8;0.0;0.0
0.0;160.0;0.9;0.0
0.0;160.0;0.0;0.0
0.0;160.0;0.0;0.0
6.6;160.2;1.0;0.0
8.3;160.2;0.0;0.0
8.3;160.3;0.0;0.0
8.3;160.3;0.0;0.0
8.3;162.3;1.3;0.0
5.8;162.8;0.1;0.0
0.0;162.8;0.0;0.0
0.0;162.8;0.0;0.0
0.0;162.8;0.0;0.0
0.0;162.8;0.0;0.0
0.0;162.8;0.0;0.0
0.0;162.8;0.0;0.0
0.0;162.8;0.0;0.0
0.0;162.8;1.8;0.0
0.0;162.8;0.0;0.0
0.0;162.8;0.2;0.0
0.0;162.8;0.0;0.0
0.0;162.8;0.0;0.0
0.0;162.8;0.0;0.0
0.0;162.8;0.0;0.0
0.0;162.8;0.0;0.0
0.0;162.8;0.0;0.0
0.0;162.8;0.0;0.0
0.0;162.8;0.0;0.0
1.7;162.8;0.6;0.0
8.3;161.9;0.3;4.0
8.3;193.4;261.4;0.0
7.5;193.6;512.7;0.0
9.1;194.0;264.2;0.0
8.3;194.0;179.8;0.0
