6.6;38.4;27.2;0.0
7.5;47.8;20.3;0.0
9.1;57.3;17.7;0.0
6.6;63.5;22.9;0.0
8.3;73.2;13.0;0.0
8.3;79.5;20.1;0.0
6.7;86.7;32.7;0.0
8.3;94.2;28.8;0.0
6.6;100.2;27.3;0.0
8.3;107.0;23.4;0.0
82.7;117.3;13.3;0.0
27.4;128.0;28.3;0.0
8.3;133.2;9.8;0.0
8.3;143.3;32.5;0.0
8.3;148.4;7.6;0.0
4.2;149.5;2.3;0.0
0.0;149.5;0.0;0.0
0.0;149.5;0.0;0.0
0.0;149.5;0.0;0.0
0.0;149.5;0.0;0.0
0.0;149.5;0.0;0.0
0.0;149.5;0.0;0.0
0.0;149.5;0.0;0.0
0.0;149.5;0.0;0.0
0.0;149.5;0.0;0.0
0.0;149.5;0.0;0.0
0.0;149.5;0.0;0.0
0.0;149.5;0.8;0.0
0.0;149.5;0.0;0.0
0.0;149.6;0.9;0.0
0.0;149.6;0.0;0.0
0.0;149.6;0.4;0.0
0.0;149.6;0.0;0.0
0.0;149.6;0.0;0.0
0.0;149.6;0.0;0.0
0.0;149.6;0.0;0.0
0.0;149.6;0.0;0.0
0.0;149.6;0.0;0.0
0.0;149.6;0.2;0.0
0.0;149.6;0.0;0.0
0.0;149.6;0.0;0.0
0.0;149.6;0.0;0.0
0.0;149.6;0.0;0.0
0.0;149.6;0.0;0.0
0.0;149.6;0.0;0.0
0.0;149.6;0.0;0.0
0.0;149.6;0.0;0.0
0.0;149.6;0.0;0.0
0.0;149.6;0.0;0.0
0.0;149.6;0.0;0.0
0.0;149.6;0.0;0.0
0.0;149.6;0.0;0.0
0.0;149.6;0.0;0.0
0.0;149.6;0.0;0.0
0.0;149.6;0.0;0.0
0.0;149.6;0.0;0.0
0.0;149.6;0.0;0.0
0.0;149.6;0.0;0.0
0.0;149.9;0.4;0.0
8.3;149.9;0.0;0.0
