25.8;42.6;27.1;0.0
7.5;57.1;31.7;0.0
6.6;66.3;26.1;0.0
8.3;79.7;27.0;0.0
5.8;87.2;31.8;0.0
7.5;96.4;38.4;0.0
7.5;108.2;44.9;0.0
83.2;127.9;33.9;0.0
24.1;137.2;14.0;0.0
7.5;152.6;43.2;0.0
5.8;154.8;2.7;0.0
0.0;154.8;0.0;0.0
0.0;154.8;0.0;0.0
0.0;154.8;0.0;0.0
0.0;154.8;0.0;0.0
0.0;154.8;0.0;0.0
0.0;154.8;0.0;0.0
0.0;154.8;0.0;0.0
0.8;155.2;1.8;0.0
0.0;155.2;0.0;0.0
0.0;155.2;0.0;0.0
0.8;155.4;0.8;0.0
8.3;155.4;0.0;0.0
8.3;155.5;0.0;0.0
8.3;155.5;0.0;0.0
8.3;155.5;0.0;0.0
8.3;155.5;0.0;0.0
8.3;155.5;0.0;0.0
9.1;155.5;0.0;0.0
8.3;155.5;1.4;0.0
0.8;156.0;0.0;0.0
0.0;156.0;0.0;0.0
0.0;156.0;0.0;0.0
0.0;156.0;0.0;0.0
0.0;156.0;0.0;0.0
0.0;156.0;0.0;0.0
0.0;156.0;0.0;0.0
0.0;156.0;1.8;0.0
0.0;156.0;0.0;0.0
0.0;156.0;0.0;0.0
1.7;156.3;0.8;0.0
8.3;160.0;0.3;4.0
8.3;191.3;672.8;0.0
8.3;191.3;835.9;0.0
8.3;191.8;355.1;0.0
8.3;191.8;349.5;0.0
8.3;191.8;355.4;0.0
8.3;191.8;291.0;0.0
8.3;191.8;322.8;0.0
8.3;191.8;361.6;0.0
8.3;191.8;365.4;0.0
8.3;191.8;335.7;0.0
8.3;191.8;374.5;0.0
8.3;223.4;158.1;0.0
8.3;223.4;0.4;132.0
9.1;223.4;0.6;192.0
8.3;223.4;0.4;128.0
8.3;193.1;0.3;64.0
8.3;162.3;0.0;0.0
0.8;0.0;0.0;0.0
