8.3;51.8;34.4;0.0
7.5;66.2;28.8;0.0
6.6;73.8;22.9;0.0
8.3;84.5;25.2;0.0
6.6;94.0;39.7;0.0
7.5;103.7;39.2;0.0
7.5;121.6;33.7;0.0
99.8;142.6;41.2;0.0
10.0;148.9;13.0;0.0
6.7;163.3;36.8;0.0
5.0;164.6;2.3;0.0
0.0;164.6;0.0;0.0
0.0;164.6;0.0;0.0
0.0;164.6;0.0;0.0
0.0;164.6;0.0;0.0
0.0;164.6;0.0;0.0
0.0;164.6;0.0;0.0
0.0;164.7;1.7;0.0
0.0;164.7;0.0;0.0
0.0;164.7;0.0;0.0
0.0;164.7;0.0;0.0
3.3;164.9;0.9;0.0
8.3;164.9;0.0;0.0
8.3;165.1;0.0;0.0
8.3;165.1;0.0;0.0
8.3;165.1;0.0;0.0
8.3;165.1;0.0;0.0
8.3;165.1;0.0;0.0
8.3;165.1;1.4;0.0
4.1;165.7;0.0;0.0
0.0;165.7;0.0;0.0
0.0;165.7;0.0;0.0
0.0;165.7;0.0;0.0
0.0;165.7;0.0;0.0
0.0;165.7;0.0;0.0
0.0;165.7;0.0;0.0
0.0;165.7;1.7;0.0
0.0;165.7;0.0;0.0
0.0;165.7;0.0;0.0
0.0;165.7;0.8;0.0
7.5;168.6;0.3;4.0
8.3;200.7;416.4;0.0
8.3;200.8;830.8;0.0
8.3;201.3;506.2;0.0
8.3;201.3;339.4;0.0
8.3;201.3;346.5;0.0
8.3;201.3;343.6;0.0
8.3;201.3;228.8;0.0
8.3;201.3;330.5;0.0
9.1;201.3;355.0;0.0
8.3;201.3;370.4;0.0
8.3;201.3;378.1;0.0
7.5;232.4;332.3;0.0
8.3;232.9;0.4;0.0
8.3;232.9;0.8;260.0
8.3;232.9;0.5;128.0
8.3;202.5;0.4;108.0
8.3;202.6;0.0;0.0
5.0;0.0;0.0;0.0
0.0;0.0;0.0;0.0
