7.5;49.4;32.1;0.0
7.5;64.9;31.4;0.0
7.5;74.3;22.8;0.0
8.3;86.3;26.4;0.0
5.8;95.5;38.1;0.0
7.5;106.2;46.6;0.0
10.8;121.6;29.3;0.0
96.5;144.3;41.2;0.0
9.1;150.8;9.8;0.0
8.3;165.6;40.1;0.0
4.1;167.0;2.3;0.0
0.0;167.0;0.0;0.0
0.0;167.0;0.0;0.0
0.0;167.0;0.0;0.0
0.0;167.0;0.0;0.0
0.0;167.0;0.0;0.0
0.0;167.0;0.0;0.0
0.0;167.0;0.0;0.0
0.0;167.3;1.7;0.0
0.0;167.3;0.0;0.0
0.0;167.3;0.0;0.0
0.8;167.5;0.9;0.0
8.3;167.5;0.0;0.0
8.3;167.7;0.0;0.0
8.3;167.7;0.0;0.0
8.3;167.7;0.0;0.0
8.3;167.7;0.0;0.0
8.3;167.7;0.0;0.0
8.3;167.7;0.0;0.0
8.3;167.7;1.4;0.0
0.8;168.2;0.0;0.0
0.0;168.2;0.0;0.0
0.0;168.2;0.0;0.0
0.0;168.2;0.0;0.0
0.0;168.2;0.0;0.0
0.0;168.2;0.0;0.0
0.0;168.2;0.0;0.0
0.0;168.2;1.8;0.0
0.0;168.2;0.0;0.0
0.0;168.2;0.0;0.0
1.7;168.4;0.8;0.0
7.5;171.8;0.3;4.0
7.5;203.3;487.1;0.0
9.1;203.5;865.2;0.0
8.3;203.9;457.3;0.0
8.3;203.9;360.4;0.0
9.1;203.9;351.1;0.0
8.3;203.9;351.0;0.0
8.3;203.9;228.0;0.0
8.3;203.9;377.5;0.0
8.3;203.9;358.3;0.0
8.3;203.9;369.6;0.0
8.3;203.9;301.1;0.0
8.3;203.9;327.4;0.0
8.3;235.5;40.0;0.0
8.3;235.5;0.4;132.0
8.3;235.5;0.6;192.0
8.3;235.5;0.4;128.0
8.3;205.1;0.3;52.0
8.3;0.0;0.0;0.0
