20.0;46.7;30.6;0.0
8.3;61.9;33.3;0.0
6.7;66.2;24.2;0.0
7.5;78.5;26.5;0.0
6.6;86.5;35.2;0.0
6.6;95.9;41.4;0.0
7.5;106.6;37.9;0.0
97.4;133.0;41.2;0.0
13.3;139.4;13.0;0.0
6.6;153.9;36.8;0.0
5.0;155.1;2.3;0.0
0.0;155.1;0.0;0.0
0.0;155.1;0.0;0.0
0.0;155.1;0.0;0.0
0.0;155.1;0.0;0.0
0.0;155.1;0.0;0.0
0.0;155.1;0.0;0.0
0.0;155.2;1.8;0.0
0.0;155.2;0.0;0.0
0.0;155.2;0.0;0.0
0.0;155.2;0.0;0.0
2.5;155.5;0.8;0.0
8.3;155.5;0.0;0.0
8.3;155.6;0.0;0.0
8.3;155.6;0.0;0.0
8.3;155.6;0.0;0.0
8.3;155.6;0.0;0.0
8.3;155.6;0.0;0.0
8.3;155.6;0.0;0.0
6.6;156.3;1.4;0.0
0.0;156.3;0.0;0.0
0.0;156.3;0.0;0.0
0.0;156.3;0.0;0.0
0.0;156.3;0.0;0.0
0.0;156.3;0.0;0.0
0.0;156.3;0.0;0.0
0.0;156.3;1.7;0.0
0.0;156.3;0.0;0.0
0.0;156.3;0.0;0.0
0.0;156.3;0.0;0.0
5.0;156.6;1.1;4.0
7.5;191.2;136.9;0.0
8.3;191.4;830.4;0.0
9.1;191.9;707.5;0.0
8.3;191.9;322.3;0.0
8.3;191.9;286.8;0.0
8.3;191.9;331.2;0.0
8.3;191.9;236.4;0.0
8.3;191.9;370.1;0.0
8.3;191.9;377.3;0.0
8.3;191.9;365.2;0.0
8.3;191.9;358.8;0.0
8.3;191.9;360.8;0.0
7.5;223.6;238.1;0.0
8.3;223.6;0.2;68.0
8.3;223.6;0.8;256.0
8.3;223.6;0.4;128.0
8.3;193.3;0.3;60.0
8.3;193.3;0.0;0.0
5.8;0.0;0.0;0.0
