7.5;65.5;34.3;0.0
7.5;75.8;26.8;0.0
7.5;89.8;29.4;0.0
6.6;97.3;29.6;0.0
6.6;108.0;41.4;0.0
6.6;120.7;49.1;0.0
74.0;141.0;35.8;0.0
36.6;149.8;12.0;0.0
6.6;165.3;43.2;0.0
8.3;167.5;2.7;0.0
0.0;167.5;0.0;0.0
0.0;167.5;0.0;0.0
0.0;167.5;0.0;0.0
0.0;167.5;0.0;0.0
0.0;167.5;0.0;0.0
0.0;167.5;0.0;0.0
0.0;167.5;0.0;0.0
0.0;167.6;1.7;0.0
0.0;167.6;0.0;0.0
0.0;167.6;0.0;0.0
0.0;167.6;0.4;0.0
0.0;167.6;0.4;0.0
7.5;167.8;0.0;0.0
8.3;168.0;0.0;0.0
8.3;168.0;0.0;0.0
9.1;168.0;0.0;0.0
8.3;168.0;0.0;0.0
8.3;168.0;0.0;0.0
8.3;168.0;0.0;0.0
6.6;168.6;1.4;0.0
0.0;168.6;0.0;0.0
0.0;168.6;0.0;0.0
0.0;168.6;0.0;0.0
0.0;168.6;0.0;0.0
0.0;168.6;0.0;0.0
0.0;168.6;0.0;0.0
0.8;168.6;1.7;0.0
0.0;168.6;0.0;0.0
0.0;168.6;0.0;0.0
0.0;168.6;0.0;0.0
4.2;168.9;0.9;0.0
8.3;203.5;21.1;4.0
8.3;203.7;793.5;0.0
8.3;203.7;811.5;0.0
7.5;204.2;278.8;0.0
8.3;204.2;344.4;0.0
8.3;204.2;347.7;0.0
8.3;204.2;262.4;0.0
8.3;204.2;339.0;0.0
8.3;204.2;351.8;0.0
8.3;204.2;366.2;0.0
8.3;204.2;377.9;0.0
8.3;204.2;362.3;0.0
8.3;235.8;120.9;0.0
8.3;235.8;0.4;132.0
8.3;235.8;0.6;192.0
8.3;235.8;0.2;64.0
8.3;205.5;0.5;68.0
8.3;0.0;0.0;0.0
0.0;0.0;0.0;0.0
