19.1;42.7;27.3;0.0
7.5;58.2;33.1;0.0
7.5;69.0;26.9;0.0
7.5;80.9;27.4;0.0
7.5;90.4;39.7;0.0
6.6;101.0;45.2;0.0
20.0;125.0;36.4;0.0
88.9;137.2;32.5;0.0
7.5;144.3;20.6;0.0
8.3;157.6;29.2;0.0
2.5;158.9;2.3;0.0
0.0;158.9;0.0;0.0
0.0;158.9;0.0;0.0
0.0;158.9;0.0;0.0
0.0;158.9;0.0;0.0
0.0;158.9;0.0;0.0
0.0;158.9;0.0;0.0
0.0;159.0;1.6;0.0
0.0;159.0;0.0;0.0
0.0;159.0;0.0;0.0
0.0;159.0;0.0;0.0
4.1;159.2;0.9;0.0
8.3;159.2;0.0;0.0
8.3;159.3;0.0;0.0
8.3;159.3;0.0;0.0
8.3;159.3;0.0;0.0
8.3;159.3;0.0;0.0
8.3;159.3;0.0;0.0
8.3;159.3;0.0;0.0
6.6;160.0;1.4;0.0
0.0;160.0;0.0;0.0
0.0;160.0;0.0;0.0
0.0;160.0;0.0;0.0
0.0;160.0;0.0;0.0
0.0;160.0;0.0;0.0
0.0;160.0;0.0;0.0
0.0;160.0;1.7;0.0
0.0;160.0;0.0;0.0
0.0;160.0;0.0;0.0
0.0;160.0;0.0;0.0
0.0;160.0;0.4;0.0
3.3;160.3;0.6;0.0
9.2;194.8;27.6;4.0
8.3;195.0;762.4;0.0
8.3;195.2;741.4;0.0
8.3;195.4;338.2;0.0
8.3;195.4;329.2;0.0
8.3;195.4;342.4;0.0
8.3;196.0;335.6;0.0
8.3;196.0;245.2;0.0
8.3;196.0;358.2;0.0
8.3;196.0;378.6;0.0
8.3;196.0;368.3;0.0
8.3;196.0;378.1;0.0
8.3;227.2;268.5;0.0
8.3;227.2;0.0;0.0
8.3;227.2;0.8;260.0
8.3;227.2;0.6;192.0
8.3;196.9;0.5;68.0
8.3;196.9;0.0;0.0
