16.6;50.1;33.0;0.0
7.5;65.9;32.2;0.0
6.6;68.3;23.0;0.0
8.3;79.0;25.6;0.0
6.6;88.0;35.5;0.0
6.6;98.1;43.8;0.0
13.3;115.6;35.5;0.0
95.4;130.7;39.0;0.0
9.1;137.2;9.8;0.0
7.5;152.0;40.0;0.0
4.1;153.3;2.3;0.0
0.0;153.3;0.0;0.0
0.0;153.3;0.0;0.0
0.0;153.3;0.0;0.0
0.0;153.3;0.0;0.0
0.0;153.3;0.0;0.0
0.0;153.3;0.0;0.0
0.0;153.4;1.8;0.0
0.0;153.4;0.0;0.0
0.0;153.4;0.0;0.0
0.0;153.4;0.0;0.0
2.5;153.6;0.8;0.0
8.3;153.6;0.0;0.0
8.3;153.8;0.0;0.0
8.3;153.8;0.0;0.0
8.3;153.8;0.0;0.0
8.3;153.8;0.0;0.0
8.3;153.8;0.0;0.0
8.3;153.8;0.0;0.0
5.8;154.3;1.4;0.0
0.0;154.3;0.0;0.0
0.0;154.3;0.0;0.0
0.0;154.3;0.0;0.0
0.0;154.3;0.0;0.0
0.0;154.3;0.0;0.0
0.0;154.3;0.0;0.0
0.0;154.3;1.7;0.0
0.0;154.3;0.0;0.0
0.0;154.3;0.0;0.0
0.0;154.3;0.0;0.0
5.0;156.8;1.3;4.0
8.3;189.2;141.6;0.0
8.3;189.4;807.5;0.0
8.3;190.0;692.9;0.0
8.3;190.0;339.5;0.0
8.3;190.0;353.2;0.0
8.3;190.0;309.8;0.0
8.3;190.0;231.8;0.0
8.3;190.0;349.9;0.0
8.3;190.0;365.1;0.0
8.3;190.0;365.8;0.0
8.3;190.0;364.9;0.0
8.3;190.0;382.1;0.0
8.3;221.7;120.9;0.0
8.3;221.7;0.4;132.0
8.3;221.7;0.8;256.0
9.1;221.7;0.2;64.0
8.3;191.3;0.3;56.0
6.6;0.0;0.0;0.0
0.0;0.0;0.0;0.0
