7.5;54.8;34.6;0.0
6.6;67.2;28.5;0.0
6.6;79.4;20.0;0.0
8.3;87.4;34.6;0.0
5.8;97.4;37.6;0.0
8.3;106.9;41.7;0.0
48.3;129.3;40.7;0.0
61.4;139.0;19.7;0.0
7.5;152.2;39.7;0.0
8.3;159.2;11.4;0.0
0.0;159.2;0.1;0.0
0.0;159.2;0.0;0.0
0.0;159.2;0.0;0.0
0.0;159.2;0.0;0.0
0.0;159.2;0.0;0.0
0.0;159.2;0.0;0.0
0.0;159.2;0.0;0.0
0.0;159.3;1.8;0.0
0.0;159.3;0.0;0.0
0.0;159.3;0.0;0.0
0.0;159.3;0.0;0.0
7.5;159.5;1.0;0.0
8.3;159.6;0.0;0.0
8.3;159.6;0.0;0.0
8.3;159.6;0.0;0.0
8.3;159.6;0.0;0.0
8.3;159.6;0.0;0.0
8.3;159.6;0.0;0.0
8.3;159.7;1.4;0.0
2.5;160.3;0.0;0.0
0.0;160.3;0.0;0.0
0.0;160.3;0.0;0.0
0.0;160.3;0.0;0.0
0.0;160.3;0.0;0.0
0.0;160.3;0.0;0.0
0.0;160.3;0.0;0.0
0.0;160.3;1.9;0.0
0.0;160.3;0.0;0.0
0.0;160.3;0.0;0.0
0.0;160.3;0.9;0.0
7.5;161.2;0.3;4.0
8.3;193.3;315.8;0.0
8.3;193.5;848.6;0.0
8.3;193.9;587.3;0.0
8.3;193.9;356.4;0.0
8.3;193.9;355.6;0.0
8.3;193.9;343.6;0.0
8.3;193.9;203.0;0.0
8.3;193.9;328.6;0.0
8.3;193.9;358.0;0.0
8.3;193.9;379.8;0.0
8.3;193.9;384.6;0.0
8.3;193.9;371.8;0.0
8.3;225.6;88.7;0.0
8.3;225.6;0.6;196.0
8.3;225.6;0.6;192.0
8.3;225.6;0.2;64.0
9.1;195.3;0.3;60.0
7.5;0.0;0.0;0.0
0.0;0.0;0.0;0.0
