24.9;42.5;27.1;0.0
7.5;56.8;29.0;0.0
7.5;65.4;28.9;0.0
8.3;79.0;27.6;0.0
6.6;86.8;34.6;0.0
6.6;96.5;42.4;0.0
7.5;108.7;37.5;0.0
97.4;135.5;41.2;0.0
11.6;141.9;9.8;0.0
7.5;156.4;40.0;0.0
4.1;157.7;2.3;0.0
0.0;157.7;0.0;0.0
0.0;157.7;0.0;0.0
0.0;157.7;0.0;0.0
0.0;157.7;0.0;0.0
0.0;157.7;0.0;0.0
0.0;157.7;0.0;0.0
0.0;157.7;0.8;0.0
0.0;157.8;0.9;0.0
0.0;157.8;0.0;0.0
0.0;157.8;0.0;0.0
2.5;158.0;0.8;0.0
8.3;158.0;0.0;0.0
8.3;158.2;0.0;0.0
8.3;158.2;0.0;0.0
8.3;158.2;0.0;0.0
8.3;158.2;0.0;0.0
8.3;158.2;0.0;0.0
8.3;158.2;0.0;0.0
8.3;158.8;1.4;0.0
0.0;158.8;0.0;0.0
0.0;158.8;0.0;0.0
0.0;158.8;0.0;0.0
0.0;158.8;0.0;0.0
0.0;158.8;0.0;0.0
0.0;158.8;0.0;0.0
0.8;158.8;1.7;0.0
0.0;158.8;0.0;0.0
0.0;158.8;0.0;0.0
0.0;158.8;0.0;0.0
3.3;159.1;0.9;0.0
7.5;191.9;16.6;4.0
8.3;191.9;851.5;0.0
8.3;192.2;792.2;0.0
8.3;192.5;309.3;0.0
8.3;192.5;344.6;0.0
8.3;192.5;360.2;0.0
8.3;192.5;237.0;0.0
8.3;192.5;371.2;0.0
8.3;192.5;352.8;0.0
8.3;192.5;379.5;0.0
8.3;192.5;374.7;0.0
8.3;192.5;384.4;0.0
8.3;224.2;104.5;0.0
8.3;224.2;0.4;132.0
8.3;224.2;0.8;256.0
8.3;224.2;0.2;64.0
8.3;193.9;0.5;68.0
8.3;0.0;0.0;0.0
0.8;0.0;0.0;0.0
