18.3;43.3;27.0;0.0
6.6;58.6;29.9;0.0
6.6;66.4;29.3;0.0
7.5;80.8;29.8;0.0
7.5;88.4;30.4;0.0
6.6;97.6;37.8;0.0
7.5;109.8;47.3;0.0
83.2;129.3;37.8;0.0
26.6;137.5;10.4;0.0
7.5;152.3;42.8;0.0
7.5;154.4;2.7;0.0
0.0;154.4;0.0;0.0
0.0;154.4;0.0;0.0
0.0;154.4;0.0;0.0
0.0;154.4;0.0;0.0
0.0;154.4;0.0;0.0
0.0;154.4;0.0;0.0
0.0;154.4;0.0;0.0
0.0;154.4;1.8;0.0
0.0;154.4;0.0;0.0
0.0;154.4;0.0;0.0
0.0;154.4;0.0;0.0
6.6;154.7;0.9;0.0
8.3;154.8;0.0;0.0
8.3;154.8;0.0;0.0
8.3;154.8;0.0;0.0
8.3;154.8;0.0;0.0
8.3;154.8;0.0;0.0
8.3;154.8;0.0;0.0
9.1;154.9;1.4;0.0
1.7;155.5;0.0;0.0
0.0;155.5;0.0;0.0
0.0;155.5;0.0;0.0
0.0;155.5;0.0;0.0
0.0;155.5;0.0;0.0
0.0;155.5;0.0;0.0
0.0;155.5;0.0;0.0
0.0;155.5;1.8;0.0
0.0;155.5;0.0;0.0
0.0;155.5;0.0;0.0
0.8;155.7;0.9;0.0
7.5;158.7;0.3;4.0
8.3;190.5;393.4;0.0
7.5;190.7;816.0;0.0
9.1;191.1;541.7;0.0
8.3;191.1;346.4;0.0
9.1;191.1;353.0;0.0
8.3;191.1;364.0;0.0
8.3;191.1;244.8;0.0
8.3;191.1;372.5;0.0
8.3;191.1;363.7;0.0
8.3;191.1;378.0;0.0
8.3;191.1;376.2;0.0
8.3;222.6;320.1;0.0
7.5;222.8;0.0;0.0
8.3;222.8;0.6;196.0
8.3;222.8;0.6;192.0
8.3;192.5;0.5;72.0
8.3;192.5;0.0;0.0
6.6;0.0;0.0;0.0
