5.8;51.5;34.5;0.0
8.3;65.9;29.1;0.0
5.8;75.1;21.8;0.0
8.3;86.7;26.3;0.0
5.8;95.9;38.1;0.0
8.3;106.6;46.6;0.0
19.1;123.2;37.9;0.0
88.9;135.3;31.2;0.0
7.5;141.2;17.8;0.0
8.3;155.5;32.0;0.0
4.2;156.8;2.3;0.0
0.0;156.8;0.0;0.0
0.0;156.8;0.0;0.0
0.0;156.8;0.0;0.0
0.0;156.8;0.0;0.0
0.0;156.8;0.0;0.0
0.0;156.8;0.0;0.0
0.0;157.1;1.9;0.0
0.0;157.1;0.0;0.0
0.0;157.1;0.0;0.0
0.0;157.1;0.0;0.0
2.5;157.3;1.0;0.0
8.3;157.3;0.0;0.0
9.1;157.5;0.0;0.0
8.3;157.5;0.0;0.0
8.3;157.5;0.0;0.0
8.3;157.5;0.0;0.0
8.3;157.5;0.0;0.0
9.2;157.5;1.1;0.0
4.1;158.0;0.3;0.0
0.0;158.0;0.0;0.0
0.0;158.0;0.0;0.0
0.0;158.0;0.0;0.0
0.0;158.0;0.0;0.0
0.0;158.0;0.0;0.0
0.0;158.0;0.0;0.0
0.8;158.0;1.6;0.0
0.0;158.0;0.0;0.0
0.0;158.0;0.0;0.0
0.0;158.0;0.0;0.0
4.2;158.3;1.2;4.0
8.3;192.9;157.8;0.0
8.3;193.2;812.0;0.0
8.3;193.8;678.9;0.0
8.3;193.8;336.7;0.0
8.3;193.8;350.5;0.0
8.3;193.8;353.2;0.0
8.3;193.8;240.0;0.0
8.3;193.8;363.6;0.0
9.1;193.8;361.4;0.0
8.3;193.8;386.3;0.0
8.3;193.8;373.1;0.0
8.3;193.8;387.2;0.0
8.3;225.3;24.3;0.0
8.3;225.3;0.6;196.0
8.3;225.3;0.6;192.0
8.3;195.0;0.5;116.0
8.3;195.0;0.0;0.0
6.6;0.0;0.0;0.0
0.0;0.0;0.0;0.0
