5.8;56.4;35.3;0.0
8.3;70.4;28.1;0.0
5.8;79.4;23.1;0.0
9.1;88.9;24.6;0.0
5.8;97.9;36.9;0.0
7.5;107.8;41.2;0.0
7.5;116.4;34.1;0.0
98.2;138.9;39.3;0.0
12.5;145.9;8.9;0.0
7.5;159.6;41.3;0.0
7.5;163.1;4.2;0.0
0.0;163.1;0.0;0.0
0.0;163.1;0.0;0.0
0.0;163.1;0.0;0.0
0.0;163.1;0.0;0.0
0.0;163.1;0.0;0.0
0.0;163.1;0.0;0.0
0.0;163.1;0.0;0.0
0.0;163.2;1.7;0.0
0.0;163.2;0.0;0.0
0.0;163.2;0.0;0.0
0.0;163.2;0.0;0.0
7.5;163.4;0.9;0.0
8.3;163.6;0.0;0.0
8.3;163.6;0.0;0.0
8.3;163.6;0.0;0.0
8.3;163.6;0.0;0.0
8.3;163.6;0.0;0.0
8.3;163.6;0.0;0.0
8.3;163.6;1.4;0.0
2.5;164.2;0.0;0.0
0.0;164.2;0.0;0.0
0.0;164.2;0.0;0.0
0.0;164.2;0.0;0.0
0.0;164.2;0.0;0.0
0.0;164.2;0.0;0.0
0.0;164.2;0.0;0.0
0.0;164.2;1.7;0.0
0.0;164.2;0.0;0.0
0.0;164.2;0.0;0.0
0.8;164.2;0.9;0.0
8.3;165.5;0.3;4.0
9.1;197.3;561.6;0.0
9.1;197.3;825.9;0.0
8.3;197.8;438.1;0.0
8.3;197.8;350.1;0.0
8.3;197.8;357.7;0.0
8.3;197.8;337.9;0.0
8.3;197.8;244.8;0.0
8.3;197.8;371.8;0.0
7.5;197.8;363.8;0.0
8.3;197.8;345.8;0.0
8.3;197.8;339.2;0.0
8.3;229.2;336.1;0.0
8.3;229.4;0.2;68.0
8.3;229.4;0.6;192.0
8.3;229.4;0.6;192.0
8.3;199.1;0.5;68.0
8.3;199.1;0.0;0.0
4.1;0.0;0.0;0.0
