23.3;49.1;31.3;0.0
8.3;63.9;29.6;0.0
6.6;70.7;25.4;0.0
7.5;83.3;26.9;0.0
5.8;91.7;35.9;0.0
6.6;102.6;43.6;0.0
7.5;111.2;34.5;0.0
92.4;141.3;41.2;0.0
13.3;147.9;9.8;0.0
7.5;162.9;40.0;0.0
5.0;164.0;2.3;0.0
0.0;164.0;0.0;0.0
0.0;164.0;0.0;0.0
0.0;164.0;0.0;0.0
0.0;164.0;0.0;0.0
0.0;164.0;0.0;0.0
0.0;164.0;0.0;0.0
0.8;164.2;1.7;0.0
0.0;164.2;0.0;0.0
0.0;164.2;0.0;0.0
0.0;164.2;0.0;0.0
1.7;164.4;0.8;0.0
8.3;164.4;0.0;0.0
8.3;164.6;0.0;0.0
8.3;164.6;0.0;0.0
8.3;164.6;0.0;0.0
8.3;164.6;0.0;0.0
8.3;164.6;0.0;0.0
8.3;164.6;0.0;0.0
8.3;165.2;1.4;0.0
0.0;165.2;0.0;0.0
0.0;165.2;0.0;0.0
0.0;165.2;0.0;0.0
0.0;165.2;0.0;0.0
0.0;165.2;0.0;0.0
0.0;165.2;0.0;0.0
0.0;165.2;1.7;0.0
0.0;165.2;0.0;0.0
0.0;165.2;0.0;0.0
0.0;165.2;0.0;0.0
3.3;165.5;0.8;0.0
8.3;198.3;23.7;4.0
8.3;198.5;830.4;0.0
7.5;198.6;806.2;0.0
8.3;198.9;307.0;0.0
8.3;198.9;335.5;0.0
8.3;198.9;349.4;0.0
9.1;198.9;236.6;0.0
8.3;198.9;341.4;0.0
8.3;198.9;333.1;0.0
8.3;198.9;318.9;0.0
8.3;198.9;355.0;0.0
7.5;198.9;388.9;0.0
8.3;230.4;252.4;0.0
8.3;230.7;0.2;68.0
9.1;230.7;0.8;256.0
8.3;230.7;0.4;128.0
8.3;200.3;0.3;48.0
9.1;169.5;0.0;0.0
0.8;0.0;0.0;0.0
