7.5;57.4;35.9;0.0
7.5;69.3;28.4;0.0
7.5;74.7;25.7;0.0
6.7;82.1;30.3;0.0
7.5;93.1;40.8;0.0
7.5;106.8;53.5;0.0
73.2;127.7;30.8;0.0
35.7;137.6;17.0;0.0
8.3;153.5;43.2;0.0
6.6;155.7;2.7;0.0
0.0;155.7;0.0;0.0
0.0;155.7;0.0;0.0
0.0;155.7;0.0;0.0
0.0;155.7;0.0;0.0
0.0;155.7;0.0;0.0
0.0;155.7;0.0;0.0
0.0;155.7;0.0;0.0
0.0;155.9;1.8;0.0
0.0;155.9;0.0;0.0
0.0;155.9;0.0;0.0
0.8;156.1;0.8;0.0
8.3;156.1;0.0;0.0
8.3;156.3;0.0;0.0
8.3;156.3;0.0;0.0
8.3;156.3;0.0;0.0
8.3;156.3;0.0;0.0
8.3;156.3;0.0;0.0
8.3;156.3;0.0;0.0
8.3;156.3;1.4;0.0
0.8;156.8;0.0;0.0
0.0;156.8;0.0;0.0
0.0;156.8;0.0;0.0
0.0;156.8;0.0;0.0
0.0;156.8;0.0;0.0
0.0;156.8;0.0;0.0
0.0;156.8;1.0;0.0
0.8;156.8;0.8;0.0
0.0;156.8;0.0;0.0
0.0;156.8;0.0;0.0
1.7;157.1;0.9;0.0
8.3;160.7;0.3;4.0
7.5;192.0;670.6;0.0
8.3;192.1;800.9;0.0
8.3;192.5;395.8;0.0
8.3;192.5;346.8;0.0
8.3;192.5;333.0;0.0
8.3;192.5;260.2;0.0
8.3;192.5;323.8;0.0
8.3;192.5;372.0;0.0
8.3;192.5;326.4;0.0
8.3;192.5;365.6;0.0
8.3;192.5;388.0;0.0
9.2;223.6;337.9;0.0
8.3;224.3;0.8;0.0
8.3;224.3;0.8;260.0
8.3;224.3;0.6;192.0
8.3;193.9;0.3;60.0
8.3;193.9;0.0;0.0
5.0;0.0;0.0;0.0
0.0;0.0;0.0;0.0
