17.5;46.6;27.8;0.0
8.3;61.7;32.2;0.0
6.6;71.1;26.2;0.0
8.3;84.4;27.2;0.0
5.8;92.7;35.8;0.0
7.5;104.1;45.2;0.0
17.1;126.9;39.7;0.0
91.4;141.3;35.0;0.0
8.3;147.3;17.6;0.0
7.5;161.7;32.3;0.0
3.3;162.9;2.3;0.0
0.0;162.9;0.0;0.0
0.0;162.9;0.0;0.0
0.0;162.9;0.0;0.0
0.0;162.9;0.0;0.0
0.0;162.9;0.0;0.0
0.0;162.9;0.0;0.0
0.0;163.1;1.8;0.0
0.0;163.1;0.0;0.0
0.0;163.1;0.0;0.0
0.0;163.1;0.0;0.0
3.3;163.3;0.8;0.0
8.3;163.3;0.0;0.0
8.3;163.5;0.0;0.0
8.3;163.5;0.0;0.0
8.3;163.5;0.0;0.0
8.3;163.5;0.0;0.0
8.3;163.5;0.0;0.0
8.3;163.5;1.4;0.0
3.3;163.9;0.0;0.0
0.0;163.9;0.0;0.0
0.0;163.9;0.0;0.0
0.0;163.9;0.0;0.0
0.0;163.9;0.0;0.0
0.0;163.9;0.0;0.0
0.0;163.9;0.0;0.0
0.8;163.9;1.8;0.0
0.0;163.9;0.0;0.0
0.0;163.9;0.0;0.0
0.0;163.9;0.0;0.0
7.5;166.9;1.1;4.0
7.5;199.0;389.8;0.0
8.3;199.0;831.5;0.0
8.3;199.7;520.2;0.0
8.3;199.7;344.8;0.0
8.3;199.7;352.4;0.0
8.3;199.7;343.4;0.0
8.3;199.7;243.1;0.0
8.3;199.7;346.9;0.0
8.3;199.7;372.2;0.0
8.3;199.7;370.4;0.0
8.3;199.7;347.4;0.0
9.1;230.9;315.1;0.0
8.3;231.4;0.6;0.0
8.3;231.4;0.6;196.0
8.3;231.4;0.6;192.0
8.3;201.0;0.5;72.0
8.3;201.0;0.0;0.0
4.2;0.0;0.0;0.0
0.0;0.0;0.0;0.0
