7.5;59.5;32.6;0.0
6.6;65.7;29.6;0.0
7.5;79.7;27.0;0.0
6.6;86.9;28.0;0.0
6.6;96.6;38.0;0.0
7.5;108.3;45.5;0.0
59.9;128.6;36.5;0.0
49.1;137.9;14.7;0.0
8.3;149.5;38.7;0.0
8.3;156.7;10.4;0.0
0.0;157.2;1.4;0.0
0.0;157.2;0.0;0.0
0.0;157.2;0.0;0.0
0.0;157.2;0.0;0.0
0.0;157.2;0.0;0.0
0.0;157.2;0.0;0.0
0.0;157.2;0.0;0.0
0.8;157.3;1.7;0.0
0.0;157.3;0.0;0.0
0.0;157.3;0.0;0.0
0.0;157.3;0.0;0.0
5.8;157.5;0.9;0.0
8.3;157.7;0.0;0.0
8.3;157.7;0.0;0.0
8.3;157.7;0.0;0.0
9.2;157.7;0.0;0.0
8.3;157.7;0.0;0.0
8.3;157.7;0.0;0.0
8.3;157.7;1.4;0.0
2.5;158.3;0.0;0.0
0.0;158.3;0.0;0.0
0.0;158.3;0.0;0.0
0.0;158.3;0.0;0.0
0.0;158.3;0.0;0.0
0.0;158.3;0.0;0.0
0.0;158.3;0.0;0.0
0.0;158.3;1.8;0.0
0.0;158.3;0.0;0.0
0.0;158.3;0.0;0.0
0.8;158.3;1.0;0.0
7.5;159.2;0.3;4.0
8.3;191.4;302.0;0.0
8.3;191.4;852.7;0.0
8.3;191.8;579.6;0.0
8.3;191.8;351.2;0.0
8.3;191.8;361.5;0.0
8.3;191.8;368.1;0.0
8.3;192.3;244.8;0.0
8.3;192.3;357.4;0.0
8.3;192.3;375.4;0.0
8.3;192.3;362.2;0.0
8.3;192.3;378.0;0.0
8.3;223.0;338.7;0.0
8.3;223.5;0.0;0.0
8.3;223.5;0.8;260.0
9.1;223.5;0.6;192.0
8.3;193.2;0.3;56.0
8.3;193.2;0.0;0.0
3.3;0.0;0.0;0.0
0.0;0.0;0.0;0.0
