19.1;47.9;30.9;0.0
7.5;63.7;32.5;0.0
6.6;66.4;23.2;0.0
7.5;77.5;25.8;0.0
6.6;86.9;39.7;0.0
7.5;97.2;44.4;0.0
14.2;116.9;29.7;0.0
93.1;133.6;40.0;0.0
8.3;139.8;13.0;0.0
8.3;154.4;36.8;0.0
3.3;155.5;2.3;0.0
0.0;155.5;0.0;0.0
0.0;155.5;0.0;0.0
0.0;155.5;0.0;0.0
0.0;155.5;0.0;0.0
0.0;155.5;0.0;0.0
0.0;155.5;0.0;0.0
0.0;155.9;1.8;0.0
0.0;155.9;0.0;0.0
0.0;155.9;0.0;0.0
0.0;155.9;0.0;0.0
3.3;156.1;0.8;0.0
8.3;156.1;0.0;0.0
8.3;156.2;0.0;0.0
8.3;156.2;0.0;0.0
8.3;156.2;0.0;0.0
8.3;156.2;0.0;0.0
8.3;156.2;0.0;0.0
8.3;156.2;0.0;0.0
8.3;156.3;1.4;0.0
0.8;156.8;0.0;0.0
0.0;156.8;0.0;0.0
0.0;156.8;0.0;0.0
0.0;156.8;0.0;0.0
0.0;156.8;0.0;0.0
0.0;156.8;0.0;0.0
0.0;156.8;1.7;0.0
0.0;156.8;0.0;0.0
0.0;156.8;0.0;0.0
0.0;156.8;0.0;0.0
2.5;157.1;0.9;0.0
8.3;163.0;0.3;4.0
7.5;193.9;723.4;0.0
8.3;194.1;843.9;0.0
8.3;194.4;336.7;0.0
8.3;194.4;310.1;0.0
9.1;194.4;325.8;0.0
8.3;194.9;267.4;0.0
8.3;194.9;339.4;0.0
8.3;194.9;378.6;0.0
8.3;194.9;374.2;0.0
8.3;194.9;364.8;0.0
8.3;194.9;379.0;0.0
8.3;226.2;278.5;0.0
8.3;226.2;0.2;68.0
8.3;226.2;0.8;256.0
8.3;226.2;0.4;128.0
8.3;195.9;0.3;60.0
8.3;195.9;0.0;0.0
3.3;0.0;0.0;0.0
