6.6;53.3;34.6;0.0
7.5;65.3;24.3;0.0
5.8;68.8;22.4;0.0
9.1;78.2;27.6;0.0
5.0;89.6;47.9;0.0
7.5;100.1;45.0;0.0
50.8;124.8;41.3;0.0
57.4;133.8;16.4;0.0
7.5;145.3;36.5;0.0
8.3;154.1;14.3;0.0
0.0;154.1;0.3;0.0
0.0;154.1;0.0;0.0
0.0;154.1;0.0;0.0
0.0;154.1;0.0;0.0
0.0;154.1;0.0;0.0
0.0;154.1;0.0;0.0
0.0;154.1;0.0;0.0
0.0;154.3;1.7;0.0
0.0;154.3;0.0;0.0
0.0;154.3;0.0;0.0
0.0;154.3;0.0;0.0
5.8;154.5;0.9;0.0
8.3;154.6;0.0;0.0
8.3;154.6;0.0;0.0
8.3;154.6;0.0;0.0
8.3;154.6;0.0;0.0
8.3;154.6;0.0;0.0
8.3;154.6;0.0;0.0
8.3;154.7;1.4;0.0
1.7;155.3;0.0;0.0
0.0;155.3;0.0;0.0
0.0;155.3;0.0;0.0
0.0;155.3;0.0;0.0
0.0;155.3;0.0;0.0
0.0;155.3;0.0;0.0
0.0;155.3;0.0;0.0
0.0;155.3;1.7;0.0
0.0;155.3;0.0;0.0
0.0;155.3;0.0;0.0
0.8;155.3;0.8;0.0
8.3;160.9;0.3;4.0
8.3;192.4;537.5;0.0
8.3;192.5;852.0;0.0
8.3;192.9;344.8;0.0
8.3;192.9;318.2;0.0
8.3;192.9;322.1;0.0
8.3;192.9;349.9;0.0
8.3;192.9;246.8;0.0
8.3;192.9;354.8;0.0
8.3;192.9;361.4;0.0
8.3;192.9;385.2;0.0
8.3;192.9;379.3;0.0
8.3;192.9;376.5;0.0
8.3;224.7;43.1;0.0
8.3;224.7;0.6;196.0
8.3;224.7;0.6;192.0
8.3;194.3;0.5;68.0
8.3;194.3;0.0;0.0
5.8;0.0;0.0;0.0
0.0;0.0;0.0;0.0
